89 178
14 37
12 62
8 163
13 50
7 115
11 154
3 54
1 88
3 21
3 139
6 121
4 175
4 29
3 126
10 39
8 174
11 29
6 48
7 120
10 175
4 49
7 5
3 14
10 134
14 132
13 165
13 152
2 123
14 129
7 91
11 72
2 51
8 91
14 108
2 12
12 104
4 132
8 6
5 177
4 59
4 44
14 15
3 161
14 108
12 18
4 121
14 45
12 170
3 15
8 164
14 162
2 143
7 147
11 166
9 65
10 128
8 5
2 19
8 56
14 61
6 86
7 103
7 56
11 106
10 104
11 142
6 47
5 149
13 15
10 67
5 73
14 150
14 13
1 49
3 23
7 53
14 142
3 37
2 118
8 94
5 68
6 145
1 112
2 71
5 122
4 15
3 131
2 169
11 17
