88 176
3 81
2 117
9 112
6 159
13 9
6 31
12 19
5 118
6 92
12 161
1 117
14 51
11 59
14 161
1 147
13 7
5 122
10 104
10 110
11 69
5 31
7 45
8 124
7 36
7 174
3 123
9 46
12 171
11 173
2 74
2 170
3 65
6 127
5 118
8 105
10 160
7 142
8 74
11 5
7 72
2 146
1 95
9 161
14 82
13 97
12 159
14 30
11 121
2 126
6 81
8 168
5 113
2 121
11 54
2 48
10 100
2 2
3 59
4 56
2 136
3 100
5 38
1 102
10 122
4 2
13 103
3 112
12 164
6 156
3 83
12 30
12 99
3 162
4 119
5 173
9 32
3 49
12 71
8 57
6 2
5 118
10 134
4 24
2 167
14 53
1 122
8 96
5 118
