87 174
5 56
6 119
1 116
4 126
6 68
7 23
7 30
2 75
4 97
12 148
14 87
1 153
1 37
14 81
2 48
5 79
6 83
8 32
7 61
6 85
7 89
5 151
2 131
9 71
7 110
10 173
7 160
5 30
5 29
7 112
3 106
1 73
2 151
8 151
10 26
11 19
8 40
2 54
14 148
8 11
9 172
11 33
11 166
9 103
6 59
10 64
13 134
2 77
10 164
9 92
13 158
12 103
11 49
4 24
11 147
7 4
9 38
7 18
11 155
1 102
7 25
12 20
11 61
13 150
7 48
12 24
10 74
4 13
4 173
13 62
1 70
8 108
2 148
14 121
1 118
11 163
14 152
6 94
2 41
1 132
7 141
9 66
6 155
11 57
12 41
8 80
10 55
