97 194
11 137
13 57
2 155
9 184
14 90
9 14
12 70
10 22
4 155
11 84
2 145
1 133
7 64
9 31
5 169
5 72
12 171
4 118
8 36
1 81
7 22
7 83
14 19
4 31
13 21
3 3
11 27
10 151
8 36
2 155
2 11
11 80
9 191
4 59
1 141
2 133
14 108
6 185
14 173
12 175
8 185
10 183
11 58
11 109
2 23
3 88
2 125
1 32
2 127
8 155
12 157
8 70
5 10
7 135
13 44
8 176
11 54
6 10
5 11
6 130
3 154
4 83
11 107
7 76
7 48
2 52
11 163
6 125
9 173
9 130
8 68
3 6
13 74
3 85
10 133
2 23
12 140
5 16
8 48
10 10
10 95
8 53
3 15
10 109
1 57
11 37
9 126
12 11
14 182
3 42
9 170
3 1
12 138
7 131
6 186
5 151
10 32
