96 192
7 21
10 105
5 123
3 102
9 3
10 40
8 21
2 80
13 78
13 46
1 170
6 148
3 26
11 24
2 70
4 62
6 5
3 19
11 78
3 119
13 97
9 164
4 89
9 85
10 136
2 22
13 169
9 64
5 85
6 98
14 155
2 16
11 123
5 110
12 6
2 151
1 155
12 44
13 138
3 174
5 146
4 162
4 69
7 136
9 126
1 100
3 118
12 160
10 172
7 114
10 112
12 19
13 36
3 106
6 186
10 84
2 18
10 92
11 42
1 20
14 124
13 73
9 45
6 117
14 114
11 75
9 40
5 189
1 126
4 131
3 161
5 114
11 31
2 7
3 39
10 9
7 89
7 50
10 22
14 8
4 133
10 156
5 128
11 2
9 166
1 9
6 100
7 146
7 187
7 7
4 36
12 117
6 67
6 45
14 2
8 76
