90 180
5 29
8 84
2 101
9 104
13 87
1 146
10 120
7 103
11 151
12 159
6 80
4 162
7 124
8 166
1 167
14 66
14 28
10 11
13 146
6 141
5 86
7 130
9 84
12 161
14 145
1 10
4 89
12 125
14 144
9 137
11 174
14 6
2 27
13 25
11 68
3 109
8 103
13 58
12 49
12 167
3 93
7 82
2 73
3 139
4 89
3 53
5 133
2 148
8 81
6 79
7 45
14 77
6 166
14 30
4 43
8 101
1 173
7 141
8 34
11 119
4 98
11 139
12 109
6 157
5 174
10 117
3 33
8 27
3 21
12 99
9 168
14 49
5 173
12 73
3 162
12 79
10 173
11 9
8 117
12 83
9 112
13 125
12 127
10 26
2 4
14 143
13 81
3 125
7 123
3 138
