98 196
1 15
1 170
11 154
6 170
14 137
9 164
14 134
14 161
6 165
12 123
2 134
5 134
9 28
11 96
7 141
8 83
9 89
14 183
4 95
1 25
11 174
4 102
9 71
6 18
9 109
1 163
3 151
2 44
5 59
14 4
10 17
12 44
6 183
11 56
9 26
8 94
3 118
12 54
14 68
2 165
10 127
1 175
12 177
7 134
7 122
11 111
11 105
12 186
10 83
13 79
11 115
6 83
13 13
2 89
9 193
10 31
9 119
1 168
7 113
7 31
5 158
3 36
11 187
13 63
1 124
3 135
6 161
5 144
9 153
8 155
6 145
11 111
14 44
9 106
14 99
14 141
1 37
9 120
12 52
6 14
12 2
4 100
1 13
9 96
1 9
13 179
12 129
8 116
11 99
4 188
14 191
7 173
13 70
8 91
6 130
4 59
5 47
13 18
