86 172
1 136
13 152
4 6
9 81
3 52
12 115
9 14
11 50
9 76
3 93
3 70
10 6
13 113
4 45
10 99
12 109
6 55
6 16
2 37
7 9
3 140
7 6
9 148
11 43
9 114
13 25
12 24
5 96
6 132
1 84
5 78
8 145
6 142
8 88
13 82
11 124
7 146
2 81
1 76
6 162
14 131
14 123
4 165
11 82
10 104
1 108
2 86
14 110
13 157
9 141
8 68
13 151
6 18
12 42
5 61
12 136
14 42
4 106
3 55
10 13
13 3
1 124
6 58
8 48
3 170
10 152
13 39
8 27
4 13
14 42
4 117
10 55
12 55
10 117
7 104
14 145
8 58
11 72
9 92
13 92
2 146
12 102
3 36
13 160
8 8
5 34
