93 186
11 10
8 111
3 40
11 158
14 160
3 12
12 143
2 120
10 24
7 39
8 165
10 24
6 58
11 11
1 93
8 165
13 131
13 139
10 165
1 110
13 67
8 69
4 157
12 26
7 26
3 36
5 54
3 47
7 36
3 114
7 48
4 40
7 143
13 150
11 178
14 79
14 108
13 114
3 80
7 122
10 181
6 60
6 88
11 177
5 49
13 68
11 159
7 25
6 171
13 58
8 117
12 1
8 124
14 67
5 82
9 84
8 130
11 51
13 138
1 74
4 63
12 89
2 11
6 67
12 60
3 125
2 63
6 74
9 171
7 27
11 77
8 8
10 70
13 129
11 66
13 163
11 122
3 97
6 176
9 38
2 54
12 160
2 106
14 142
11 131
7 113
3 49
5 102
8 132
1 119
3 54
6 7
10 117
