99 198
8 56
8 95
4 23
5 118
13 155
8 109
10 57
9 50
13 43
6 34
11 37
8 47
10 188
5 61
2 104
3 101
12 136
7 100
4 50
4 103
5 182
2 99
9 137
6 128
10 168
3 170
13 116
5 37
11 114
14 194
7 68
10 150
2 39
12 80
6 21
12 17
1 153
2 123
4 189
14 143
14 63
3 125
6 125
11 106
1 25
11 155
3 141
6 104
2 170
4 147
9 11
3 169
13 103
14 129
12 84
1 193
14 176
14 174
2 174
5 109
10 33
10 85
5 35
2 56
5 154
9 183
9 197
11 29
8 116
10 19
10 63
11 61
10 127
4 179
3 145
1 196
14 166
8 59
5 5
3 119
2 145
5 152
1 57
14 25
1 168
1 43
5 193
1 52
7 123
3 130
13 60
7 25
1 70
11 151
7 123
10 193
12 153
11 110
1 8
