95 190
3 87
8 153
9 72
4 133
3 77
1 174
6 50
1 58
3 113
5 52
13 104
6 153
5 177
10 13
7 4
11 72
12 44
10 151
14 120
4 78
1 101
2 155
6 182
2 164
11 35
8 1
9 29
14 111
11 68
6 142
13 43
8 163
9 31
4 69
7 160
8 101
11 147
6 56
9 13
5 160
8 160
3 10
11 83
13 72
2 89
10 107
5 47
6 178
8 141
1 135
13 171
12 176
3 184
6 67
8 117
14 143
10 13
4 176
3 188
12 155
11 54
9 97
10 162
12 134
1 42
5 143
4 151
1 155
14 11
9 20
1 178
1 60
7 11
2 57
7 186
8 160
6 110
3 145
2 36
5 119
8 32
5 112
14 146
5 145
9 68
10 102
1 55
1 175
3 146
1 35
13 166
3 40
4 162
4 172
3 118
