91 182
13 78
7 120
1 45
7 173
10 16
4 56
11 6
6 112
11 22
11 62
8 72
14 158
4 67
10 158
6 154
11 136
9 159
7 122
9 49
10 71
6 90
10 159
14 77
8 68
5 54
10 40
2 22
5 112
12 30
5 9
7 32
3 66
1 33
10 54
10 60
6 158
11 106
5 149
13 25
3 5
4 153
7 25
8 161
14 74
11 79
12 134
9 27
4 35
2 60
2 84
8 109
3 8
12 159
11 15
14 57
6 51
12 142
12 111
4 98
7 13
2 41
13 59
4 168
1 68
10 127
13 53
7 38
9 73
4 14
9 14
5 157
9 52
14 97
9 116
6 31
5 55
3 83
6 1
9 11
3 26
13 39
5 49
13 163
10 176
11 178
2 103
2 128
5 77
10 17
2 93
12 103
