92 184
10 77
13 150
14 110
3 87
1 38
10 73
7 177
10 82
8 141
8 138
4 27
8 131
2 131
13 170
14 142
8 177
12 150
13 30
9 5
10 164
13 7
11 56
8 129
8 21
13 72
7 2
3 142
3 127
2 104
11 145
7 183
7 49
9 5
2 36
1 105
3 98
6 126
6 56
8 172
2 2
13 132
1 111
2 180
12 31
9 116
1 137
14 148
4 115
4 48
9 111
6 151
6 153
10 156
5 160
8 137
7 107
2 71
11 20
7 167
7 101
5 76
9 121
12 37
12 49
11 112
10 38
3 121
13 77
9 83
9 51
3 90
9 111
13 88
7 13
6 11
4 111
13 11
7 26
5 9
13 21
14 127
14 112
4 127
13 153
7 74
14 161
5 85
14 99
1 117
5 116
8 148
5 21
