94 188
2 45
1 183
12 182
8 110
3 108
6 159
3 174
3 135
6 31
8 176
1 158
6 161
3 157
6 144
4 122
1 83
2 8
10 153
13 177
3 79
2 13
8 113
4 79
4 153
13 165
6 125
10 72
14 13
6 182
8 156
13 84
4 4
3 153
10 182
11 55
13 95
9 80
7 144
2 45
7 160
5 55
10 71
2 89
11 26
14 21
13 37
9 73
14 103
1 145
8 135
1 114
6 96
8 120
11 184
11 168
14 104
3 122
8 26
12 140
3 155
13 39
13 124
9 49
8 22
7 26
11 114
2 83
7 36
4 93
4 86
6 73
2 150
6 7
8 86
12 187
13 14
3 9
6 131
11 40
9 88
10 117
6 174
9 11
8 69
1 36
3 150
1 98
1 129
1 114
1 159
12 86
2 161
2 80
10 89
