70 2415
1 2 56
1 3 57
1 4 46
1 5 42
1 6 17
1 7 63
1 8 64
1 9 35
1 10 38
1 11 4
1 12 26
1 13 16
1 14 36
1 15 11
1 16 28
1 17 24
1 18 37
1 19 33
1 20 5
1 21 52
1 22 54
1 23 21
1 24 57
1 25 9
1 26 41
1 27 57
1 28 10
1 29 13
1 30 60
1 31 57
1 32 58
1 33 49
1 34 7
1 35 21
1 36 56
1 37 48
1 38 32
1 39 38
1 40 43
1 41 63
1 42 68
1 43 8
1 44 49
1 45 66
1 46 16
1 47 62
1 48 60
1 49 55
1 50 69
1 51 28
1 52 26
1 53 57
1 54 48
1 55 35
1 56 13
1 57 44
1 58 40
1 59 42
1 60 45
1 61 13
1 62 44
1 63 49
1 64 26
1 65 19
1 66 60
1 67 57
1 68 33
1 69 38
1 70 38
2 3 14
2 4 36
2 5 50
2 6 58
2 7 33
2 8 5
2 9 60
2 10 38
2 11 44
2 12 5
2 13 16
2 14 19
2 15 6
2 16 16
2 17 46
2 18 39
2 19 61
2 20 8
2 21 21
2 22 37
2 23 47
2 24 1
2 25 23
2 26 50
2 27 57
2 28 33
2 29 29
2 30 18
2 31 50
2 32 24
2 33 68
2 34 23
2 35 32
2 36 52
2 37 38
2 38 54
2 39 6
2 40 6
2 41 42
2 42 63
2 43 10
2 44 57
2 45 25
2 46 31
2 47 47
2 48 61
2 49 42
2 50 16
2 51 35
2 52 41
2 53 32
2 54 8
2 55 39
2 56 69
2 57 49
2 58 67
2 59 39
2 60 55
2 61 28
2 62 16
2 63 54
2 64 69
2 65 5
2 66 24
2 67 18
2 68 68
2 69 63
2 70 31
3 4 21
3 5 21
3 6 31
3 7 10
3 8 34
3 9 56
3 10 24
3 11 12
3 12 0
3 13 46
3 14 37
3 15 0
3 16 46
3 17 58
3 18 27
3 19 24
3 20 8
3 21 39
3 22 69
3 23 31
3 24 67
3 25 35
3 26 54
3 27 9
3 28 2
3 29 3
3 30 13
3 31 35
3 32 64
3 33 30
3 34 47
3 35 36
3 36 30
3 37 34
3 38 36
3 39 22
3 40 59
3 41 19
3 42 57
3 43 54
3 44 45
3 45 54
3 46 54
3 47 49
3 48 2
3 49 9
3 50 65
3 51 11
3 52 51
3 53 14
3 54 32
3 55 35
3 56 55
3 57 53
3 58 55
3 59 24
3 60 3
3 61 50
3 62 35
3 63 67
3 64 20
3 65 43
3 66 15
3 67 58
3 68 21
3 69 27
3 70 3
4 5 5
4 6 10
4 7 43
4 8 6
4 9 8
4 10 5
4 11 54
4 12 69
4 13 24
4 14 23
4 15 52
4 16 55
4 17 43
4 18 30
4 19 19
4 20 28
4 21 26
4 22 24
4 23 39
4 24 56
4 25 63
4 26 5
4 27 54
4 28 51
4 29 46
4 30 0
4 31 37
4 32 52
4 33 3
4 34 22
4 35 51
4 36 68
4 37 58
4 38 8
4 39 48
4 40 59
4 41 25
4 42 44
4 43 69
4 44 54
4 45 66
4 46 31
4 47 12
4 48 45
4 49 61
4 50 67
4 51 33
4 52 55
4 53 62
4 54 50
4 55 44
4 56 8
4 57 26
4 58 19
4 59 26
4 60 21
4 61 43
4 62 58
4 63 11
4 64 2
4 65 9
4 66 37
4 67 20
4 68 48
4 69 17
4 70 10
5 6 67
5 7 28
5 8 54
5 9 22
5 10 43
5 11 52
5 12 22
5 13 7
5 14 31
5 15 1
5 16 29
5 17 67
5 18 55
5 19 61
5 20 59
5 21 32
5 22 13
5 23 63
5 24 29
5 25 37
5 26 59
5 27 30
5 28 52
5 29 63
5 30 0
5 31 29
5 32 37
5 33 32
5 34 13
5 35 66
5 36 24
5 37 56
5 38 51
5 39 4
5 40 67
5 41 7
5 42 37
5 43 25
5 44 58
5 45 32
5 46 59
5 47 4
5 48 35
5 49 32
5 50 59
5 51 64
5 52 11
5 53 38
5 54 16
5 55 16
5 56 21
5 57 2
5 58 50
5 59 55
5 60 0
5 61 26
5 62 67
5 63 36
5 64 37
5 65 24
5 66 23
5 67 18
5 68 37
5 69 57
5 70 2
6 7 59
6 8 26
6 9 43
6 10 66
6 11 40
6 12 33
6 13 1
6 14 39
6 15 49
6 16 37
6 17 33
6 18 64
6 19 8
6 20 59
6 21 61
6 22 9
6 23 29
6 24 31
6 25 13
6 26 1
6 27 10
6 28 69
6 29 20
6 30 12
6 31 30
6 32 29
6 33 15
6 34 0
6 35 41
6 36 4
6 37 17
6 38 36
6 39 57
6 40 7
6 41 56
6 42 20
6 43 5
6 44 28
6 45 36
6 46 24
6 47 0
6 48 67
6 49 15
6 50 31
6 51 8
6 52 2
6 53 51
6 54 0
6 55 49
6 56 56
6 57 42
6 58 29
6 59 34
6 60 31
6 61 58
6 62 18
6 63 1
6 64 17
6 65 66
6 66 23
6 67 13
6 68 15
6 69 26
6 70 32
7 8 54
7 9 35
7 10 36
7 11 27
7 12 41
7 13 6
7 14 16
7 15 39
7 16 13
7 17 4
7 18 5
7 19 42
7 20 8
7 21 16
7 22 7
7 23 25
7 24 48
7 25 11
7 26 66
7 27 0
7 28 63
7 29 2
7 30 63
7 31 12
7 32 36
7 33 38
7 34 33
7 35 37
7 36 67
7 37 58
7 38 63
7 39 21
7 40 29
7 41 1
7 42 35
7 43 62
7 44 25
7 45 52
7 46 19
7 47 9
7 48 20
7 49 20
7 50 5
7 51 49
7 52 29
7 53 5
7 54 51
7 55 14
7 56 46
7 57 1
7 58 10
7 59 8
7 60 17
7 61 5
7 62 7
7 63 26
7 64 24
7 65 17
7 66 34
7 67 59
7 68 69
7 69 36
7 70 4
8 9 10
8 10 5
8 11 57
8 12 23
8 13 52
8 14 16
8 15 1
8 16 32
8 17 21
8 18 12
8 19 27
8 20 25
8 21 40
8 22 47
8 23 44
8 24 13
8 25 67
8 26 43
8 27 35
8 28 4
8 29 34
8 30 65
8 31 31
8 32 54
8 33 31
8 34 24
8 35 65
8 36 52
8 37 63
8 38 37
8 39 37
8 40 46
8 41 27
8 42 32
8 43 54
8 44 23
8 45 59
8 46 4
8 47 52
8 48 6
8 49 62
8 50 26
8 51 64
8 52 1
8 53 27
8 54 15
8 55 42
8 56 52
8 57 12
8 58 38
8 59 58
8 60 7
8 61 9
8 62 44
8 63 29
8 64 41
8 65 30
8 66 51
8 67 14
8 68 50
8 69 62
8 70 36
9 10 21
9 11 44
9 12 11
9 13 59
9 14 0
9 15 30
9 16 3
9 17 21
9 18 4
9 19 59
9 20 12
9 21 16
9 22 9
9 23 16
9 24 37
9 25 66
9 26 42
9 27 39
9 28 26
9 29 50
9 30 32
9 31 13
9 32 5
9 33 66
9 34 51
9 35 42
9 36 10
9 37 10
9 38 26
9 39 12
9 40 51
9 41 29
9 42 51
9 43 51
9 44 15
9 45 61
9 46 2
9 47 64
9 48 58
9 49 9
9 50 45
9 51 10
9 52 27
9 53 11
9 54 44
9 55 38
9 56 55
9 57 47
9 58 44
9 59 12
9 60 39
9 61 32
9 62 25
9 63 29
9 64 31
9 65 67
9 66 7
9 67 17
9 68 38
9 69 36
9 70 23
10 11 32
10 12 20
10 13 52
10 14 10
10 15 37
10 16 19
10 17 46
10 18 24
10 19 61
10 20 31
10 21 26
10 22 40
10 23 60
10 24 61
10 25 3
10 26 36
10 27 26
10 28 33
10 29 65
10 30 19
10 31 19
10 32 64
10 33 41
10 34 56
10 35 48
10 36 14
10 37 15
10 38 50
10 39 10
10 40 23
10 41 66
10 42 34
10 43 21
10 44 47
10 45 54
10 46 43
10 47 60
10 48 18
10 49 48
10 50 67
10 51 63
10 52 66
10 53 44
10 54 16
10 55 9
10 56 33
10 57 61
10 58 46
10 59 56
10 60 0
10 61 11
10 62 28
10 63 24
10 64 35
10 65 18
10 66 41
10 67 43
10 68 68
10 69 30
10 70 69
11 12 28
11 13 17
11 14 5
11 15 40
11 16 48
11 17 10
11 18 38
11 19 24
11 20 24
11 21 4
11 22 34
11 23 49
11 24 44
11 25 37
11 26 56
11 27 39
11 28 30
11 29 37
11 30 51
11 31 63
11 32 15
11 33 48
11 34 0
11 35 61
11 36 9
11 37 15
11 38 51
11 39 7
11 40 6
11 41 66
11 42 19
11 43 40
11 44 45
11 45 62
11 46 5
11 47 21
11 48 1
11 49 53
11 50 1
11 51 69
11 52 46
11 53 28
11 54 42
11 55 45
11 56 66
11 57 41
11 58 63
11 59 38
11 60 14
11 61 19
11 62 25
11 63 37
11 64 54
11 65 2
11 66 44
11 67 11
11 68 35
11 69 52
11 70 63
12 13 47
12 14 47
12 15 3
12 16 36
12 17 36
12 18 64
12 19 9
12 20 13
12 21 66
12 22 7
12 23 3
12 24 22
12 25 17
12 26 0
12 27 54
12 28 50
12 29 53
12 30 44
12 31 16
12 32 42
12 33 50
12 34 31
12 35 20
12 36 15
12 37 61
12 38 37
12 39 43
12 40 63
12 41 62
12 42 40
12 43 29
12 44 23
12 45 41
12 46 33
12 47 69
12 48 47
12 49 5
12 50 53
12 51 0
12 52 54
12 53 58
12 54 23
12 55 34
12 56 17
12 57 63
12 58 30
12 59 12
12 60 60
12 61 6
12 62 18
12 63 17
12 64 59
12 65 6
12 66 23
12 67 32
12 68 52
12 69 4
12 70 66
13 14 1
13 15 65
13 16 14
13 17 50
13 18 4
13 19 9
13 20 43
13 21 50
13 22 41
13 23 45
13 24 27
13 25 66
13 26 27
13 27 54
13 28 44
13 29 8
13 30 53
13 31 39
13 32 33
13 33 38
13 34 14
13 35 49
13 36 50
13 37 59
13 38 38
13 39 23
13 40 49
13 41 7
13 42 59
13 43 11
13 44 19
13 45 34
13 46 23
13 47 65
13 48 24
13 49 33
13 50 12
13 51 11
13 52 15
13 53 32
13 54 19
13 55 45
13 56 10
13 57 31
13 58 30
13 59 2
13 60 55
13 61 47
13 62 41
13 63 46
13 64 40
13 65 37
13 66 59
13 67 57
13 68 56
13 69 24
13 70 13
14 15 64
14 16 21
14 17 26
14 18 5
14 19 29
14 20 36
14 21 41
14 22 66
14 23 27
14 24 39
14 25 52
14 26 48
14 27 7
14 28 13
14 29 40
14 30 13
14 31 49
14 32 37
14 33 65
14 34 53
14 35 16
14 36 19
14 37 31
14 38 21
14 39 23
14 40 31
14 41 19
14 42 43
14 43 22
14 44 33
14 45 66
14 46 4
14 47 8
14 48 10
14 49 8
14 50 29
14 51 60
14 52 50
14 53 21
14 54 39
14 55 65
14 56 64
14 57 41
14 58 64
14 59 65
14 60 18
14 61 4
14 62 29
14 63 35
14 64 17
14 65 54
14 66 39
14 67 29
14 68 60
14 69 3
14 70 14
15 16 29
15 17 33
15 18 51
15 19 46
15 20 60
15 21 29
15 22 28
15 23 48
15 24 27
15 25 31
15 26 58
15 27 24
15 28 63
15 29 3
15 30 25
15 31 18
15 32 69
15 33 22
15 34 34
15 35 40
15 36 36
15 37 44
15 38 50
15 39 55
15 40 10
15 41 26
15 42 18
15 43 47
15 44 39
15 45 48
15 46 28
15 47 17
15 48 20
15 49 42
15 50 26
15 51 37
15 52 51
15 53 60
15 54 49
15 55 25
15 56 47
15 57 34
15 58 69
15 59 32
15 60 8
15 61 62
15 62 55
15 63 13
15 64 28
15 65 57
15 66 38
15 67 27
15 68 23
15 69 53
15 70 26
16 17 36
16 18 6
16 19 21
16 20 37
16 21 40
16 22 0
16 23 28
16 24 15
16 25 44
16 26 37
16 27 34
16 28 19
16 29 27
16 30 21
16 31 11
16 32 66
16 33 28
16 34 24
16 35 11
16 36 68
16 37 22
16 38 1
16 39 55
16 40 30
16 41 64
16 42 58
16 43 50
16 44 40
16 45 49
16 46 21
16 47 9
16 48 9
16 49 1
16 50 66
16 51 25
16 52 62
16 53 69
16 54 6
16 55 43
16 56 60
16 57 62
16 58 13
16 59 67
16 60 42
16 61 18
16 62 64
16 63 23
16 64 13
16 65 25
16 66 27
16 67 48
16 68 50
16 69 45
16 70 17
17 18 11
17 19 36
17 20 2
17 21 57
17 22 20
17 23 6
17 24 53
17 25 11
17 26 15
17 27 23
17 28 17
17 29 22
17 30 66
17 31 21
17 32 6
17 33 50
17 34 23
17 35 14
17 36 19
17 37 56
17 38 23
17 39 18
17 40 8
17 41 9
17 42 59
17 43 9
17 44 32
17 45 67
17 46 16
17 47 18
17 48 1
17 49 39
17 50 38
17 51 16
17 52 9
17 53 10
17 54 28
17 55 50
17 56 40
17 57 37
17 58 34
17 59 61
17 60 53
17 61 42
17 62 28
17 63 61
17 64 37
17 65 12
17 66 2
17 67 4
17 68 28
17 69 41
17 70 12
18 19 7
18 20 65
18 21 20
18 22 42
18 23 35
18 24 5
18 25 31
18 26 32
18 27 35
18 28 30
18 29 15
18 30 35
18 31 13
18 32 4
18 33 49
18 34 46
18 35 5
18 36 19
18 37 5
18 38 9
18 39 48
18 40 68
18 41 56
18 42 56
18 43 59
18 44 38
18 45 69
18 46 68
18 47 9
18 48 33
18 49 34
18 50 39
18 51 0
18 52 16
18 53 2
18 54 52
18 55 59
18 56 36
18 57 56
18 58 22
18 59 45
18 60 69
18 61 54
18 62 11
18 63 37
18 64 37
18 65 21
18 66 54
18 67 12
18 68 44
18 69 69
18 70 23
19 20 39
19 21 6
19 22 31
19 23 48
19 24 13
19 25 62
19 26 20
19 27 38
19 28 2
19 29 45
19 30 5
19 31 37
19 32 27
19 33 41
19 34 0
19 35 9
19 36 38
19 37 34
19 38 55
19 39 9
19 40 61
19 41 14
19 42 49
19 43 40
19 44 39
19 45 9
19 46 54
19 47 19
19 48 68
19 49 69
19 50 18
19 51 5
19 52 51
19 53 61
19 54 51
19 55 45
19 56 21
19 57 7
19 58 49
19 59 43
19 60 30
19 61 39
19 62 47
19 63 38
19 64 8
19 65 0
19 66 3
19 67 4
19 68 36
19 69 55
19 70 19
20 21 61
20 22 44
20 23 43
20 24 13
20 25 26
20 26 55
20 27 34
20 28 54
20 29 20
20 30 68
20 31 51
20 32 26
20 33 53
20 34 54
20 35 47
20 36 26
20 37 34
20 38 54
20 39 0
20 40 4
20 41 23
20 42 26
20 43 69
20 44 34
20 45 2
20 46 26
20 47 41
20 48 36
20 49 17
20 50 66
20 51 32
20 52 22
20 53 32
20 54 38
20 55 35
20 56 47
20 57 31
20 58 21
20 59 66
20 60 54
20 61 8
20 62 62
20 63 32
20 64 58
20 65 59
20 66 14
20 67 4
20 68 24
20 69 23
20 70 62
21 22 40
21 23 1
21 24 68
21 25 24
21 26 26
21 27 30
21 28 27
21 29 48
21 30 23
21 31 57
21 32 36
21 33 27
21 34 68
21 35 20
21 36 46
21 37 65
21 38 52
21 39 4
21 40 12
21 41 39
21 42 20
21 43 56
21 44 16
21 45 41
21 46 62
21 47 50
21 48 25
21 49 60
21 50 27
21 51 23
21 52 46
21 53 27
21 54 59
21 55 51
21 56 6
21 57 66
21 58 12
21 59 1
21 60 66
21 61 16
21 62 63
21 63 41
21 64 64
21 65 12
21 66 24
21 67 12
21 68 47
21 69 46
21 70 66
22 23 57
22 24 14
22 25 33
22 26 6
22 27 37
22 28 47
22 29 30
22 30 29
22 31 7
22 32 6
22 33 13
22 34 15
22 35 20
22 36 4
22 37 12
22 38 4
22 39 27
22 40 4
22 41 23
22 42 53
22 43 1
22 44 66
22 45 65
22 46 14
22 47 4
22 48 36
22 49 60
22 50 67
22 51 63
22 52 3
22 53 50
22 54 45
22 55 59
22 56 33
22 57 54
22 58 22
22 59 60
22 60 2
22 61 49
22 62 40
22 63 35
22 64 50
22 65 68
22 66 31
22 67 31
22 68 51
22 69 18
22 70 49
23 24 68
23 25 51
23 26 56
23 27 17
23 28 48
23 29 35
23 30 0
23 31 20
23 32 5
23 33 62
23 34 36
23 35 0
23 36 67
23 37 0
23 38 31
23 39 13
23 40 1
23 41 62
23 42 29
23 43 12
23 44 67
23 45 14
23 46 54
23 47 8
23 48 26
23 49 2
23 50 50
23 51 65
23 52 28
23 53 9
23 54 34
23 55 30
23 56 50
23 57 64
23 58 61
23 59 53
23 60 63
23 61 14
23 62 52
23 63 0
23 64 30
23 65 56
23 66 4
23 67 64
23 68 35
23 69 60
23 70 15
24 25 36
24 26 43
24 27 28
24 28 30
24 29 22
24 30 46
24 31 0
24 32 38
24 33 26
24 34 9
24 35 47
24 36 35
24 37 40
24 38 9
24 39 18
24 40 24
24 41 35
24 42 7
24 43 19
24 44 54
24 45 45
24 46 21
24 47 46
24 48 21
24 49 53
24 50 2
24 51 53
24 52 30
24 53 13
24 54 53
24 55 46
24 56 54
24 57 24
24 58 29
24 59 48
24 60 65
24 61 7
24 62 1
24 63 6
24 64 61
24 65 61
24 66 57
24 67 11
24 68 38
24 69 0
24 70 3
25 26 30
25 27 51
25 28 34
25 29 54
25 30 55
25 31 18
25 32 8
25 33 52
25 34 35
25 35 61
25 36 12
25 37 36
25 38 21
25 39 4
25 40 49
25 41 7
25 42 57
25 43 55
25 44 34
25 45 49
25 46 68
25 47 2
25 48 15
25 49 32
25 50 54
25 51 9
25 52 0
25 53 56
25 54 57
25 55 35
25 56 42
25 57 2
25 58 0
25 59 59
25 60 54
25 61 60
25 62 19
25 63 52
25 64 28
25 65 22
25 66 44
25 67 40
25 68 46
25 69 55
25 70 19
26 27 3
26 28 46
26 29 67
26 30 38
26 31 37
26 32 11
26 33 21
26 34 55
26 35 46
26 36 56
26 37 44
26 38 54
26 39 42
26 40 26
26 41 36
26 42 35
26 43 16
26 44 36
26 45 62
26 46 3
26 47 37
26 48 64
26 49 46
26 50 31
26 51 24
26 52 33
26 53 66
26 54 66
26 55 47
26 56 46
26 57 34
26 58 15
26 59 57
26 60 34
26 61 4
26 62 20
26 63 8
26 64 7
26 65 51
26 66 7
26 67 23
26 68 68
26 69 7
26 70 10
27 28 6
27 29 10
27 30 43
27 31 2
27 32 8
27 33 6
27 34 66
27 35 65
27 36 42
27 37 64
27 38 19
27 39 17
27 40 2
27 41 63
27 42 51
27 43 60
27 44 68
27 45 11
27 46 36
27 47 31
27 48 16
27 49 3
27 50 38
27 51 2
27 52 67
27 53 20
27 54 28
27 55 37
27 56 59
27 57 15
27 58 22
27 59 8
27 60 13
27 61 53
27 62 50
27 63 68
27 64 32
27 65 19
27 66 18
27 67 55
27 68 13
27 69 13
27 70 36
28 29 3
28 30 47
28 31 49
28 32 46
28 33 35
28 34 41
28 35 38
28 36 54
28 37 47
28 38 47
28 39 11
28 40 51
28 41 69
28 42 37
28 43 43
28 44 28
28 45 54
28 46 0
28 47 49
28 48 25
28 49 19
28 50 27
28 51 53
28 52 52
28 53 22
28 54 40
28 55 19
28 56 3
28 57 32
28 58 23
28 59 45
28 60 52
28 61 23
28 62 13
28 63 68
28 64 41
28 65 14
28 66 33
28 67 35
28 68 19
28 69 0
28 70 23
29 30 50
29 31 67
29 32 1
29 33 44
29 34 57
29 35 4
29 36 56
29 37 3
29 38 68
29 39 38
29 40 52
29 41 29
29 42 69
29 43 28
29 44 68
29 45 57
29 46 22
29 47 13
29 48 34
29 49 58
29 50 48
29 51 2
29 52 42
29 53 53
29 54 24
29 55 37
29 56 46
29 57 21
29 58 22
29 59 52
29 60 60
29 61 28
29 62 47
29 63 7
29 64 24
29 65 25
29 66 37
29 67 64
29 68 29
29 69 37
29 70 42
30 31 33
30 32 9
30 33 49
30 34 0
30 35 65
30 36 12
30 37 5
30 38 20
30 39 10
30 40 57
30 41 11
30 42 0
30 43 59
30 44 37
30 45 18
30 46 66
30 47 10
30 48 50
30 49 52
30 50 65
30 51 62
30 52 36
30 53 39
30 54 24
30 55 27
30 56 40
30 57 40
30 58 18
30 59 49
30 60 1
30 61 35
30 62 40
30 63 13
30 64 37
30 65 7
30 66 6
30 67 59
30 68 24
30 69 61
30 70 52
31 32 67
31 33 62
31 34 61
31 35 25
31 36 37
31 37 52
31 38 38
31 39 29
31 40 3
31 41 47
31 42 10
31 43 66
31 44 54
31 45 2
31 46 13
31 47 4
31 48 13
31 49 66
31 50 38
31 51 44
31 52 17
31 53 25
31 54 24
31 55 68
31 56 62
31 57 31
31 58 26
31 59 48
31 60 34
31 61 58
31 62 67
31 63 62
31 64 19
31 65 0
31 66 20
31 67 7
31 68 16
31 69 54
31 70 68
32 33 33
32 34 0
32 35 10
32 36 19
32 37 59
32 38 41
32 39 14
32 40 26
32 41 22
32 42 7
32 43 25
32 44 61
32 45 28
32 46 18
32 47 55
32 48 39
32 49 66
32 50 20
32 51 61
32 52 29
32 53 15
32 54 4
32 55 35
32 56 44
32 57 36
32 58 11
32 59 69
32 60 39
32 61 42
32 62 2
32 63 23
32 64 11
32 65 49
32 66 16
32 67 22
32 68 13
32 69 53
32 70 21
33 34 66
33 35 42
33 36 54
33 37 59
33 38 63
33 39 10
33 40 17
33 41 43
33 42 23
33 43 42
33 44 7
33 45 49
33 46 25
33 47 30
33 48 12
33 49 4
33 50 42
33 51 63
33 52 27
33 53 17
33 54 37
33 55 12
33 56 20
33 57 46
33 58 13
33 59 20
33 60 8
33 61 61
33 62 8
33 63 36
33 64 0
33 65 32
33 66 48
33 67 41
33 68 21
33 69 29
33 70 3
34 35 30
34 36 60
34 37 30
34 38 50
34 39 12
34 40 13
34 41 36
34 42 54
34 43 25
34 44 17
34 45 36
34 46 27
34 47 61
34 48 20
34 49 68
34 50 48
34 51 13
34 52 30
34 53 67
34 54 23
34 55 2
34 56 12
34 57 23
34 58 60
34 59 24
34 60 33
34 61 65
34 62 23
34 63 63
34 64 30
34 65 58
34 66 27
34 67 55
34 68 26
34 69 24
34 70 48
35 36 30
35 37 5
35 38 44
35 39 12
35 40 43
35 41 30
35 42 61
35 43 40
35 44 24
35 45 37
35 46 33
35 47 63
35 48 22
35 49 18
35 50 47
35 51 8
35 52 22
35 53 53
35 54 12
35 55 40
35 56 25
35 57 62
35 58 26
35 59 30
35 60 0
35 61 37
35 62 6
35 63 15
35 64 36
35 65 32
35 66 49
35 67 24
35 68 9
35 69 62
35 70 15
36 37 27
36 38 13
36 39 53
36 40 21
36 41 10
36 42 39
36 43 59
36 44 40
36 45 20
36 46 14
36 47 24
36 48 1
36 49 37
36 50 64
36 51 52
36 52 60
36 53 13
36 54 1
36 55 35
36 56 63
36 57 14
36 58 16
36 59 43
36 60 35
36 61 24
36 62 29
36 63 26
36 64 68
36 65 20
36 66 6
36 67 25
36 68 1
36 69 12
36 70 44
37 38 9
37 39 20
37 40 30
37 41 49
37 42 60
37 43 57
37 44 50
37 45 57
37 46 45
37 47 30
37 48 46
37 49 39
37 50 58
37 51 11
37 52 16
37 53 2
37 54 63
37 55 39
37 56 59
37 57 21
37 58 46
37 59 35
37 60 5
37 61 13
37 62 31
37 63 68
37 64 34
37 65 7
37 66 3
37 67 46
37 68 50
37 69 1
37 70 40
38 39 60
38 40 7
38 41 34
38 42 61
38 43 33
38 44 32
38 45 24
38 46 30
38 47 56
38 48 5
38 49 49
38 50 12
38 51 64
38 52 1
38 53 56
38 54 10
38 55 46
38 56 42
38 57 57
38 58 50
38 59 36
38 60 2
38 61 57
38 62 69
38 63 29
38 64 68
38 65 7
38 66 40
38 67 31
38 68 19
38 69 3
38 70 34
39 40 25
39 41 22
39 42 2
39 43 33
39 44 45
39 45 2
39 46 19
39 47 63
39 48 37
39 49 19
39 50 18
39 51 12
39 52 5
39 53 16
39 54 13
39 55 20
39 56 46
39 57 63
39 58 50
39 59 48
39 60 13
39 61 37
39 62 34
39 63 53
39 64 42
39 65 49
39 66 68
39 67 19
39 68 45
39 69 69
39 70 31
40 41 56
40 42 9
40 43 15
40 44 22
40 45 49
40 46 8
40 47 40
40 48 21
40 49 1
40 50 26
40 51 26
40 52 23
40 53 15
40 54 65
40 55 35
40 56 39
40 57 17
40 58 10
40 59 66
40 60 63
40 61 9
40 62 20
40 63 12
40 64 23
40 65 11
40 66 10
40 67 40
40 68 69
40 69 16
40 70 29
41 42 32
41 43 9
41 44 18
41 45 14
41 46 52
41 47 52
41 48 0
41 49 46
41 50 9
41 51 49
41 52 0
41 53 28
41 54 23
41 55 31
41 56 36
41 57 21
41 58 59
41 59 47
41 60 54
41 61 8
41 62 65
41 63 64
41 64 18
41 65 41
41 66 10
41 67 33
41 68 31
41 69 37
41 70 54
42 43 46
42 44 41
42 45 3
42 46 57
42 47 36
42 48 16
42 49 69
42 50 27
42 51 53
42 52 23
42 53 44
42 54 31
42 55 42
42 56 10
42 57 50
42 58 36
42 59 64
42 60 3
42 61 24
42 62 48
42 63 56
42 64 49
42 65 40
42 66 6
42 67 61
42 68 69
42 69 1
42 70 61
43 44 25
43 45 48
43 46 3
43 47 16
43 48 20
43 49 2
43 50 31
43 51 26
43 52 57
43 53 41
43 54 50
43 55 32
43 56 19
43 57 64
43 58 2
43 59 27
43 60 56
43 61 3
43 62 52
43 63 30
43 64 61
43 65 42
43 66 19
43 67 2
43 68 26
43 69 56
43 70 25
44 45 25
44 46 56
44 47 27
44 48 65
44 49 44
44 50 21
44 51 48
44 52 12
44 53 24
44 54 24
44 55 18
44 56 15
44 57 0
44 58 36
44 59 3
44 60 61
44 61 60
44 62 35
44 63 15
44 64 9
44 65 22
44 66 15
44 67 29
44 68 25
44 69 32
44 70 19
45 46 27
45 47 18
45 48 36
45 49 18
45 50 40
45 51 11
45 52 36
45 53 49
45 54 32
45 55 65
45 56 58
45 57 67
45 58 45
45 59 53
45 60 67
45 61 9
45 62 59
45 63 51
45 64 10
45 65 46
45 66 0
45 67 58
45 68 46
45 69 1
45 70 26
46 47 16
46 48 1
46 49 29
46 50 31
46 51 4
46 52 54
46 53 4
46 54 23
46 55 17
46 56 49
46 57 54
46 58 26
46 59 21
46 60 15
46 61 13
46 62 18
46 63 49
46 64 63
46 65 16
46 66 63
46 67 63
46 68 1
46 69 30
46 70 23
47 48 16
47 49 63
47 50 34
47 51 26
47 52 16
47 53 6
47 54 27
47 55 28
47 56 50
47 57 42
47 58 62
47 59 30
47 60 29
47 61 48
47 62 11
47 63 14
47 64 35
47 65 65
47 66 52
47 67 8
47 68 5
47 69 45
47 70 26
48 49 59
48 50 50
48 51 10
48 52 49
48 53 41
48 54 46
48 55 30
48 56 0
48 57 12
48 58 2
48 59 26
48 60 53
48 61 20
48 62 68
48 63 36
48 64 54
48 65 30
48 66 4
48 67 57
48 68 20
48 69 16
48 70 44
49 50 7
49 51 7
49 52 49
49 53 6
49 54 29
49 55 5
49 56 36
49 57 29
49 58 38
49 59 17
49 60 28
49 61 62
49 62 39
49 63 20
49 64 65
49 65 66
49 66 65
49 67 42
49 68 47
49 69 22
49 70 62
50 51 11
50 52 45
50 53 3
50 54 41
50 55 50
50 56 56
50 57 3
50 58 6
50 59 2
50 60 17
50 61 37
50 62 17
50 63 42
50 64 54
50 65 60
50 66 16
50 67 30
50 68 20
50 69 68
50 70 43
51 52 43
51 53 51
51 54 27
51 55 42
51 56 35
51 57 17
51 58 42
51 59 15
51 60 34
51 61 36
51 62 16
51 63 3
51 64 8
51 65 40
51 66 59
51 67 48
51 68 47
51 69 46
51 70 5
52 53 24
52 54 19
52 55 44
52 56 52
52 57 49
52 58 30
52 59 69
52 60 2
52 61 36
52 62 56
52 63 1
52 64 38
52 65 62
52 66 17
52 67 3
52 68 4
52 69 29
52 70 13
53 54 59
53 55 11
53 56 10
53 57 11
53 58 37
53 59 35
53 60 64
53 61 41
53 62 5
53 63 37
53 64 51
53 65 33
53 66 21
53 67 14
53 68 57
53 69 52
53 70 61
54 55 6
54 56 54
54 57 20
54 58 25
54 59 26
54 60 11
54 61 25
54 62 14
54 63 20
54 64 61
54 65 7
54 66 65
54 67 4
54 68 16
54 69 64
54 70 21
55 56 47
55 57 41
55 58 59
55 59 6
55 60 43
55 61 23
55 62 0
55 63 6
55 64 11
55 65 53
55 66 17
55 67 43
55 68 60
55 69 48
55 70 46
56 57 58
56 58 24
56 59 69
56 60 2
56 61 6
56 62 61
56 63 51
56 64 55
56 65 32
56 66 47
56 67 15
56 68 28
56 69 2
56 70 19
57 58 48
57 59 12
57 60 58
57 61 5
57 62 57
57 63 29
57 64 26
57 65 49
57 66 56
57 67 23
57 68 1
57 69 42
57 70 32
58 59 45
58 60 36
58 61 34
58 62 39
58 63 12
58 64 8
58 65 60
58 66 49
58 67 67
58 68 45
58 69 32
58 70 29
59 60 6
59 61 19
59 62 42
59 63 44
59 64 40
59 65 7
59 66 33
59 67 17
59 68 1
59 69 38
59 70 0
60 61 22
60 62 20
60 63 34
60 64 24
60 65 17
60 66 56
60 67 16
60 68 60
60 69 25
60 70 53
61 62 41
61 63 27
61 64 54
61 65 0
61 66 0
61 67 54
61 68 30
61 69 46
61 70 27
62 63 12
62 64 43
62 65 0
62 66 37
62 67 32
62 68 16
62 69 9
62 70 6
63 64 38
63 65 8
63 66 42
63 67 46
63 68 16
63 69 9
63 70 49
64 65 34
64 66 15
64 67 64
64 68 17
64 69 50
64 70 60
65 66 23
65 67 24
65 68 20
65 69 48
65 70 59
66 67 34
66 68 65
66 69 18
66 70 38
67 68 26
67 69 62
67 70 32
68 69 47
68 70 55
69 70 1
