100 4950
1 2 82
1 3 70
1 4 80
1 5 22
1 6 7
1 7 27
1 8 27
1 9 4
1 10 26
1 11 5
1 12 89
1 13 42
1 14 77
1 15 20
1 16 46
1 17 82
1 18 49
1 19 56
1 20 59
1 21 5
1 22 12
1 23 5
1 24 34
1 25 40
1 26 50
1 27 75
1 28 6
1 29 7
1 30 53
1 31 20
1 32 39
1 33 56
1 34 58
1 35 43
1 36 15
1 37 63
1 38 22
1 39 78
1 40 21
1 41 6
1 42 1
1 43 67
1 44 52
1 45 3
1 46 7
1 47 67
1 48 90
1 49 85
1 50 98
1 51 35
1 52 16
1 53 74
1 54 61
1 55 69
1 56 63
1 57 18
1 58 81
1 59 67
1 60 36
1 61 24
1 62 3
1 63 78
1 64 71
1 65 91
1 66 9
1 67 75
1 68 47
1 69 12
1 70 72
1 71 12
1 72 86
1 73 8
1 74 77
1 75 58
1 76 31
1 77 41
1 78 93
1 79 26
1 80 26
1 81 28
1 82 73
1 83 29
1 84 65
1 85 85
1 86 94
1 87 62
1 88 96
1 89 77
1 90 3
1 91 21
1 92 65
1 93 73
1 94 37
1 95 0
1 96 44
1 97 41
1 98 22
1 99 78
1 100 56
2 3 14
2 4 89
2 5 72
2 6 56
2 7 12
2 8 29
2 9 70
2 10 9
2 11 92
2 12 17
2 13 4
2 14 23
2 15 51
2 16 67
2 17 83
2 18 99
2 19 0
2 20 93
2 21 10
2 22 38
2 23 35
2 24 23
2 25 55
2 26 55
2 27 24
2 28 87
2 29 38
2 30 11
2 31 45
2 32 99
2 33 57
2 34 58
2 35 44
2 36 34
2 37 21
2 38 91
2 39 91
2 40 31
2 41 31
2 42 74
2 43 16
2 44 86
2 45 87
2 46 5
2 47 3
2 48 75
2 49 60
2 50 99
2 51 39
2 52 49
2 53 72
2 54 80
2 55 17
2 56 41
2 57 33
2 58 51
2 59 56
2 60 10
2 61 19
2 62 57
2 63 77
2 64 47
2 65 85
2 66 8
2 67 6
2 68 42
2 69 79
2 70 90
2 71 84
2 72 30
2 73 37
2 74 84
2 75 40
2 76 56
2 77 3
2 78 45
2 79 52
2 80 69
2 81 88
2 82 40
2 83 6
2 84 40
2 85 34
2 86 31
2 87 61
2 88 17
2 89 18
2 90 82
2 91 95
2 92 33
2 93 61
2 94 79
2 95 92
2 96 47
2 97 52
2 98 22
2 99 80
2 100 46
3 4 40
3 5 0
3 6 97
3 7 79
3 8 24
3 9 1
3 10 28
3 11 48
3 12 21
3 13 50
3 14 40
3 15 86
3 16 23
3 17 16
3 18 99
3 19 93
3 20 17
3 21 31
3 22 96
3 23 70
3 24 41
3 25 67
3 26 94
3 27 55
3 28 50
3 29 36
3 30 16
3 31 60
3 32 55
3 33 40
3 34 57
3 35 1
3 36 94
3 37 33
3 38 74
3 39 41
3 40 47
3 41 92
3 42 52
3 43 58
3 44 30
3 45 56
3 46 8
3 47 82
3 48 77
3 49 65
3 50 6
3 51 27
3 52 13
3 53 41
3 54 3
3 55 83
3 56 66
3 57 25
3 58 9
3 59 30
3 60 85
3 61 93
3 62 19
3 63 69
3 64 39
3 65 25
3 66 23
3 67 5
3 68 45
3 69 83
3 70 24
3 71 53
3 72 87
3 73 6
3 74 23
3 75 91
3 76 40
3 77 94
3 78 60
3 79 45
3 80 99
3 81 10
3 82 12
3 83 69
3 84 65
3 85 85
3 86 93
3 87 38
3 88 17
3 89 86
3 90 41
3 91 84
3 92 70
3 93 79
3 94 26
3 95 27
3 96 73
3 97 28
3 98 82
3 99 55
3 100 20
4 5 11
4 6 37
4 7 96
4 8 98
4 9 94
4 10 88
4 11 83
4 12 99
4 13 50
4 14 91
4 15 47
4 16 73
4 17 0
4 18 85
4 19 97
4 20 30
4 21 91
4 22 44
4 23 77
4 24 65
4 25 34
4 26 8
4 27 32
4 28 40
4 29 72
4 30 73
4 31 63
4 32 93
4 33 89
4 34 23
4 35 95
4 36 54
4 37 9
4 38 6
4 39 6
4 40 86
4 41 73
4 42 28
4 43 92
4 44 98
4 45 13
4 46 97
4 47 65
4 48 75
4 49 62
4 50 92
4 51 91
4 52 25
4 53 63
4 54 78
4 55 95
4 56 89
4 57 29
4 58 51
4 59 10
4 60 90
4 61 8
4 62 89
4 63 21
4 64 98
4 65 30
4 66 40
4 67 13
4 68 6
4 69 92
4 70 25
4 71 52
4 72 81
4 73 19
4 74 29
4 75 65
4 76 25
4 77 8
4 78 69
4 79 94
4 80 56
4 81 64
4 82 21
4 83 60
4 84 76
4 85 31
4 86 92
4 87 14
4 88 32
4 89 0
4 90 67
4 91 16
4 92 69
4 93 55
4 94 54
4 95 41
4 96 7
4 97 49
4 98 60
4 99 46
4 100 86
5 6 65
5 7 13
5 8 30
5 9 49
5 10 48
5 11 84
5 12 79
5 13 70
5 14 76
5 15 54
5 16 38
5 17 50
5 18 49
5 19 14
5 20 87
5 21 22
5 22 47
5 23 67
5 24 57
5 25 16
5 26 44
5 27 27
5 28 60
5 29 24
5 30 82
5 31 62
5 32 95
5 33 20
5 34 70
5 35 27
5 36 88
5 37 65
5 38 26
5 39 65
5 40 83
5 41 54
5 42 29
5 43 92
5 44 23
5 45 64
5 46 1
5 47 59
5 48 82
5 49 71
5 50 51
5 51 6
5 52 48
5 53 27
5 54 88
5 55 61
5 56 3
5 57 43
5 58 87
5 59 84
5 60 8
5 61 46
5 62 45
5 63 83
5 64 75
5 65 85
5 66 20
5 67 32
5 68 85
5 69 25
5 70 92
5 71 30
5 72 12
5 73 35
5 74 91
5 75 52
5 76 10
5 77 47
5 78 58
5 79 44
5 80 52
5 81 84
5 82 23
5 83 30
5 84 56
5 85 39
5 86 25
5 87 98
5 88 8
5 89 44
5 90 39
5 91 67
5 92 99
5 93 57
5 94 18
5 95 96
5 96 52
5 97 46
5 98 47
5 99 18
5 100 16
6 7 98
6 8 44
6 9 88
6 10 52
6 11 48
6 12 89
6 13 94
6 14 47
6 15 34
6 16 93
6 17 64
6 18 34
6 19 16
6 20 67
6 21 71
6 22 70
6 23 65
6 24 19
6 25 78
6 26 92
6 27 7
6 28 83
6 29 33
6 30 34
6 31 96
6 32 59
6 33 41
6 34 29
6 35 5
6 36 79
6 37 88
6 38 32
6 39 79
6 40 29
6 41 78
6 42 1
6 43 42
6 44 73
6 45 50
6 46 54
6 47 48
6 48 29
6 49 54
6 50 33
6 51 31
6 52 48
6 53 16
6 54 6
6 55 86
6 56 89
6 57 64
6 58 4
6 59 77
6 60 21
6 61 30
6 62 88
6 63 81
6 64 33
6 65 47
6 66 97
6 67 1
6 68 7
6 69 87
6 70 30
6 71 29
6 72 28
6 73 46
6 74 18
6 75 99
6 76 72
6 77 59
6 78 70
6 79 50
6 80 57
6 81 62
6 82 54
6 83 66
6 84 20
6 85 58
6 86 0
6 87 34
6 88 80
6 89 84
6 90 70
6 91 24
6 92 54
6 93 67
6 94 44
6 95 2
6 96 18
6 97 82
6 98 79
6 99 95
6 100 20
7 8 20
7 9 95
7 10 75
7 11 62
7 12 78
7 13 46
7 14 32
7 15 55
7 16 65
7 17 50
7 18 20
7 19 47
7 20 7
7 21 97
7 22 73
7 23 58
7 24 43
7 25 39
7 26 6
7 27 30
7 28 97
7 29 32
7 30 15
7 31 66
7 32 6
7 33 61
7 34 60
7 35 4
7 36 92
7 37 74
7 38 74
7 39 99
7 40 68
7 41 26
7 42 45
7 43 84
7 44 38
7 45 9
7 46 7
7 47 34
7 48 64
7 49 36
7 50 82
7 51 81
7 52 84
7 53 1
7 54 77
7 55 68
7 56 66
7 57 79
7 58 75
7 59 50
7 60 84
7 61 29
7 62 42
7 63 78
7 64 25
7 65 16
7 66 89
7 67 58
7 68 88
7 69 68
7 70 64
7 71 18
7 72 80
7 73 33
7 74 32
7 75 94
7 76 47
7 77 85
7 78 55
7 79 21
7 80 49
7 81 23
7 82 8
7 83 47
7 84 93
7 85 44
7 86 42
7 87 31
7 88 5
7 89 10
7 90 74
7 91 94
7 92 16
7 93 81
7 94 30
7 95 57
7 96 29
7 97 63
7 98 39
7 99 68
7 100 75
8 9 78
8 10 64
8 11 99
8 12 9
8 13 45
8 14 87
8 15 84
8 16 45
8 17 30
8 18 68
8 19 41
8 20 16
8 21 62
8 22 73
8 23 71
8 24 22
8 25 14
8 26 69
8 27 6
8 28 57
8 29 52
8 30 44
8 31 58
8 32 36
8 33 26
8 34 68
8 35 56
8 36 64
8 37 60
8 38 96
8 39 14
8 40 56
8 41 89
8 42 87
8 43 20
8 44 66
8 45 24
8 46 60
8 47 47
8 48 28
8 49 46
8 50 5
8 51 75
8 52 51
8 53 1
8 54 17
8 55 82
8 56 17
8 57 37
8 58 28
8 59 50
8 60 23
8 61 73
8 62 90
8 63 11
8 64 65
8 65 16
8 66 40
8 67 22
8 68 30
8 69 7
8 70 95
8 71 2
8 72 97
8 73 39
8 74 28
8 75 23
8 76 54
8 77 75
8 78 15
8 79 18
8 80 91
8 81 66
8 82 21
8 83 82
8 84 30
8 85 96
8 86 0
8 87 72
8 88 14
8 89 97
8 90 14
8 91 15
8 92 97
8 93 71
8 94 3
8 95 40
8 96 60
8 97 15
8 98 42
8 99 43
8 100 15
9 10 57
9 11 55
9 12 58
9 13 1
9 14 31
9 15 49
9 16 9
9 17 8
9 18 90
9 19 71
9 20 64
9 21 70
9 22 94
9 23 76
9 24 78
9 25 71
9 26 80
9 27 28
9 28 70
9 29 28
9 30 68
9 31 27
9 32 31
9 33 70
9 34 76
9 35 92
9 36 44
9 37 30
9 38 54
9 39 40
9 40 36
9 41 89
9 42 58
9 43 10
9 44 19
9 45 73
9 46 19
9 47 84
9 48 65
9 49 2
9 50 84
9 51 92
9 52 42
9 53 74
9 54 66
9 55 34
9 56 3
9 57 65
9 58 1
9 59 9
9 60 40
9 61 22
9 62 81
9 63 5
9 64 81
9 65 29
9 66 90
9 67 39
9 68 96
9 69 43
9 70 23
9 71 35
9 72 0
9 73 83
9 74 69
9 75 32
9 76 95
9 77 98
9 78 22
9 79 45
9 80 35
9 81 47
9 82 71
9 83 26
9 84 60
9 85 43
9 86 5
9 87 58
9 88 54
9 89 33
9 90 43
9 91 80
9 92 62
9 93 38
9 94 35
9 95 2
9 96 86
9 97 50
9 98 89
9 99 41
9 100 0
10 11 33
10 12 18
10 13 42
10 14 46
10 15 12
10 16 68
10 17 8
10 18 38
10 19 32
10 20 45
10 21 16
10 22 31
10 23 25
10 24 23
10 25 5
10 26 50
10 27 6
10 28 76
10 29 66
10 30 73
10 31 45
10 32 62
10 33 71
10 34 16
10 35 86
10 36 86
10 37 91
10 38 20
10 39 12
10 40 17
10 41 41
10 42 62
10 43 27
10 44 94
10 45 60
10 46 97
10 47 28
10 48 83
10 49 85
10 50 36
10 51 10
10 52 7
10 53 58
10 54 7
10 55 30
10 56 84
10 57 9
10 58 65
10 59 90
10 60 74
10 61 23
10 62 16
10 63 19
10 64 43
10 65 69
10 66 35
10 67 75
10 68 13
10 69 74
10 70 91
10 71 82
10 72 47
10 73 49
10 74 48
10 75 82
10 76 53
10 77 94
10 78 43
10 79 71
10 80 15
10 81 43
10 82 15
10 83 96
10 84 43
10 85 66
10 86 61
10 87 72
10 88 97
10 89 59
10 90 92
10 91 26
10 92 2
10 93 29
10 94 8
10 95 56
10 96 42
10 97 56
10 98 7
10 99 13
10 100 62
11 12 92
11 13 17
11 14 6
11 15 18
11 16 62
11 17 27
11 18 13
11 19 9
11 20 12
11 21 51
11 22 41
11 23 87
11 24 80
11 25 76
11 26 36
11 27 73
11 28 16
11 29 50
11 30 35
11 31 87
11 32 47
11 33 6
11 34 83
11 35 26
11 36 44
11 37 84
11 38 86
11 39 11
11 40 54
11 41 70
11 42 77
11 43 11
11 44 71
11 45 30
11 46 79
11 47 17
11 48 23
11 49 80
11 50 97
11 51 13
11 52 7
11 53 98
11 54 29
11 55 5
11 56 84
11 57 41
11 58 75
11 59 56
11 60 81
11 61 1
11 62 61
11 63 25
11 64 60
11 65 88
11 66 52
11 67 80
11 68 88
11 69 0
11 70 48
11 71 27
11 72 53
11 73 2
11 74 32
11 75 30
11 76 55
11 77 59
11 78 24
11 79 87
11 80 20
11 81 60
11 82 7
11 83 96
11 84 59
11 85 56
11 86 13
11 87 40
11 88 36
11 89 59
11 90 20
11 91 19
11 92 4
11 93 46
11 94 44
11 95 48
11 96 55
11 97 92
11 98 33
11 99 7
11 100 78
12 13 70
12 14 3
12 15 97
12 16 12
12 17 32
12 18 88
12 19 89
12 20 25
12 21 47
12 22 93
12 23 23
12 24 17
12 25 17
12 26 71
12 27 2
12 28 17
12 29 54
12 30 87
12 31 66
12 32 54
12 33 1
12 34 11
12 35 36
12 36 58
12 37 35
12 38 3
12 39 26
12 40 99
12 41 80
12 42 32
12 43 97
12 44 94
12 45 44
12 46 15
12 47 79
12 48 48
12 49 17
12 50 85
12 51 26
12 52 66
12 53 90
12 54 18
12 55 60
12 56 53
12 57 96
12 58 93
12 59 28
12 60 18
12 61 43
12 62 8
12 63 34
12 64 11
12 65 26
12 66 49
12 67 95
12 68 47
12 69 29
12 70 73
12 71 32
12 72 72
12 73 57
12 74 63
12 75 94
12 76 93
12 77 57
12 78 1
12 79 91
12 80 49
12 81 38
12 82 75
12 83 13
12 84 2
12 85 57
12 86 47
12 87 57
12 88 52
12 89 50
12 90 6
12 91 25
12 92 32
12 93 5
12 94 39
12 95 46
12 96 50
12 97 12
12 98 91
12 99 4
12 100 58
13 14 6
13 15 51
13 16 59
13 17 53
13 18 11
13 19 30
13 20 95
13 21 54
13 22 72
13 23 59
13 24 82
13 25 91
13 26 40
13 27 82
13 28 58
13 29 80
13 30 59
13 31 82
13 32 12
13 33 20
13 34 48
13 35 60
13 36 80
13 37 79
13 38 21
13 39 94
13 40 29
13 41 74
13 42 47
13 43 56
13 44 84
13 45 64
13 46 22
13 47 63
13 48 88
13 49 21
13 50 65
13 51 62
13 52 29
13 53 89
13 54 42
13 55 33
13 56 78
13 57 20
13 58 91
13 59 22
13 60 4
13 61 67
13 62 30
13 63 77
13 64 68
13 65 30
13 66 77
13 67 94
13 68 87
13 69 82
13 70 53
13 71 3
13 72 13
13 73 24
13 74 15
13 75 85
13 76 46
13 77 43
13 78 16
13 79 55
13 80 14
13 81 69
13 82 17
13 83 80
13 84 42
13 85 55
13 86 10
13 87 57
13 88 5
13 89 35
13 90 77
13 91 97
13 92 74
13 93 33
13 94 18
13 95 76
13 96 1
13 97 5
13 98 45
13 99 15
13 100 92
14 15 94
14 16 13
14 17 1
14 18 54
14 19 95
14 20 62
14 21 83
14 22 0
14 23 27
14 24 93
14 25 68
14 26 57
14 27 0
14 28 99
14 29 2
14 30 64
14 31 79
14 32 41
14 33 83
14 34 54
14 35 71
14 36 11
14 37 49
14 38 37
14 39 75
14 40 17
14 41 86
14 42 34
14 43 75
14 44 26
14 45 38
14 46 9
14 47 47
14 48 2
14 49 50
14 50 46
14 51 12
14 52 82
14 53 6
14 54 59
14 55 99
14 56 3
14 57 65
14 58 50
14 59 34
14 60 6
14 61 6
14 62 97
14 63 96
14 64 65
14 65 78
14 66 47
14 67 18
14 68 63
14 69 9
14 70 29
14 71 86
14 72 74
14 73 15
14 74 6
14 75 12
14 76 61
14 77 91
14 78 84
14 79 94
14 80 49
14 81 38
14 82 59
14 83 29
14 84 32
14 85 46
14 86 10
14 87 29
14 88 11
14 89 64
14 90 47
14 91 61
14 92 18
14 93 45
14 94 50
14 95 66
14 96 55
14 97 47
14 98 91
14 99 25
14 100 22
15 16 97
15 17 83
15 18 47
15 19 33
15 20 37
15 21 84
15 22 88
15 23 73
15 24 64
15 25 62
15 26 97
15 27 49
15 28 44
15 29 48
15 30 25
15 31 69
15 32 10
15 33 45
15 34 87
15 35 65
15 36 64
15 37 60
15 38 52
15 39 28
15 40 21
15 41 18
15 42 68
15 43 45
15 44 23
15 45 35
15 46 17
15 47 3
15 48 47
15 49 90
15 50 99
15 51 23
15 52 95
15 53 18
15 54 87
15 55 18
15 56 94
15 57 43
15 58 56
15 59 14
15 60 15
15 61 92
15 62 45
15 63 27
15 64 55
15 65 11
15 66 64
15 67 9
15 68 14
15 69 72
15 70 30
15 71 97
15 72 5
15 73 13
15 74 30
15 75 75
15 76 0
15 77 94
15 78 8
15 79 50
15 80 37
15 81 43
15 82 40
15 83 73
15 84 36
15 85 13
15 86 9
15 87 66
15 88 31
15 89 27
15 90 15
15 91 12
15 92 93
15 93 2
15 94 62
15 95 43
15 96 21
15 97 43
15 98 19
15 99 37
15 100 50
16 17 53
16 18 88
16 19 28
16 20 70
16 21 75
16 22 38
16 23 55
16 24 86
16 25 97
16 26 69
16 27 24
16 28 70
16 29 75
16 30 58
16 31 63
16 32 99
16 33 54
16 34 63
16 35 85
16 36 86
16 37 96
16 38 68
16 39 39
16 40 82
16 41 43
16 42 60
16 43 63
16 44 57
16 45 36
16 46 17
16 47 39
16 48 7
16 49 11
16 50 22
16 51 68
16 52 34
16 53 85
16 54 84
16 55 26
16 56 55
16 57 3
16 58 94
16 59 32
16 60 68
16 61 13
16 62 22
16 63 14
16 64 0
16 65 68
16 66 75
16 67 67
16 68 49
16 69 33
16 70 27
16 71 71
16 72 28
16 73 56
16 74 86
16 75 95
16 76 22
16 77 83
16 78 65
16 79 65
16 80 92
16 81 31
16 82 7
16 83 1
16 84 57
16 85 72
16 86 57
16 87 78
16 88 20
16 89 89
16 90 74
16 91 9
16 92 66
16 93 73
16 94 26
16 95 8
16 96 38
16 97 91
16 98 64
16 99 95
16 100 78
17 18 51
17 19 87
17 20 27
17 21 37
17 22 18
17 23 60
17 24 85
17 25 93
17 26 54
17 27 16
17 28 46
17 29 13
17 30 96
17 31 27
17 32 96
17 33 79
17 34 73
17 35 75
17 36 8
17 37 84
17 38 18
17 39 60
17 40 69
17 41 56
17 42 58
17 43 91
17 44 51
17 45 74
17 46 61
17 47 1
17 48 17
17 49 49
17 50 74
17 51 78
17 52 27
17 53 14
17 54 63
17 55 10
17 56 42
17 57 85
17 58 49
17 59 29
17 60 69
17 61 79
17 62 56
17 63 46
17 64 73
17 65 90
17 66 24
17 67 84
17 68 78
17 69 6
17 70 96
17 71 57
17 72 75
17 73 69
17 74 77
17 75 13
17 76 11
17 77 17
17 78 77
17 79 4
17 80 90
17 81 29
17 82 75
17 83 4
17 84 1
17 85 28
17 86 29
17 87 20
17 88 64
17 89 30
17 90 70
17 91 80
17 92 41
17 93 49
17 94 2
17 95 59
17 96 19
17 97 46
17 98 53
17 99 88
17 100 1
18 19 25
18 20 68
18 21 39
18 22 94
18 23 63
18 24 40
18 25 60
18 26 10
18 27 11
18 28 19
18 29 86
18 30 79
18 31 51
18 32 23
18 33 24
18 34 66
18 35 65
18 36 53
18 37 27
18 38 50
18 39 64
18 40 77
18 41 46
18 42 50
18 43 23
18 44 13
18 45 89
18 46 93
18 47 16
18 48 33
18 49 33
18 50 80
18 51 87
18 52 18
18 53 88
18 54 90
18 55 66
18 56 98
18 57 86
18 58 19
18 59 3
18 60 99
18 61 30
18 62 95
18 63 76
18 64 43
18 65 83
18 66 19
18 67 42
18 68 91
18 69 60
18 70 88
18 71 38
18 72 76
18 73 66
18 74 45
18 75 1
18 76 54
18 77 87
18 78 51
18 79 57
18 80 34
18 81 49
18 82 90
18 83 29
18 84 27
18 85 92
18 86 81
18 87 39
18 88 4
18 89 75
18 90 47
18 91 69
18 92 72
18 93 98
18 94 42
18 95 71
18 96 52
18 97 54
18 98 43
18 99 85
18 100 64
19 20 48
19 21 35
19 22 35
19 23 60
19 24 60
19 25 19
19 26 87
19 27 15
19 28 19
19 29 82
19 30 88
19 31 14
19 32 17
19 33 30
19 34 25
19 35 40
19 36 93
19 37 47
19 38 75
19 39 75
19 40 56
19 41 96
19 42 14
19 43 94
19 44 24
19 45 80
19 46 77
19 47 50
19 48 1
19 49 5
19 50 33
19 51 73
19 52 60
19 53 35
19 54 10
19 55 68
19 56 69
19 57 17
19 58 78
19 59 21
19 60 14
19 61 57
19 62 68
19 63 25
19 64 30
19 65 58
19 66 28
19 67 88
19 68 34
19 69 5
19 70 70
19 71 35
19 72 80
19 73 95
19 74 2
19 75 24
19 76 71
19 77 71
19 78 77
19 79 51
19 80 5
19 81 29
19 82 29
19 83 95
19 84 40
19 85 43
19 86 12
19 87 17
19 88 3
19 89 88
19 90 39
19 91 3
19 92 57
19 93 34
19 94 79
19 95 92
19 96 7
19 97 57
19 98 32
19 99 65
19 100 66
20 21 81
20 22 90
20 23 65
20 24 35
20 25 51
20 26 35
20 27 62
20 28 42
20 29 65
20 30 22
20 31 29
20 32 35
20 33 96
20 34 66
20 35 74
20 36 96
20 37 37
20 38 49
20 39 18
20 40 13
20 41 43
20 42 48
20 43 71
20 44 83
20 45 26
20 46 88
20 47 69
20 48 61
20 49 18
20 50 62
20 51 94
20 52 16
20 53 95
20 54 38
20 55 49
20 56 36
20 57 44
20 58 10
20 59 4
20 60 10
20 61 74
20 62 55
20 63 20
20 64 58
20 65 45
20 66 90
20 67 18
20 68 75
20 69 17
20 70 67
20 71 96
20 72 87
20 73 6
20 74 82
20 75 35
20 76 38
20 77 24
20 78 78
20 79 76
20 80 5
20 81 6
20 82 30
20 83 65
20 84 41
20 85 99
20 86 37
20 87 67
20 88 70
20 89 31
20 90 19
20 91 89
20 92 90
20 93 4
20 94 99
20 95 25
20 96 15
20 97 58
20 98 82
20 99 86
20 100 24
21 22 25
21 23 10
21 24 99
21 25 19
21 26 87
21 27 75
21 28 37
21 29 41
21 30 72
21 31 3
21 32 88
21 33 40
21 34 79
21 35 88
21 36 43
21 37 4
21 38 95
21 39 60
21 40 96
21 41 23
21 42 32
21 43 90
21 44 66
21 45 63
21 46 50
21 47 90
21 48 96
21 49 75
21 50 0
21 51 53
21 52 47
21 53 99
21 54 17
21 55 5
21 56 37
21 57 12
21 58 87
21 59 25
21 60 1
21 61 70
21 62 23
21 63 12
21 64 19
21 65 69
21 66 98
21 67 71
21 68 87
21 69 69
21 70 51
21 71 71
21 72 79
21 73 20
21 74 80
21 75 12
21 76 59
21 77 82
21 78 37
21 79 97
21 80 59
21 81 49
21 82 61
21 83 31
21 84 79
21 85 1
21 86 95
21 87 34
21 88 70
21 89 9
21 90 8
21 91 98
21 92 29
21 93 9
21 94 7
21 95 89
21 96 9
21 97 67
21 98 36
21 99 58
21 100 11
22 23 87
22 24 20
22 25 59
22 26 10
22 27 40
22 28 59
22 29 1
22 30 16
22 31 87
22 32 71
22 33 22
22 34 13
22 35 96
22 36 55
22 37 4
22 38 63
22 39 71
22 40 4
22 41 1
22 42 71
22 43 91
22 44 28
22 45 57
22 46 94
22 47 57
22 48 44
22 49 4
22 50 0
22 51 55
22 52 30
22 53 35
22 54 20
22 55 42
22 56 96
22 57 19
22 58 45
22 59 47
22 60 76
22 61 18
22 62 65
22 63 7
22 64 0
22 65 95
22 66 18
22 67 79
22 68 95
22 69 84
22 70 69
22 71 50
22 72 97
22 73 10
22 74 24
22 75 10
22 76 91
22 77 62
22 78 43
22 79 9
22 80 40
22 81 33
22 82 32
22 83 45
22 84 84
22 85 24
22 86 28
22 87 23
22 88 84
22 89 56
22 90 36
22 91 73
22 92 87
22 93 72
22 94 95
22 95 64
22 96 20
22 97 32
22 98 88
22 99 71
22 100 62
23 24 67
23 25 48
23 26 51
23 27 55
23 28 68
23 29 67
23 30 17
23 31 9
23 32 92
23 33 56
23 34 46
23 35 30
23 36 61
23 37 52
23 38 9
23 39 46
23 40 44
23 41 80
23 42 18
23 43 75
23 44 27
23 45 53
23 46 56
23 47 90
23 48 38
23 49 47
23 50 58
23 51 18
23 52 89
23 53 41
23 54 23
23 55 10
23 56 81
23 57 21
23 58 92
23 59 92
23 60 51
23 61 98
23 62 27
23 63 42
23 64 54
23 65 78
23 66 28
23 67 58
23 68 42
23 69 87
23 70 64
23 71 50
23 72 59
23 73 0
23 74 73
23 75 12
23 76 62
23 77 17
23 78 81
23 79 53
23 80 47
23 81 71
23 82 38
23 83 68
23 84 3
23 85 88
23 86 16
23 87 47
23 88 16
23 89 0
23 90 57
23 91 91
23 92 45
23 93 62
23 94 80
23 95 48
23 96 89
23 97 29
23 98 62
23 99 27
23 100 91
24 25 63
24 26 21
24 27 68
24 28 5
24 29 71
24 30 35
24 31 46
24 32 38
24 33 7
24 34 96
24 35 75
24 36 29
24 37 10
24 38 22
24 39 93
24 40 26
24 41 27
24 42 57
24 43 62
24 44 81
24 45 16
24 46 59
24 47 26
24 48 40
24 49 34
24 50 81
24 51 65
24 52 72
24 53 44
24 54 85
24 55 58
24 56 97
24 57 72
24 58 32
24 59 74
24 60 59
24 61 17
24 62 59
24 63 94
24 64 92
24 65 24
24 66 14
24 67 39
24 68 91
24 69 23
24 70 20
24 71 47
24 72 9
24 73 82
24 74 7
24 75 19
24 76 88
24 77 59
24 78 89
24 79 89
24 80 55
24 81 58
24 82 30
24 83 60
24 84 35
24 85 65
24 86 20
24 87 60
24 88 39
24 89 34
24 90 74
24 91 87
24 92 90
24 93 66
24 94 47
24 95 49
24 96 9
24 97 21
24 98 72
24 99 34
24 100 30
25 26 76
25 27 35
25 28 48
25 29 72
25 30 71
25 31 73
25 32 32
25 33 12
25 34 45
25 35 38
25 36 18
25 37 90
25 38 47
25 39 76
25 40 41
25 41 75
25 42 90
25 43 27
25 44 69
25 45 32
25 46 77
25 47 90
25 48 85
25 49 82
25 50 75
25 51 6
25 52 66
25 53 5
25 54 1
25 55 37
25 56 83
25 57 91
25 58 57
25 59 98
25 60 67
25 61 52
25 62 87
25 63 9
25 64 25
25 65 29
25 66 47
25 67 59
25 68 22
25 69 92
25 70 58
25 71 22
25 72 76
25 73 47
25 74 9
25 75 17
25 76 85
25 77 16
25 78 95
25 79 47
25 80 75
25 81 35
25 82 93
25 83 7
25 84 72
25 85 11
25 86 23
25 87 91
25 88 33
25 89 28
25 90 1
25 91 35
25 92 91
25 93 61
25 94 69
25 95 31
25 96 58
25 97 16
25 98 43
25 99 1
25 100 82
26 27 32
26 28 11
26 29 14
26 30 3
26 31 42
26 32 74
26 33 14
26 34 31
26 35 22
26 36 51
26 37 0
26 38 85
26 39 65
26 40 57
26 41 43
26 42 19
26 43 38
26 44 36
26 45 11
26 46 58
26 47 44
26 48 43
26 49 32
26 50 33
26 51 70
26 52 45
26 53 12
26 54 32
26 55 47
26 56 57
26 57 48
26 58 82
26 59 64
26 60 44
26 61 93
26 62 65
26 63 63
26 64 57
26 65 21
26 66 89
26 67 15
26 68 44
26 69 50
26 70 38
26 71 19
26 72 20
26 73 68
26 74 69
26 75 51
26 76 7
26 77 8
26 78 41
26 79 44
26 80 17
26 81 69
26 82 58
26 83 66
26 84 43
26 85 71
26 86 85
26 87 28
26 88 2
26 89 75
26 90 46
26 91 21
26 92 83
26 93 46
26 94 54
26 95 11
26 96 94
26 97 53
26 98 56
26 99 54
26 100 49
27 28 26
27 29 13
27 30 11
27 31 60
27 32 5
27 33 66
27 34 2
27 35 95
27 36 95
27 37 7
27 38 57
27 39 47
27 40 98
27 41 0
27 42 51
27 43 44
27 44 55
27 45 68
27 46 43
27 47 35
27 48 61
27 49 62
27 50 60
27 51 43
27 52 31
27 53 43
27 54 70
27 55 71
27 56 82
27 57 21
27 58 85
27 59 14
27 60 30
27 61 25
27 62 19
27 63 66
27 64 87
27 65 68
27 66 17
27 67 63
27 68 93
27 69 50
27 70 17
27 71 28
27 72 47
27 73 85
27 74 53
27 75 91
27 76 37
27 77 38
27 78 26
27 79 21
27 80 86
27 81 16
27 82 33
27 83 94
27 84 48
27 85 86
27 86 2
27 87 93
27 88 38
27 89 31
27 90 62
27 91 49
27 92 18
27 93 67
27 94 61
27 95 36
27 96 25
27 97 79
27 98 43
27 99 46
27 100 93
28 29 87
28 30 75
28 31 66
28 32 22
28 33 83
28 34 90
28 35 26
28 36 74
28 37 63
28 38 39
28 39 59
28 40 61
28 41 77
28 42 80
28 43 73
28 44 90
28 45 57
28 46 42
28 47 63
28 48 73
28 49 15
28 50 71
28 51 42
28 52 51
28 53 27
28 54 73
28 55 17
28 56 22
28 57 47
28 58 94
28 59 99
28 60 61
28 61 84
28 62 20
28 63 13
28 64 93
28 65 77
28 66 20
28 67 55
28 68 97
28 69 69
28 70 73
28 71 35
28 72 28
28 73 38
28 74 41
28 75 4
28 76 99
28 77 35
28 78 57
28 79 52
28 80 4
28 81 85
28 82 86
28 83 59
28 84 70
28 85 30
28 86 0
28 87 27
28 88 88
28 89 1
28 90 63
28 91 28
28 92 68
28 93 24
28 94 68
28 95 52
28 96 74
28 97 33
28 98 32
28 99 92
28 100 42
29 30 63
29 31 58
29 32 14
29 33 96
29 34 59
29 35 37
29 36 60
29 37 81
29 38 49
29 39 91
29 40 5
29 41 73
29 42 35
29 43 24
29 44 82
29 45 55
29 46 62
29 47 67
29 48 52
29 49 66
29 50 26
29 51 78
29 52 46
29 53 19
29 54 93
29 55 3
29 56 85
29 57 0
29 58 0
29 59 75
29 60 3
29 61 59
29 62 70
29 63 72
29 64 2
29 65 67
29 66 13
29 67 90
29 68 59
29 69 28
29 70 50
29 71 99
29 72 53
29 73 93
29 74 35
29 75 73
29 76 47
29 77 63
29 78 73
29 79 13
29 80 55
29 81 41
29 82 6
29 83 32
29 84 21
29 85 7
29 86 75
29 87 5
29 88 23
29 89 4
29 90 35
29 91 14
29 92 9
29 93 64
29 94 33
29 95 50
29 96 29
29 97 27
29 98 66
29 99 54
29 100 31
30 31 74
30 32 38
30 33 49
30 34 89
30 35 35
30 36 85
30 37 32
30 38 82
30 39 25
30 40 65
30 41 1
30 42 1
30 43 67
30 44 4
30 45 23
30 46 71
30 47 31
30 48 10
30 49 54
30 50 89
30 51 18
30 52 96
30 53 26
30 54 75
30 55 59
30 56 7
30 57 31
30 58 13
30 59 41
30 60 4
30 61 73
30 62 97
30 63 38
30 64 10
30 65 11
30 66 5
30 67 2
30 68 60
30 69 66
30 70 61
30 71 74
30 72 27
30 73 71
30 74 29
30 75 36
30 76 73
30 77 62
30 78 51
30 79 99
30 80 55
30 81 58
30 82 99
30 83 2
30 84 58
30 85 29
30 86 16
30 87 53
30 88 97
30 89 37
30 90 0
30 91 1
30 92 9
30 93 4
30 94 96
30 95 60
30 96 98
30 97 15
30 98 52
30 99 74
30 100 21
31 32 45
31 33 41
31 34 89
31 35 17
31 36 27
31 37 23
31 38 22
31 39 63
31 40 37
31 41 43
31 42 41
31 43 0
31 44 74
31 45 15
31 46 93
31 47 94
31 48 62
31 49 86
31 50 89
31 51 65
31 52 65
31 53 41
31 54 83
31 55 5
31 56 47
31 57 48
31 58 69
31 59 99
31 60 45
31 61 98
31 62 59
31 63 48
31 64 80
31 65 88
31 66 18
31 67 31
31 68 79
31 69 14
31 70 31
31 71 58
31 72 26
31 73 37
31 74 81
31 75 19
31 76 80
31 77 85
31 78 66
31 79 29
31 80 40
31 81 53
31 82 98
31 83 49
31 84 49
31 85 55
31 86 80
31 87 38
31 88 24
31 89 39
31 90 37
31 91 28
31 92 45
31 93 39
31 94 54
31 95 7
31 96 43
31 97 85
31 98 58
31 99 34
31 100 90
32 33 1
32 34 90
32 35 73
32 36 80
32 37 77
32 38 80
32 39 69
32 40 77
32 41 65
32 42 25
32 43 35
32 44 42
32 45 10
32 46 93
32 47 71
32 48 20
32 49 41
32 50 99
32 51 38
32 52 4
32 53 39
32 54 25
32 55 73
32 56 69
32 57 75
32 58 45
32 59 63
32 60 63
32 61 69
32 62 13
32 63 77
32 64 24
32 65 91
32 66 2
32 67 38
32 68 59
32 69 2
32 70 39
32 71 63
32 72 74
32 73 65
32 74 16
32 75 7
32 76 94
32 77 17
32 78 38
32 79 53
32 80 27
32 81 44
32 82 52
32 83 25
32 84 18
32 85 89
32 86 63
32 87 26
32 88 76
32 89 76
32 90 63
32 91 89
32 92 26
32 93 41
32 94 44
32 95 46
32 96 54
32 97 73
32 98 66
32 99 68
32 100 2
33 34 31
33 35 42
33 36 90
33 37 20
33 38 91
33 39 31
33 40 91
33 41 22
33 42 99
33 43 58
33 44 4
33 45 13
33 46 14
33 47 50
33 48 50
33 49 37
33 50 64
33 51 39
33 52 55
33 53 75
33 54 88
33 55 50
33 56 21
33 57 55
33 58 1
33 59 19
33 60 0
33 61 21
33 62 13
33 63 96
33 64 55
33 65 47
33 66 7
33 67 81
33 68 70
33 69 23
33 70 96
33 71 57
33 72 14
33 73 43
33 74 63
33 75 83
33 76 55
33 77 67
33 78 56
33 79 29
33 80 97
33 81 4
33 82 38
33 83 97
33 84 60
33 85 18
33 86 43
33 87 94
33 88 69
33 89 30
33 90 54
33 91 50
33 92 33
33 93 1
33 94 58
33 95 65
33 96 55
33 97 72
33 98 45
33 99 84
33 100 85
34 35 7
34 36 76
34 37 33
34 38 82
34 39 53
34 40 37
34 41 31
34 42 65
34 43 18
34 44 79
34 45 37
34 46 47
34 47 57
34 48 15
34 49 88
34 50 54
34 51 90
34 52 45
34 53 29
34 54 8
34 55 31
34 56 37
34 57 41
34 58 35
34 59 72
34 60 14
34 61 1
34 62 46
34 63 11
34 64 1
34 65 34
34 66 38
34 67 71
34 68 71
34 69 49
34 70 77
34 71 31
34 72 76
34 73 39
34 74 50
34 75 81
34 76 79
34 77 83
34 78 24
34 79 36
34 80 26
34 81 27
34 82 38
34 83 65
34 84 75
34 85 4
34 86 92
34 87 44
34 88 95
34 89 58
34 90 37
34 91 85
34 92 45
34 93 45
34 94 23
34 95 56
34 96 76
34 97 47
34 98 88
34 99 53
34 100 79
35 36 14
35 37 65
35 38 85
35 39 59
35 40 55
35 41 82
35 42 6
35 43 78
35 44 69
35 45 99
35 46 22
35 47 79
35 48 65
35 49 49
35 50 76
35 51 51
35 52 67
35 53 79
35 54 51
35 55 47
35 56 31
35 57 50
35 58 64
35 59 67
35 60 32
35 61 72
35 62 88
35 63 11
35 64 46
35 65 58
35 66 63
35 67 34
35 68 1
35 69 89
35 70 41
35 71 93
35 72 32
35 73 95
35 74 88
35 75 94
35 76 91
35 77 88
35 78 14
35 79 96
35 80 49
35 81 93
35 82 41
35 83 52
35 84 19
35 85 68
35 86 13
35 87 14
35 88 47
35 89 69
35 90 40
35 91 26
35 92 75
35 93 16
35 94 95
35 95 15
35 96 94
35 97 93
35 98 48
35 99 24
35 100 56
36 37 90
36 38 45
36 39 20
36 40 25
36 41 22
36 42 52
36 43 6
36 44 9
36 45 95
36 46 64
36 47 16
36 48 73
36 49 20
36 50 43
36 51 32
36 52 85
36 53 80
36 54 99
36 55 97
36 56 35
36 57 40
36 58 21
36 59 10
36 60 44
36 61 96
36 62 81
36 63 16
36 64 96
36 65 55
36 66 97
36 67 73
36 68 54
36 69 50
36 70 61
36 71 8
36 72 17
36 73 68
36 74 85
36 75 12
36 76 37
36 77 47
36 78 27
36 79 76
36 80 13
36 81 66
36 82 7
36 83 63
36 84 94
36 85 96
36 86 82
36 87 66
36 88 14
36 89 20
36 90 7
36 91 44
36 92 7
36 93 85
36 94 19
36 95 15
36 96 93
36 97 57
36 98 92
36 99 60
36 100 97
37 38 16
37 39 17
37 40 52
37 41 45
37 42 88
37 43 54
37 44 74
37 45 79
37 46 33
37 47 53
37 48 53
37 49 42
37 50 41
37 51 27
37 52 86
37 53 81
37 54 45
37 55 70
37 56 62
37 57 11
37 58 81
37 59 13
37 60 0
37 61 38
37 62 62
37 63 41
37 64 67
37 65 59
37 66 72
37 67 28
37 68 25
37 69 78
37 70 32
37 71 29
37 72 83
37 73 86
37 74 61
37 75 49
37 76 82
37 77 2
37 78 54
37 79 1
37 80 69
37 81 11
37 82 73
37 83 28
37 84 2
37 85 61
37 86 44
37 87 97
37 88 84
37 89 51
37 90 57
37 91 52
37 92 95
37 93 22
37 94 92
37 95 41
37 96 62
37 97 26
37 98 39
37 99 16
37 100 17
38 39 69
38 40 38
38 41 50
38 42 71
38 43 74
38 44 70
38 45 90
38 46 7
38 47 8
38 48 81
38 49 7
38 50 26
38 51 12
38 52 3
38 53 82
38 54 70
38 55 23
38 56 67
38 57 86
38 58 14
38 59 49
38 60 55
38 61 86
38 62 94
38 63 11
38 64 33
38 65 33
38 66 27
38 67 32
38 68 55
38 69 87
38 70 92
38 71 21
38 72 48
38 73 65
38 74 49
38 75 47
38 76 17
38 77 32
38 78 96
38 79 51
38 80 53
38 81 9
38 82 21
38 83 94
38 84 35
38 85 8
38 86 46
38 87 73
38 88 81
38 89 0
38 90 64
38 91 7
38 92 78
38 93 32
38 94 55
38 95 33
38 96 29
38 97 21
38 98 19
38 99 93
38 100 95
39 40 97
39 41 7
39 42 89
39 43 43
39 44 91
39 45 40
39 46 76
39 47 36
39 48 30
39 49 53
39 50 97
39 51 30
39 52 27
39 53 4
39 54 38
39 55 45
39 56 22
39 57 33
39 58 32
39 59 24
39 60 18
39 61 82
39 62 71
39 63 86
39 64 75
39 65 46
39 66 72
39 67 15
39 68 71
39 69 82
39 70 55
39 71 31
39 72 98
39 73 7
39 74 89
39 75 16
39 76 38
39 77 12
39 78 86
39 79 71
39 80 64
39 81 29
39 82 0
39 83 99
39 84 33
39 85 66
39 86 46
39 87 49
39 88 27
39 89 88
39 90 43
39 91 99
39 92 55
39 93 55
39 94 9
39 95 81
39 96 67
39 97 56
39 98 60
39 99 56
39 100 94
40 41 63
40 42 98
40 43 41
40 44 27
40 45 67
40 46 57
40 47 22
40 48 16
40 49 75
40 50 57
40 51 37
40 52 17
40 53 53
40 54 96
40 55 85
40 56 62
40 57 69
40 58 68
40 59 1
40 60 98
40 61 53
40 62 3
40 63 21
40 64 68
40 65 94
40 66 67
40 67 51
40 68 6
40 69 7
40 70 98
40 71 17
40 72 87
40 73 52
40 74 0
40 75 22
40 76 71
40 77 15
40 78 61
40 79 72
40 80 26
40 81 14
40 82 76
40 83 8
40 84 99
40 85 49
40 86 33
40 87 55
40 88 53
40 89 98
40 90 62
40 91 61
40 92 73
40 93 79
40 94 75
40 95 8
40 96 57
40 97 43
40 98 72
40 99 84
40 100 80
41 42 87
41 43 7
41 44 42
41 45 14
41 46 86
41 47 46
41 48 68
41 49 68
41 50 79
41 51 80
41 52 40
41 53 20
41 54 91
41 55 82
41 56 53
41 57 67
41 58 72
41 59 0
41 60 59
41 61 23
41 62 48
41 63 17
41 64 11
41 65 36
41 66 97
41 67 70
41 68 31
41 69 29
41 70 2
41 71 77
41 72 80
41 73 45
41 74 93
41 75 34
41 76 78
41 77 73
41 78 59
41 79 85
41 80 74
41 81 26
41 82 86
41 83 71
41 84 76
41 85 79
41 86 10
41 87 42
41 88 88
41 89 94
41 90 74
41 91 14
41 92 58
41 93 15
41 94 23
41 95 6
41 96 97
41 97 22
41 98 37
41 99 26
41 100 90
42 43 3
42 44 41
42 45 73
42 46 8
42 47 66
42 48 35
42 49 55
42 50 55
42 51 69
42 52 69
42 53 49
42 54 47
42 55 23
42 56 54
42 57 8
42 58 67
42 59 39
42 60 17
42 61 60
42 62 86
42 63 62
42 64 4
42 65 87
42 66 42
42 67 91
42 68 45
42 69 97
42 70 22
42 71 3
42 72 94
42 73 31
42 74 39
42 75 36
42 76 45
42 77 13
42 78 27
42 79 55
42 80 97
42 81 37
42 82 1
42 83 67
42 84 64
42 85 36
42 86 64
42 87 45
42 88 48
42 89 77
42 90 44
42 91 56
42 92 54
42 93 42
42 94 38
42 95 32
42 96 26
42 97 97
42 98 67
42 99 21
42 100 70
43 44 94
43 45 65
43 46 13
43 47 31
43 48 69
43 49 98
43 50 12
43 51 72
43 52 84
43 53 76
43 54 85
43 55 27
43 56 33
43 57 47
43 58 28
43 59 88
43 60 10
43 61 90
43 62 4
43 63 43
43 64 20
43 65 20
43 66 25
43 67 33
43 68 83
43 69 4
43 70 66
43 71 41
43 72 32
43 73 75
43 74 30
43 75 84
43 76 19
43 77 74
43 78 75
43 79 70
43 80 8
43 81 95
43 82 66
43 83 77
43 84 89
43 85 62
43 86 43
43 87 46
43 88 94
43 89 32
43 90 37
43 91 15
43 92 20
43 93 93
43 94 76
43 95 41
43 96 42
43 97 14
43 98 1
43 99 66
43 100 28
44 45 55
44 46 98
44 47 37
44 48 62
44 49 49
44 50 55
44 51 50
44 52 34
44 53 73
44 54 1
44 55 91
44 56 48
44 57 66
44 58 24
44 59 1
44 60 72
44 61 71
44 62 13
44 63 16
44 64 86
44 65 47
44 66 83
44 67 63
44 68 98
44 69 44
44 70 6
44 71 92
44 72 79
44 73 90
44 74 60
44 75 7
44 76 28
44 77 57
44 78 46
44 79 15
44 80 63
44 81 68
44 82 61
44 83 13
44 84 22
44 85 51
44 86 27
44 87 6
44 88 68
44 89 75
44 90 50
44 91 81
44 92 9
44 93 26
44 94 67
44 95 69
44 96 89
44 97 34
44 98 20
44 99 35
44 100 4
45 46 61
45 47 41
45 48 26
45 49 94
45 50 72
45 51 77
45 52 66
45 53 32
45 54 75
45 55 85
45 56 40
45 57 3
45 58 44
45 59 53
45 60 83
45 61 21
45 62 39
45 63 38
45 64 90
45 65 48
45 66 93
45 67 60
45 68 16
45 69 0
45 70 4
45 71 5
45 72 17
45 73 26
45 74 53
45 75 88
45 76 28
45 77 8
45 78 22
45 79 52
45 80 1
45 81 79
45 82 30
45 83 25
45 84 97
45 85 75
45 86 61
45 87 91
45 88 43
45 89 71
45 90 75
45 91 84
45 92 21
45 93 75
45 94 91
45 95 74
45 96 34
45 97 1
45 98 53
45 99 22
45 100 53
46 47 56
46 48 81
46 49 22
46 50 81
46 51 91
46 52 86
46 53 14
46 54 88
46 55 50
46 56 29
46 57 73
46 58 53
46 59 36
46 60 64
46 61 58
46 62 99
46 63 26
46 64 96
46 65 93
46 66 68
46 67 82
46 68 86
46 69 19
46 70 27
46 71 15
46 72 64
46 73 77
46 74 59
46 75 27
46 76 57
46 77 31
46 78 42
46 79 92
46 80 18
46 81 40
46 82 13
46 83 81
46 84 11
46 85 88
46 86 40
46 87 95
46 88 42
46 89 49
46 90 85
46 91 25
46 92 23
46 93 8
46 94 45
46 95 61
46 96 6
46 97 53
46 98 65
46 99 8
46 100 23
47 48 26
47 49 78
47 50 12
47 51 45
47 52 51
47 53 2
47 54 16
47 55 14
47 56 13
47 57 1
47 58 55
47 59 97
47 60 23
47 61 84
47 62 20
47 63 29
47 64 74
47 65 8
47 66 90
47 67 67
47 68 66
47 69 12
47 70 58
47 71 92
47 72 8
47 73 11
47 74 88
47 75 32
47 76 63
47 77 71
47 78 57
47 79 22
47 80 97
47 81 73
47 82 71
47 83 6
47 84 40
47 85 11
47 86 80
47 87 49
47 88 76
47 89 96
47 90 80
47 91 79
47 92 97
47 93 27
47 94 70
47 95 6
47 96 0
47 97 21
47 98 21
47 99 30
47 100 74
48 49 38
48 50 11
48 51 23
48 52 11
48 53 26
48 54 20
48 55 16
48 56 12
48 57 24
48 58 80
48 59 43
48 60 79
48 61 79
48 62 62
48 63 8
48 64 48
48 65 27
48 66 95
48 67 12
48 68 47
48 69 90
48 70 73
48 71 91
48 72 80
48 73 93
48 74 56
48 75 70
48 76 8
48 77 71
48 78 47
48 79 40
48 80 7
48 81 5
48 82 89
48 83 43
48 84 28
48 85 82
48 86 38
48 87 66
48 88 7
48 89 52
48 90 58
48 91 57
48 92 46
48 93 33
48 94 40
48 95 72
48 96 72
48 97 52
48 98 24
48 99 33
48 100 98
49 50 96
49 51 41
49 52 46
49 53 31
49 54 35
49 55 73
49 56 43
49 57 43
49 58 5
49 59 12
49 60 78
49 61 10
49 62 18
49 63 27
49 64 85
49 65 71
49 66 94
49 67 62
49 68 92
49 69 97
49 70 81
49 71 54
49 72 15
49 73 56
49 74 74
49 75 36
49 76 30
49 77 51
49 78 23
49 79 55
49 80 0
49 81 74
49 82 28
49 83 22
49 84 11
49 85 62
49 86 59
49 87 75
49 88 58
49 89 53
49 90 98
49 91 88
49 92 99
49 93 9
49 94 10
49 95 60
49 96 28
49 97 42
49 98 60
49 99 89
49 100 88
50 51 28
50 52 97
50 53 0
50 54 81
50 55 35
50 56 41
50 57 92
50 58 66
50 59 71
50 60 1
50 61 13
50 62 9
50 63 86
50 64 78
50 65 13
50 66 89
50 67 14
50 68 41
50 69 88
50 70 76
50 71 26
50 72 90
50 73 39
50 74 87
50 75 44
50 76 97
50 77 86
50 78 46
50 79 80
50 80 11
50 81 12
50 82 79
50 83 89
50 84 10
50 85 10
50 86 57
50 87 30
50 88 9
50 89 1
50 90 86
50 91 71
50 92 94
50 93 51
50 94 61
50 95 26
50 96 78
50 97 29
50 98 35
50 99 95
50 100 35
51 52 82
51 53 14
51 54 31
51 55 86
51 56 61
51 57 33
51 58 34
51 59 99
51 60 77
51 61 52
51 62 52
51 63 12
51 64 24
51 65 8
51 66 37
51 67 79
51 68 46
51 69 73
51 70 2
51 71 51
51 72 98
51 73 57
51 74 68
51 75 50
51 76 23
51 77 69
51 78 5
51 79 26
51 80 73
51 81 7
51 82 78
51 83 4
51 84 8
51 85 20
51 86 39
51 87 5
51 88 42
51 89 85
51 90 8
51 91 92
51 92 87
51 93 19
51 94 99
51 95 41
51 96 97
51 97 22
51 98 26
51 99 14
51 100 91
52 53 97
52 54 8
52 55 77
52 56 71
52 57 60
52 58 85
52 59 46
52 60 77
52 61 70
52 62 53
52 63 92
52 64 50
52 65 41
52 66 23
52 67 24
52 68 16
52 69 16
52 70 19
52 71 60
52 72 10
52 73 60
52 74 20
52 75 31
52 76 69
52 77 40
52 78 3
52 79 63
52 80 96
52 81 34
52 82 19
52 83 47
52 84 37
52 85 45
52 86 36
52 87 93
52 88 22
52 89 72
52 90 7
52 91 0
52 92 28
52 93 47
52 94 86
52 95 19
52 96 62
52 97 63
52 98 58
52 99 16
52 100 35
53 54 54
53 55 74
53 56 49
53 57 15
53 58 33
53 59 84
53 60 13
53 61 54
53 62 81
53 63 45
53 64 82
53 65 1
53 66 30
53 67 98
53 68 81
53 69 4
53 70 80
53 71 41
53 72 98
53 73 4
53 74 19
53 75 3
53 76 13
53 77 55
53 78 72
53 79 51
53 80 5
53 81 47
53 82 23
53 83 99
53 84 46
53 85 48
53 86 92
53 87 70
53 88 44
53 89 65
53 90 0
53 91 72
53 92 23
53 93 23
53 94 17
53 95 72
53 96 21
53 97 10
53 98 5
53 99 38
53 100 53
54 55 44
54 56 93
54 57 57
54 58 77
54 59 29
54 60 65
54 61 8
54 62 36
54 63 4
54 64 26
54 65 10
54 66 82
54 67 34
54 68 28
54 69 0
54 70 72
54 71 92
54 72 98
54 73 81
54 74 66
54 75 41
54 76 29
54 77 78
54 78 50
54 79 21
54 80 35
54 81 2
54 82 87
54 83 68
54 84 49
54 85 76
54 86 32
54 87 69
54 88 84
54 89 21
54 90 24
54 91 45
54 92 22
54 93 75
54 94 85
54 95 53
54 96 11
54 97 93
54 98 24
54 99 48
54 100 18
55 56 2
55 57 63
55 58 51
55 59 99
55 60 88
55 61 95
55 62 42
55 63 0
55 64 91
55 65 91
55 66 44
55 67 70
55 68 25
55 69 7
55 70 81
55 71 87
55 72 36
55 73 85
55 74 75
55 75 36
55 76 83
55 77 34
55 78 54
55 79 76
55 80 95
55 81 96
55 82 23
55 83 91
55 84 21
55 85 43
55 86 79
55 87 52
55 88 4
55 89 62
55 90 43
55 91 44
55 92 65
55 93 51
55 94 79
55 95 4
55 96 25
55 97 44
55 98 11
55 99 41
55 100 80
56 57 27
56 58 57
56 59 58
56 60 6
56 61 64
56 62 92
56 63 67
56 64 87
56 65 28
56 66 97
56 67 5
56 68 91
56 69 62
56 70 72
56 71 24
56 72 56
56 73 31
56 74 12
56 75 40
56 76 86
56 77 23
56 78 36
56 79 67
56 80 14
56 81 80
56 82 79
56 83 67
56 84 40
56 85 33
56 86 8
56 87 27
56 88 96
56 89 47
56 90 26
56 91 13
56 92 30
56 93 78
56 94 6
56 95 7
56 96 33
56 97 67
56 98 87
56 99 32
56 100 11
57 58 10
57 59 59
57 60 65
57 61 99
57 62 62
57 63 75
57 64 22
57 65 77
57 66 64
57 67 16
57 68 85
57 69 3
57 70 2
57 71 50
57 72 49
57 73 65
57 74 82
57 75 81
57 76 52
57 77 28
57 78 53
57 79 71
57 80 70
57 81 97
57 82 58
57 83 26
57 84 49
57 85 43
57 86 27
57 87 15
57 88 82
57 89 30
57 90 67
57 91 93
57 92 18
57 93 87
57 94 72
57 95 32
57 96 37
57 97 19
57 98 72
57 99 71
57 100 63
58 59 6
58 60 89
58 61 95
58 62 18
58 63 32
58 64 84
58 65 68
58 66 48
58 67 49
58 68 86
58 69 91
58 70 46
58 71 23
58 72 73
58 73 34
58 74 12
58 75 0
58 76 15
58 77 80
58 78 0
58 79 79
58 80 10
58 81 48
58 82 84
58 83 73
58 84 93
58 85 15
58 86 38
58 87 25
58 88 21
58 89 89
58 90 72
58 91 24
58 92 8
58 93 17
58 94 26
58 95 31
58 96 84
58 97 58
58 98 32
58 99 42
58 100 77
59 60 90
59 61 84
59 62 35
59 63 58
59 64 54
59 65 71
59 66 95
59 67 73
59 68 24
59 69 67
59 70 26
59 71 58
59 72 81
59 73 51
59 74 49
59 75 2
59 76 79
59 77 22
59 78 38
59 79 55
59 80 87
59 81 86
59 82 85
59 83 90
59 84 12
59 85 10
59 86 56
59 87 8
59 88 21
59 89 4
59 90 10
59 91 16
59 92 27
59 93 51
59 94 11
59 95 44
59 96 35
59 97 85
59 98 4
59 99 47
59 100 83
60 61 38
60 62 85
60 63 95
60 64 20
60 65 66
60 66 78
60 67 57
60 68 19
60 69 42
60 70 70
60 71 60
60 72 71
60 73 99
60 74 38
60 75 25
60 76 3
60 77 67
60 78 87
60 79 25
60 80 14
60 81 67
60 82 12
60 83 35
60 84 8
60 85 89
60 86 24
60 87 90
60 88 49
60 89 94
60 90 50
60 91 99
60 92 29
60 93 74
60 94 32
60 95 62
60 96 5
60 97 23
60 98 32
60 99 40
60 100 5
61 62 19
61 63 72
61 64 38
61 65 58
61 66 55
61 67 41
61 68 17
61 69 44
61 70 69
61 71 96
61 72 7
61 73 16
61 74 78
61 75 16
61 76 50
61 77 17
61 78 4
61 79 73
61 80 26
61 81 82
61 82 21
61 83 83
61 84 78
61 85 74
61 86 29
61 87 79
61 88 24
61 89 23
61 90 31
61 91 59
61 92 58
61 93 28
61 94 46
61 95 9
61 96 94
61 97 41
61 98 93
61 99 77
61 100 30
62 63 91
62 64 46
62 65 3
62 66 37
62 67 83
62 68 26
62 69 2
62 70 89
62 71 27
62 72 23
62 73 66
62 74 93
62 75 9
62 76 99
62 77 2
62 78 98
62 79 89
62 80 42
62 81 31
62 82 84
62 83 8
62 84 89
62 85 10
62 86 17
62 87 66
62 88 85
62 89 11
62 90 30
62 91 35
62 92 86
62 93 55
62 94 30
62 95 46
62 96 84
62 97 13
62 98 76
62 99 62
62 100 48
63 64 28
63 65 13
63 66 84
63 67 77
63 68 8
63 69 69
63 70 50
63 71 18
63 72 3
63 73 93
63 74 44
63 75 89
63 76 52
63 77 32
63 78 66
63 79 23
63 80 14
63 81 68
63 82 41
63 83 95
63 84 76
63 85 82
63 86 23
63 87 61
63 88 67
63 89 42
63 90 90
63 91 50
63 92 59
63 93 4
63 94 82
63 95 88
63 96 32
63 97 23
63 98 10
63 99 50
63 100 58
64 65 76
64 66 91
64 67 49
64 68 30
64 69 18
64 70 35
64 71 79
64 72 35
64 73 37
64 74 56
64 75 88
64 76 40
64 77 40
64 78 6
64 79 64
64 80 42
64 81 47
64 82 42
64 83 32
64 84 76
64 85 32
64 86 42
64 87 13
64 88 69
64 89 53
64 90 62
64 91 49
64 92 78
64 93 98
64 94 3
64 95 32
64 96 36
64 97 71
64 98 33
64 99 58
64 100 66
65 66 75
65 67 92
65 68 51
65 69 65
65 70 51
65 71 15
65 72 21
65 73 48
65 74 50
65 75 43
65 76 32
65 77 33
65 78 61
65 79 24
65 80 45
65 81 39
65 82 28
65 83 0
65 84 3
65 85 59
65 86 68
65 87 58
65 88 32
65 89 10
65 90 41
65 91 10
65 92 79
65 93 79
65 94 99
65 95 64
65 96 50
65 97 66
65 98 42
65 99 79
65 100 24
66 67 62
66 68 98
66 69 54
66 70 29
66 71 78
66 72 65
66 73 29
66 74 55
66 75 35
66 76 40
66 77 16
66 78 27
66 79 12
66 80 52
66 81 39
66 82 19
66 83 87
66 84 21
66 85 23
66 86 29
66 87 3
66 88 13
66 89 36
66 90 58
66 91 77
66 92 54
66 93 6
66 94 24
66 95 3
66 96 6
66 97 10
66 98 73
66 99 30
66 100 42
67 68 42
67 69 70
67 70 6
67 71 28
67 72 12
67 73 32
67 74 88
67 75 99
67 76 65
67 77 18
67 78 38
67 79 25
67 80 92
67 81 87
67 82 67
67 83 51
67 84 17
67 85 48
67 86 86
67 87 32
67 88 87
67 89 82
67 90 0
67 91 68
67 92 89
67 93 54
67 94 23
67 95 95
67 96 45
67 97 6
67 98 1
67 99 20
67 100 53
68 69 20
68 70 5
68 71 7
68 72 20
68 73 65
68 74 85
68 75 77
68 76 76
68 77 54
68 78 68
68 79 77
68 80 51
68 81 36
68 82 15
68 83 90
68 84 75
68 85 44
68 86 11
68 87 86
68 88 62
68 89 53
68 90 93
68 91 6
68 92 38
68 93 14
68 94 97
68 95 24
68 96 58
68 97 33
68 98 54
68 99 25
68 100 12
69 70 13
69 71 21
69 72 12
69 73 45
69 74 19
69 75 32
69 76 94
69 77 72
69 78 97
69 79 20
69 80 37
69 81 11
69 82 89
69 83 23
69 84 68
69 85 39
69 86 80
69 87 12
69 88 62
69 89 49
69 90 18
69 91 3
69 92 79
69 93 62
69 94 93
69 95 42
69 96 44
69 97 79
69 98 65
69 99 4
69 100 5
70 71 57
70 72 35
70 73 55
70 74 46
70 75 49
70 76 72
70 77 35
70 78 64
70 79 38
70 80 79
70 81 62
70 82 55
70 83 95
70 84 5
70 85 17
70 86 76
70 87 29
70 88 37
70 89 99
70 90 38
70 91 58
70 92 69
70 93 8
70 94 95
70 95 44
70 96 82
70 97 11
70 98 87
70 99 73
70 100 30
71 72 70
71 73 80
71 74 23
71 75 3
71 76 21
71 77 66
71 78 37
71 79 39
71 80 14
71 81 35
71 82 19
71 83 50
71 84 66
71 85 32
71 86 6
71 87 94
71 88 42
71 89 41
71 90 32
71 91 27
71 92 93
71 93 59
71 94 18
71 95 67
71 96 36
71 97 51
71 98 56
71 99 24
71 100 23
72 73 84
72 74 25
72 75 10
72 76 6
72 77 25
72 78 40
72 79 86
72 80 15
72 81 28
72 82 13
72 83 38
72 84 30
72 85 9
72 86 54
72 87 66
72 88 90
72 89 41
72 90 30
72 91 54
72 92 33
72 93 57
72 94 92
72 95 44
72 96 7
72 97 55
72 98 15
72 99 37
72 100 45
73 74 32
73 75 4
73 76 34
73 77 92
73 78 27
73 79 73
73 80 6
73 81 51
73 82 47
73 83 36
73 84 29
73 85 85
73 86 34
73 87 3
73 88 92
73 89 93
73 90 91
73 91 60
73 92 67
73 93 49
73 94 28
73 95 61
73 96 77
73 97 68
73 98 2
73 99 36
73 100 21
74 75 22
74 76 18
74 77 38
74 78 93
74 79 5
74 80 94
74 81 43
74 82 35
74 83 46
74 84 95
74 85 7
74 86 7
74 87 96
74 88 87
74 89 82
74 90 91
74 91 74
74 92 66
74 93 82
74 94 42
74 95 39
74 96 59
74 97 15
74 98 45
74 99 37
74 100 11
75 76 20
75 77 33
75 78 56
75 79 63
75 80 57
75 81 2
75 82 16
75 83 70
75 84 46
75 85 42
75 86 18
75 87 73
75 88 38
75 89 72
75 90 46
75 91 55
75 92 50
75 93 11
75 94 40
75 95 41
75 96 61
75 97 69
75 98 79
75 99 28
75 100 49
76 77 52
76 78 7
76 79 31
76 80 74
76 81 75
76 82 20
76 83 6
76 84 90
76 85 80
76 86 55
76 87 48
76 88 12
76 89 69
76 90 2
76 91 30
76 92 57
76 93 7
76 94 4
76 95 99
76 96 56
76 97 77
76 98 3
76 99 17
76 100 82
77 78 14
77 79 11
77 80 56
77 81 4
77 82 48
77 83 1
77 84 3
77 85 93
77 86 88
77 87 86
77 88 44
77 89 63
77 90 33
77 91 77
77 92 88
77 93 42
77 94 0
77 95 58
77 96 6
77 97 63
77 98 34
77 99 39
77 100 15
78 79 60
78 80 9
78 81 95
78 82 90
78 83 50
78 84 46
78 85 32
78 86 33
78 87 44
78 88 47
78 89 1
78 90 86
78 91 47
78 92 55
78 93 62
78 94 15
78 95 9
78 96 88
78 97 19
78 98 41
78 99 70
78 100 49
79 80 3
79 81 11
79 82 6
79 83 5
79 84 70
79 85 33
79 86 31
79 87 27
79 88 7
79 89 35
79 90 10
79 91 85
79 92 26
79 93 13
79 94 40
79 95 55
79 96 76
79 97 93
79 98 86
79 99 57
79 100 77
80 81 49
80 82 66
80 83 17
80 84 2
80 85 34
80 86 37
80 87 21
80 88 30
80 89 2
80 90 30
80 91 23
80 92 16
80 93 54
80 94 98
80 95 97
80 96 25
80 97 87
80 98 32
80 99 74
80 100 30
81 82 29
81 83 49
81 84 43
81 85 92
81 86 71
81 87 17
81 88 25
81 89 83
81 90 45
81 91 42
81 92 55
81 93 70
81 94 1
81 95 41
81 96 61
81 97 3
81 98 29
81 99 62
81 100 72
82 83 80
82 84 54
82 85 48
82 86 62
82 87 76
82 88 19
82 89 80
82 90 30
82 91 59
82 92 20
82 93 81
82 94 30
82 95 76
82 96 39
82 97 45
82 98 98
82 99 93
82 100 93
83 84 55
83 85 24
83 86 4
83 87 24
83 88 25
83 89 23
83 90 63
83 91 59
83 92 93
83 93 47
83 94 54
83 95 17
83 96 18
83 97 0
83 98 66
83 99 5
83 100 60
84 85 37
84 86 14
84 87 12
84 88 36
84 89 10
84 90 69
84 91 66
84 92 67
84 93 34
84 94 77
84 95 55
84 96 11
84 97 83
84 98 86
84 99 87
84 100 48
85 86 2
85 87 75
85 88 32
85 89 72
85 90 70
85 91 96
85 92 26
85 93 83
85 94 21
85 95 28
85 96 56
85 97 18
85 98 78
85 99 35
85 100 35
86 87 69
86 88 28
86 89 82
86 90 36
86 91 38
86 92 77
86 93 65
86 94 87
86 95 44
86 96 51
86 97 67
86 98 15
86 99 1
86 100 47
87 88 11
87 89 28
87 90 30
87 91 25
87 92 22
87 93 53
87 94 72
87 95 92
87 96 72
87 97 22
87 98 19
87 99 23
87 100 87
88 89 80
88 90 21
88 91 97
88 92 53
88 93 14
88 94 14
88 95 93
88 96 45
88 97 51
88 98 5
88 99 55
88 100 4
89 90 99
89 91 67
89 92 77
89 93 83
89 94 83
89 95 60
89 96 68
89 97 56
89 98 81
89 99 20
89 100 86
90 91 60
90 92 85
90 93 27
90 94 45
90 95 33
90 96 4
90 97 26
90 98 30
90 99 55
90 100 24
91 92 8
91 93 54
91 94 31
91 95 74
91 96 1
91 97 26
91 98 43
91 99 3
91 100 27
92 93 1
92 94 70
92 95 79
92 96 16
92 97 72
92 98 68
92 99 22
92 100 31
93 94 20
93 95 23
93 96 46
93 97 9
93 98 85
93 99 90
93 100 82
94 95 42
94 96 23
94 97 77
94 98 89
94 99 51
94 100 11
95 96 9
95 97 51
95 98 20
95 99 67
95 100 74
96 97 9
96 98 68
96 99 10
96 100 38
97 98 52
97 99 9
97 100 13
98 99 48
98 100 66
99 100 94
