80 3160
1 2 52
1 3 35
1 4 65
1 5 21
1 6 52
1 7 32
1 8 23
1 9 60
1 10 38
1 11 30
1 12 28
1 13 16
1 14 18
1 15 13
1 16 65
1 17 0
1 18 55
1 19 46
1 20 23
1 21 68
1 22 77
1 23 31
1 24 23
1 25 31
1 26 38
1 27 68
1 28 12
1 29 20
1 30 29
1 31 34
1 32 45
1 33 64
1 34 62
1 35 49
1 36 46
1 37 45
1 38 12
1 39 78
1 40 54
1 41 68
1 42 75
1 43 4
1 44 30
1 45 45
1 46 57
1 47 30
1 48 52
1 49 50
1 50 8
1 51 34
1 52 14
1 53 42
1 54 31
1 55 60
1 56 49
1 57 72
1 58 4
1 59 65
1 60 8
1 61 45
1 62 31
1 63 20
1 64 6
1 65 76
1 66 5
1 67 74
1 68 58
1 69 26
1 70 22
1 71 19
1 72 49
1 73 23
1 74 7
1 75 6
1 76 3
1 77 56
1 78 23
1 79 71
1 80 73
2 3 23
2 4 3
2 5 56
2 6 28
2 7 49
2 8 56
2 9 50
2 10 63
2 11 58
2 12 32
2 13 20
2 14 26
2 15 77
2 16 10
2 17 1
2 18 9
2 19 32
2 20 47
2 21 2
2 22 17
2 23 9
2 24 33
2 25 76
2 26 37
2 27 6
2 28 71
2 29 56
2 30 50
2 31 42
2 32 74
2 33 13
2 34 11
2 35 54
2 36 61
2 37 4
2 38 43
2 39 39
2 40 15
2 41 9
2 42 39
2 43 42
2 44 11
2 45 37
2 46 66
2 47 2
2 48 42
2 49 2
2 50 20
2 51 42
2 52 20
2 53 13
2 54 50
2 55 40
2 56 30
2 57 60
2 58 61
2 59 0
2 60 51
2 61 32
2 62 44
2 63 57
2 64 15
2 65 78
2 66 11
2 67 55
2 68 45
2 69 75
2 70 79
2 71 70
2 72 56
2 73 77
2 74 65
2 75 1
2 76 2
2 77 62
2 78 63
2 79 29
2 80 15
3 4 37
3 5 31
3 6 40
3 7 13
3 8 4
3 9 24
3 10 27
3 11 22
3 12 63
3 13 41
3 14 16
3 15 16
3 16 48
3 17 8
3 18 38
3 19 37
3 20 61
3 21 65
3 22 3
3 23 29
3 24 77
3 25 35
3 26 54
3 27 31
3 28 20
3 29 51
3 30 45
3 31 18
3 32 57
3 33 66
3 34 30
3 35 49
3 36 63
3 37 34
3 38 4
3 39 50
3 40 61
3 41 1
3 42 15
3 43 32
3 44 22
3 45 7
3 46 12
3 47 26
3 48 48
3 49 52
3 50 31
3 51 79
3 52 44
3 53 16
3 54 44
3 55 59
3 56 12
3 57 13
3 58 74
3 59 76
3 60 16
3 61 61
3 62 34
3 63 14
3 64 39
3 65 31
3 66 6
3 67 46
3 68 29
3 69 69
3 70 70
3 71 55
3 72 6
3 73 19
3 74 30
3 75 5
3 76 7
3 77 8
3 78 77
3 79 9
3 80 69
4 5 48
4 6 27
4 7 13
4 8 23
4 9 11
4 10 35
4 11 46
4 12 62
4 13 50
4 14 19
4 15 64
4 16 33
4 17 70
4 18 49
4 19 58
4 20 44
4 21 60
4 22 11
4 23 21
4 24 18
4 25 12
4 26 19
4 27 42
4 28 13
4 29 12
4 30 55
4 31 42
4 32 18
4 33 22
4 34 63
4 35 73
4 36 0
4 37 32
4 38 43
4 39 25
4 40 41
4 41 65
4 42 76
4 43 25
4 44 54
4 45 38
4 46 72
4 47 12
4 48 18
4 49 24
4 50 42
4 51 26
4 52 2
4 53 20
4 54 12
4 55 29
4 56 33
4 57 59
4 58 50
4 59 18
4 60 12
4 61 71
4 62 46
4 63 49
4 64 22
4 65 25
4 66 38
4 67 33
4 68 39
4 69 64
4 70 9
4 71 74
4 72 49
4 73 43
4 74 69
4 75 79
4 76 60
4 77 68
4 78 47
4 79 76
4 80 15
5 6 61
5 7 24
5 8 12
5 9 46
5 10 27
5 11 1
5 12 78
5 13 27
5 14 65
5 15 23
5 16 36
5 17 41
5 18 57
5 19 1
5 20 31
5 21 26
5 22 75
5 23 38
5 24 47
5 25 77
5 26 56
5 27 12
5 28 47
5 29 58
5 30 6
5 31 26
5 32 28
5 33 16
5 34 10
5 35 9
5 36 53
5 37 79
5 38 46
5 39 26
5 40 75
5 41 62
5 42 52
5 43 77
5 44 31
5 45 24
5 46 0
5 47 0
5 48 25
5 49 73
5 50 39
5 51 16
5 52 41
5 53 27
5 54 68
5 55 66
5 56 18
5 57 73
5 58 28
5 59 34
5 60 53
5 61 24
5 62 70
5 63 67
5 64 50
5 65 77
5 66 37
5 67 24
5 68 66
5 69 58
5 70 4
5 71 64
5 72 4
5 73 62
5 74 69
5 75 69
5 76 57
5 77 15
5 78 29
5 79 43
5 80 38
6 7 38
6 8 5
6 9 34
6 10 24
6 11 8
6 12 5
6 13 14
6 14 78
6 15 38
6 16 25
6 17 63
6 18 30
6 19 42
6 20 28
6 21 16
6 22 23
6 23 67
6 24 48
6 25 43
6 26 73
6 27 49
6 28 77
6 29 49
6 30 68
6 31 47
6 32 66
6 33 15
6 34 16
6 35 70
6 36 49
6 37 63
6 38 69
6 39 72
6 40 75
6 41 61
6 42 40
6 43 53
6 44 48
6 45 12
6 46 54
6 47 57
6 48 60
6 49 20
6 50 13
6 51 44
6 52 6
6 53 78
6 54 78
6 55 22
6 56 21
6 57 39
6 58 69
6 59 7
6 60 8
6 61 56
6 62 34
6 63 42
6 64 46
6 65 31
6 66 64
6 67 33
6 68 27
6 69 57
6 70 46
6 71 60
6 72 6
6 73 52
6 74 36
6 75 34
6 76 19
6 77 51
6 78 21
6 79 70
6 80 46
7 8 4
7 9 60
7 10 36
7 11 3
7 12 47
7 13 48
7 14 18
7 15 20
7 16 8
7 17 67
7 18 53
7 19 46
7 20 77
7 21 4
7 22 68
7 23 73
7 24 11
7 25 58
7 26 68
7 27 1
7 28 75
7 29 43
7 30 38
7 31 50
7 32 63
7 33 1
7 34 49
7 35 37
7 36 29
7 37 75
7 38 2
7 39 40
7 40 14
7 41 17
7 42 78
7 43 4
7 44 58
7 45 45
7 46 37
7 47 54
7 48 8
7 49 39
7 50 52
7 51 20
7 52 25
7 53 10
7 54 49
7 55 37
7 56 19
7 57 36
7 58 48
7 59 12
7 60 13
7 61 55
7 62 53
7 63 2
7 64 73
7 65 70
7 66 14
7 67 2
7 68 17
7 69 5
7 70 25
7 71 3
7 72 52
7 73 48
7 74 33
7 75 36
7 76 50
7 77 17
7 78 15
7 79 49
7 80 61
8 9 11
8 10 19
8 11 70
8 12 62
8 13 36
8 14 38
8 15 42
8 16 12
8 17 20
8 18 53
8 19 31
8 20 67
8 21 77
8 22 54
8 23 51
8 24 15
8 25 15
8 26 69
8 27 76
8 28 4
8 29 28
8 30 67
8 31 26
8 32 42
8 33 49
8 34 18
8 35 26
8 36 1
8 37 70
8 38 26
8 39 45
8 40 63
8 41 11
8 42 25
8 43 17
8 44 55
8 45 34
8 46 69
8 47 70
8 48 16
8 49 33
8 50 4
8 51 63
8 52 49
8 53 75
8 54 47
8 55 23
8 56 25
8 57 60
8 58 36
8 59 43
8 60 48
8 61 79
8 62 42
8 63 73
8 64 47
8 65 8
8 66 41
8 67 23
8 68 46
8 69 23
8 70 47
8 71 37
8 72 63
8 73 36
8 74 78
8 75 34
8 76 6
8 77 77
8 78 56
8 79 42
8 80 51
9 10 70
9 11 19
9 12 74
9 13 37
9 14 41
9 15 69
9 16 23
9 17 27
9 18 28
9 19 78
9 20 4
9 21 39
9 22 16
9 23 35
9 24 14
9 25 57
9 26 9
9 27 25
9 28 30
9 29 46
9 30 26
9 31 32
9 32 39
9 33 8
9 34 16
9 35 64
9 36 6
9 37 10
9 38 49
9 39 59
9 40 72
9 41 63
9 42 47
9 43 7
9 44 19
9 45 25
9 46 49
9 47 4
9 48 65
9 49 14
9 50 64
9 51 62
9 52 0
9 53 14
9 54 20
9 55 75
9 56 37
9 57 23
9 58 42
9 59 14
9 60 49
9 61 79
9 62 70
9 63 62
9 64 63
9 65 27
9 66 79
9 67 77
9 68 78
9 69 18
9 70 71
9 71 63
9 72 16
9 73 33
9 74 10
9 75 65
9 76 51
9 77 67
9 78 51
9 79 69
9 80 63
10 11 71
10 12 48
10 13 23
10 14 68
10 15 2
10 16 70
10 17 65
10 18 24
10 19 69
10 20 44
10 21 9
10 22 47
10 23 39
10 24 0
10 25 43
10 26 34
10 27 25
10 28 67
10 29 64
10 30 71
10 31 32
10 32 56
10 33 6
10 34 75
10 35 64
10 36 42
10 37 2
10 38 63
10 39 34
10 40 69
10 41 58
10 42 60
10 43 40
10 44 25
10 45 8
10 46 14
10 47 22
10 48 26
10 49 51
10 50 0
10 51 48
10 52 14
10 53 32
10 54 1
10 55 42
10 56 58
10 57 14
10 58 21
10 59 6
10 60 43
10 61 58
10 62 45
10 63 17
10 64 66
10 65 77
10 66 62
10 67 75
10 68 72
10 69 46
10 70 14
10 71 29
10 72 9
10 73 10
10 74 29
10 75 75
10 76 48
10 77 79
10 78 48
10 79 58
10 80 74
11 12 39
11 13 68
11 14 42
11 15 23
11 16 76
11 17 42
11 18 23
11 19 57
11 20 28
11 21 5
11 22 26
11 23 42
11 24 32
11 25 15
11 26 48
11 27 9
11 28 31
11 29 76
11 30 31
11 31 24
11 32 45
11 33 35
11 34 41
11 35 64
11 36 26
11 37 54
11 38 60
11 39 22
11 40 52
11 41 73
11 42 69
11 43 54
11 44 57
11 45 29
11 46 42
11 47 68
11 48 7
11 49 41
11 50 24
11 51 2
11 52 1
11 53 51
11 54 53
11 55 13
11 56 78
11 57 61
11 58 25
11 59 72
11 60 68
11 61 66
11 62 7
11 63 7
11 64 50
11 65 15
11 66 54
11 67 34
11 68 27
11 69 16
11 70 15
11 71 54
11 72 76
11 73 11
11 74 16
11 75 67
11 76 1
11 77 30
11 78 64
11 79 50
11 80 29
12 13 20
12 14 12
12 15 45
12 16 68
12 17 39
12 18 16
12 19 65
12 20 36
12 21 55
12 22 41
12 23 49
12 24 66
12 25 32
12 26 75
12 27 45
12 28 7
12 29 1
12 30 68
12 31 56
12 32 3
12 33 14
12 34 18
12 35 11
12 36 26
12 37 31
12 38 49
12 39 48
12 40 78
12 41 63
12 42 78
12 43 4
12 44 34
12 45 12
12 46 19
12 47 27
12 48 77
12 49 19
12 50 65
12 51 65
12 52 0
12 53 0
12 54 76
12 55 37
12 56 40
12 57 56
12 58 32
12 59 16
12 60 39
12 61 74
12 62 8
12 63 76
12 64 23
12 65 59
12 66 47
12 67 1
12 68 3
12 69 14
12 70 28
12 71 58
12 72 68
12 73 76
12 74 40
12 75 14
12 76 66
12 77 59
12 78 54
12 79 43
12 80 7
13 14 13
13 15 51
13 16 67
13 17 67
13 18 42
13 19 54
13 20 32
13 21 20
13 22 39
13 23 66
13 24 44
13 25 6
13 26 7
13 27 0
13 28 60
13 29 78
13 30 23
13 31 39
13 32 37
13 33 73
13 34 44
13 35 48
13 36 42
13 37 4
13 38 76
13 39 52
13 40 47
13 41 17
13 42 66
13 43 13
13 44 74
13 45 71
13 46 72
13 47 66
13 48 4
13 49 35
13 50 42
13 51 1
13 52 59
13 53 30
13 54 55
13 55 79
13 56 46
13 57 8
13 58 12
13 59 59
13 60 40
13 61 77
13 62 66
13 63 70
13 64 43
13 65 64
13 66 33
13 67 45
13 68 21
13 69 22
13 70 17
13 71 46
13 72 27
13 73 53
13 74 31
13 75 50
13 76 36
13 77 43
13 78 47
13 79 60
13 80 7
14 15 48
14 16 36
14 17 38
14 18 8
14 19 43
14 20 57
14 21 28
14 22 57
14 23 5
14 24 47
14 25 27
14 26 65
14 27 11
14 28 60
14 29 51
14 30 30
14 31 7
14 32 59
14 33 1
14 34 79
14 35 77
14 36 70
14 37 25
14 38 25
14 39 38
14 40 18
14 41 62
14 42 11
14 43 77
14 44 10
14 45 62
14 46 21
14 47 26
14 48 47
14 49 2
14 50 15
14 51 7
14 52 57
14 53 54
14 54 74
14 55 51
14 56 76
14 57 66
14 58 5
14 59 13
14 60 13
14 61 44
14 62 42
14 63 55
14 64 58
14 65 50
14 66 53
14 67 25
14 68 65
14 69 65
14 70 0
14 71 36
14 72 3
14 73 66
14 74 7
14 75 10
14 76 59
14 77 42
14 78 41
14 79 70
14 80 41
15 16 38
15 17 60
15 18 49
15 19 51
15 20 35
15 21 43
15 22 5
15 23 55
15 24 4
15 25 36
15 26 44
15 27 8
15 28 54
15 29 41
15 30 13
15 31 41
15 32 55
15 33 6
15 34 8
15 35 25
15 36 29
15 37 16
15 38 51
15 39 79
15 40 68
15 41 20
15 42 20
15 43 53
15 44 45
15 45 50
15 46 67
15 47 68
15 48 7
15 49 62
15 50 27
15 51 25
15 52 48
15 53 38
15 54 69
15 55 75
15 56 45
15 57 65
15 58 14
15 59 31
15 60 58
15 61 31
15 62 12
15 63 63
15 64 35
15 65 22
15 66 64
15 67 1
15 68 79
15 69 2
15 70 52
15 71 22
15 72 59
15 73 51
15 74 75
15 75 10
15 76 13
15 77 16
15 78 23
15 79 76
15 80 53
16 17 22
16 18 70
16 19 33
16 20 42
16 21 37
16 22 42
16 23 40
16 24 53
16 25 63
16 26 0
16 27 19
16 28 64
16 29 35
16 30 9
16 31 8
16 32 14
16 33 48
16 34 3
16 35 65
16 36 49
16 37 49
16 38 56
16 39 12
16 40 26
16 41 32
16 42 60
16 43 25
16 44 64
16 45 71
16 46 8
16 47 31
16 48 24
16 49 31
16 50 33
16 51 69
16 52 31
16 53 56
16 54 32
16 55 44
16 56 27
16 57 33
16 58 8
16 59 4
16 60 8
16 61 15
16 62 55
16 63 77
16 64 56
16 65 10
16 66 26
16 67 14
16 68 15
16 69 50
16 70 66
16 71 78
16 72 74
16 73 64
16 74 3
16 75 12
16 76 33
16 77 65
16 78 47
16 79 1
16 80 6
17 18 53
17 19 15
17 20 34
17 21 74
17 22 29
17 23 64
17 24 10
17 25 39
17 26 34
17 27 41
17 28 74
17 29 10
17 30 70
17 31 37
17 32 53
17 33 22
17 34 59
17 35 40
17 36 77
17 37 56
17 38 44
17 39 17
17 40 76
17 41 5
17 42 66
17 43 15
17 44 42
17 45 38
17 46 47
17 47 40
17 48 12
17 49 45
17 50 10
17 51 37
17 52 9
17 53 45
17 54 38
17 55 32
17 56 65
17 57 47
17 58 22
17 59 28
17 60 57
17 61 67
17 62 74
17 63 22
17 64 0
17 65 6
17 66 62
17 67 67
17 68 36
17 69 28
17 70 37
17 71 46
17 72 52
17 73 27
17 74 24
17 75 37
17 76 48
17 77 9
17 78 48
17 79 17
17 80 46
18 19 64
18 20 76
18 21 49
18 22 39
18 23 36
18 24 51
18 25 8
18 26 14
18 27 48
18 28 64
18 29 0
18 30 21
18 31 15
18 32 27
18 33 53
18 34 37
18 35 75
18 36 4
18 37 21
18 38 28
18 39 45
18 40 29
18 41 48
18 42 66
18 43 53
18 44 0
18 45 51
18 46 60
18 47 16
18 48 69
18 49 77
18 50 11
18 51 13
18 52 9
18 53 45
18 54 25
18 55 53
18 56 12
18 57 46
18 58 76
18 59 47
18 60 76
18 61 3
18 62 49
18 63 78
18 64 66
18 65 58
18 66 78
18 67 16
18 68 78
18 69 71
18 70 50
18 71 14
18 72 27
18 73 37
18 74 22
18 75 42
18 76 44
18 77 77
18 78 4
18 79 75
18 80 36
19 20 54
19 21 21
19 22 64
19 23 55
19 24 3
19 25 27
19 26 3
19 27 18
19 28 46
19 29 1
19 30 76
19 31 79
19 32 26
19 33 0
19 34 44
19 35 40
19 36 10
19 37 55
19 38 68
19 39 32
19 40 58
19 41 43
19 42 76
19 43 7
19 44 53
19 45 34
19 46 61
19 47 17
19 48 1
19 49 67
19 50 4
19 51 19
19 52 68
19 53 61
19 54 4
19 55 50
19 56 48
19 57 35
19 58 42
19 59 56
19 60 18
19 61 16
19 62 66
19 63 16
19 64 71
19 65 60
19 66 38
19 67 43
19 68 27
19 69 7
19 70 36
19 71 24
19 72 32
19 73 49
19 74 57
19 75 25
19 76 4
19 77 20
19 78 69
19 79 21
19 80 46
20 21 55
20 22 66
20 23 26
20 24 6
20 25 6
20 26 65
20 27 28
20 28 75
20 29 10
20 30 59
20 31 74
20 32 31
20 33 35
20 34 23
20 35 62
20 36 61
20 37 48
20 38 59
20 39 67
20 40 34
20 41 24
20 42 16
20 43 77
20 44 36
20 45 32
20 46 19
20 47 18
20 48 69
20 49 44
20 50 18
20 51 46
20 52 39
20 53 43
20 54 49
20 55 63
20 56 54
20 57 61
20 58 15
20 59 7
20 60 29
20 61 6
20 62 52
20 63 8
20 64 34
20 65 54
20 66 41
20 67 61
20 68 75
20 69 69
20 70 31
20 71 51
20 72 19
20 73 1
20 74 43
20 75 45
20 76 53
20 77 52
20 78 4
20 79 13
20 80 9
21 22 17
21 23 10
21 24 76
21 25 1
21 26 66
21 27 16
21 28 46
21 29 15
21 30 36
21 31 23
21 32 37
21 33 18
21 34 30
21 35 50
21 36 75
21 37 17
21 38 72
21 39 29
21 40 3
21 41 50
21 42 50
21 43 24
21 44 63
21 45 58
21 46 56
21 47 35
21 48 59
21 49 33
21 50 55
21 51 62
21 52 26
21 53 14
21 54 14
21 55 23
21 56 57
21 57 46
21 58 34
21 59 44
21 60 10
21 61 78
21 62 61
21 63 28
21 64 30
21 65 7
21 66 68
21 67 49
21 68 22
21 69 46
21 70 29
21 71 63
21 72 3
21 73 78
21 74 78
21 75 67
21 76 31
21 77 48
21 78 40
21 79 5
21 80 48
22 23 79
22 24 6
22 25 70
22 26 77
22 27 46
22 28 18
22 29 14
22 30 13
22 31 59
22 32 18
22 33 8
22 34 42
22 35 66
22 36 22
22 37 34
22 38 47
22 39 8
22 40 33
22 41 67
22 42 48
22 43 49
22 44 64
22 45 72
22 46 32
22 47 72
22 48 54
22 49 20
22 50 68
22 51 26
22 52 54
22 53 11
22 54 45
22 55 30
22 56 38
22 57 25
22 58 20
22 59 48
22 60 14
22 61 27
22 62 72
22 63 35
22 64 27
22 65 70
22 66 58
22 67 74
22 68 71
22 69 26
22 70 47
22 71 34
22 72 58
22 73 74
22 74 60
22 75 55
22 76 76
22 77 0
22 78 4
22 79 78
22 80 69
23 24 60
23 25 59
23 26 3
23 27 8
23 28 79
23 29 34
23 30 9
23 31 78
23 32 68
23 33 61
23 34 78
23 35 6
23 36 49
23 37 55
23 38 12
23 39 73
23 40 75
23 41 52
23 42 53
23 43 49
23 44 76
23 45 14
23 46 76
23 47 78
23 48 67
23 49 6
23 50 79
23 51 78
23 52 71
23 53 25
23 54 45
23 55 52
23 56 11
23 57 63
23 58 48
23 59 46
23 60 11
23 61 32
23 62 55
23 63 8
23 64 10
23 65 41
23 66 5
23 67 79
23 68 2
23 69 21
23 70 68
23 71 61
23 72 79
23 73 73
23 74 17
23 75 67
23 76 7
23 77 79
23 78 55
23 79 10
23 80 51
24 25 70
24 26 79
24 27 5
24 28 60
24 29 48
24 30 32
24 31 65
24 32 71
24 33 18
24 34 69
24 35 3
24 36 22
24 37 14
24 38 38
24 39 9
24 40 46
24 41 54
24 42 47
24 43 67
24 44 45
24 45 16
24 46 73
24 47 52
24 48 25
24 49 21
24 50 2
24 51 32
24 52 8
24 53 52
24 54 45
24 55 61
24 56 60
24 57 57
24 58 23
24 59 74
24 60 45
24 61 79
24 62 43
24 63 29
24 64 9
24 65 49
24 66 64
24 67 12
24 68 54
24 69 13
24 70 48
24 71 16
24 72 20
24 73 34
24 74 18
24 75 40
24 76 43
24 77 42
24 78 1
24 79 51
24 80 10
25 26 60
25 27 33
25 28 63
25 29 58
25 30 27
25 31 29
25 32 36
25 33 29
25 34 6
25 35 38
25 36 7
25 37 17
25 38 0
25 39 76
25 40 0
25 41 28
25 42 60
25 43 54
25 44 47
25 45 74
25 46 69
25 47 41
25 48 15
25 49 6
25 50 3
25 51 50
25 52 21
25 53 21
25 54 74
25 55 73
25 56 35
25 57 43
25 58 25
25 59 28
25 60 61
25 61 23
25 62 10
25 63 17
25 64 59
25 65 4
25 66 21
25 67 34
25 68 2
25 69 76
25 70 11
25 71 18
25 72 1
25 73 1
25 74 39
25 75 71
25 76 69
25 77 16
25 78 28
25 79 31
25 80 79
26 27 68
26 28 18
26 29 77
26 30 79
26 31 27
26 32 42
26 33 74
26 34 30
26 35 69
26 36 26
26 37 55
26 38 19
26 39 44
26 40 19
26 41 34
26 42 38
26 43 34
26 44 54
26 45 25
26 46 69
26 47 2
26 48 77
26 49 49
26 50 49
26 51 70
26 52 22
26 53 40
26 54 69
26 55 61
26 56 69
26 57 32
26 58 42
26 59 63
26 60 74
26 61 54
26 62 62
26 63 13
26 64 45
26 65 51
26 66 32
26 67 9
26 68 48
26 69 2
26 70 53
26 71 29
26 72 39
26 73 32
26 74 30
26 75 26
26 76 60
26 77 64
26 78 25
26 79 36
26 80 22
27 28 67
27 29 40
27 30 72
27 31 26
27 32 77
27 33 1
27 34 12
27 35 62
27 36 28
27 37 73
27 38 48
27 39 21
27 40 50
27 41 52
27 42 73
27 43 2
27 44 47
27 45 44
27 46 62
27 47 73
27 48 9
27 49 65
27 50 1
27 51 37
27 52 5
27 53 23
27 54 5
27 55 48
27 56 34
27 57 58
27 58 45
27 59 56
27 60 22
27 61 2
27 62 77
27 63 79
27 64 71
27 65 73
27 66 35
27 67 76
27 68 20
27 69 45
27 70 7
27 71 63
27 72 31
27 73 58
27 74 71
27 75 7
27 76 15
27 77 26
27 78 34
27 79 25
27 80 0
28 29 17
28 30 53
28 31 79
28 32 12
28 33 51
28 34 2
28 35 2
28 36 4
28 37 33
28 38 4
28 39 16
28 40 40
28 41 26
28 42 62
28 43 37
28 44 41
28 45 69
28 46 1
28 47 2
28 48 48
28 49 13
28 50 34
28 51 79
28 52 37
28 53 54
28 54 40
28 55 65
28 56 27
28 57 66
28 58 12
28 59 62
28 60 54
28 61 6
28 62 48
28 63 69
28 64 3
28 65 25
28 66 71
28 67 57
28 68 34
28 69 28
28 70 18
28 71 42
28 72 11
28 73 22
28 74 35
28 75 35
28 76 26
28 77 36
28 78 43
28 79 3
28 80 18
29 30 18
29 31 40
29 32 66
29 33 33
29 34 62
29 35 70
29 36 49
29 37 76
29 38 72
29 39 33
29 40 27
29 41 8
29 42 41
29 43 15
29 44 67
29 45 76
29 46 35
29 47 43
29 48 50
29 49 21
29 50 22
29 51 65
29 52 69
29 53 25
29 54 38
29 55 49
29 56 24
29 57 67
29 58 43
29 59 40
29 60 36
29 61 53
29 62 50
29 63 19
29 64 57
29 65 2
29 66 2
29 67 8
29 68 40
29 69 3
29 70 72
29 71 37
29 72 70
29 73 9
29 74 56
29 75 68
29 76 40
29 77 55
29 78 33
29 79 4
29 80 69
30 31 41
30 32 48
30 33 56
30 34 73
30 35 47
30 36 0
30 37 55
30 38 46
30 39 9
30 40 17
30 41 9
30 42 44
30 43 72
30 44 22
30 45 57
30 46 61
30 47 40
30 48 60
30 49 48
30 50 16
30 51 31
30 52 35
30 53 35
30 54 12
30 55 19
30 56 32
30 57 70
30 58 23
30 59 55
30 60 15
30 61 49
30 62 62
30 63 1
30 64 2
30 65 47
30 66 19
30 67 63
30 68 45
30 69 65
30 70 12
30 71 61
30 72 59
30 73 54
30 74 59
30 75 32
30 76 50
30 77 17
30 78 64
30 79 50
30 80 77
31 32 19
31 33 6
31 34 46
31 35 41
31 36 63
31 37 28
31 38 68
31 39 42
31 40 15
31 41 29
31 42 79
31 43 24
31 44 28
31 45 14
31 46 67
31 47 3
31 48 66
31 49 38
31 50 60
31 51 28
31 52 62
31 53 66
31 54 50
31 55 15
31 56 49
31 57 54
31 58 77
31 59 23
31 60 36
31 61 42
31 62 29
31 63 75
31 64 53
31 65 60
31 66 70
31 67 32
31 68 58
31 69 15
31 70 53
31 71 45
31 72 14
31 73 54
31 74 65
31 75 3
31 76 11
31 77 77
31 78 55
31 79 14
31 80 25
32 33 37
32 34 10
32 35 63
32 36 52
32 37 74
32 38 52
32 39 10
32 40 76
32 41 17
32 42 26
32 43 28
32 44 1
32 45 3
32 46 31
32 47 1
32 48 8
32 49 60
32 50 78
32 51 9
32 52 61
32 53 15
32 54 61
32 55 8
32 56 14
32 57 18
32 58 73
32 59 54
32 60 19
32 61 2
32 62 36
32 63 12
32 64 48
32 65 47
32 66 38
32 67 40
32 68 31
32 69 37
32 70 31
32 71 13
32 72 8
32 73 16
32 74 52
32 75 31
32 76 10
32 77 17
32 78 78
32 79 18
32 80 20
33 34 45
33 35 8
33 36 57
33 37 16
33 38 15
33 39 5
33 40 78
33 41 36
33 42 5
33 43 20
33 44 74
33 45 14
33 46 32
33 47 16
33 48 37
33 49 41
33 50 48
33 51 40
33 52 67
33 53 7
33 54 55
33 55 59
33 56 30
33 57 22
33 58 54
33 59 11
33 60 71
33 61 63
33 62 59
33 63 29
33 64 2
33 65 30
33 66 61
33 67 57
33 68 77
33 69 26
33 70 29
33 71 21
33 72 18
33 73 16
33 74 55
33 75 76
33 76 12
33 77 38
33 78 8
33 79 49
33 80 8
34 35 42
34 36 10
34 37 60
34 38 63
34 39 51
34 40 12
34 41 61
34 42 14
34 43 19
34 44 41
34 45 0
34 46 72
34 47 51
34 48 37
34 49 45
34 50 49
34 51 57
34 52 37
34 53 64
34 54 43
34 55 56
34 56 9
34 57 25
34 58 22
34 59 77
34 60 77
34 61 3
34 62 74
34 63 35
34 64 41
34 65 43
34 66 16
34 67 54
34 68 38
34 69 78
34 70 76
34 71 40
34 72 29
34 73 54
34 74 44
34 75 12
34 76 74
34 77 43
34 78 28
34 79 6
34 80 75
35 36 39
35 37 1
35 38 66
35 39 37
35 40 72
35 41 68
35 42 44
35 43 52
35 44 8
35 45 47
35 46 35
35 47 78
35 48 77
35 49 71
35 50 30
35 51 41
35 52 31
35 53 39
35 54 11
35 55 2
35 56 30
35 57 2
35 58 70
35 59 68
35 60 14
35 61 34
35 62 67
35 63 45
35 64 38
35 65 33
35 66 0
35 67 56
35 68 70
35 69 36
35 70 56
35 71 60
35 72 19
35 73 43
35 74 62
35 75 22
35 76 49
35 77 50
35 78 27
35 79 14
35 80 38
36 37 8
36 38 26
36 39 78
36 40 39
36 41 21
36 42 52
36 43 25
36 44 20
36 45 30
36 46 52
36 47 72
36 48 25
36 49 77
36 50 10
36 51 34
36 52 19
36 53 68
36 54 35
36 55 41
36 56 8
36 57 63
36 58 76
36 59 32
36 60 6
36 61 72
36 62 77
36 63 4
36 64 32
36 65 17
36 66 37
36 67 61
36 68 20
36 69 6
36 70 37
36 71 40
36 72 18
36 73 16
36 74 65
36 75 77
36 76 13
36 77 25
36 78 65
36 79 78
36 80 70
37 38 37
37 39 13
37 40 51
37 41 1
37 42 76
37 43 34
37 44 78
37 45 68
37 46 8
37 47 16
37 48 58
37 49 22
37 50 51
37 51 10
37 52 24
37 53 14
37 54 59
37 55 67
37 56 69
37 57 63
37 58 67
37 59 76
37 60 46
37 61 79
37 62 27
37 63 16
37 64 51
37 65 71
37 66 38
37 67 26
37 68 74
37 69 71
37 70 13
37 71 60
37 72 48
37 73 15
37 74 20
37 75 19
37 76 49
37 77 5
37 78 54
37 79 64
37 80 76
38 39 26
38 40 60
38 41 56
38 42 53
38 43 61
38 44 6
38 45 70
38 46 26
38 47 45
38 48 49
38 49 46
38 50 19
38 51 75
38 52 62
38 53 61
38 54 46
38 55 9
38 56 59
38 57 38
38 58 56
38 59 16
38 60 35
38 61 50
38 62 21
38 63 32
38 64 47
38 65 39
38 66 54
38 67 6
38 68 37
38 69 68
38 70 16
38 71 19
38 72 38
38 73 38
38 74 56
38 75 50
38 76 45
38 77 30
38 78 5
38 79 68
38 80 70
39 40 56
39 41 32
39 42 1
39 43 9
39 44 1
39 45 33
39 46 21
39 47 7
39 48 39
39 49 46
39 50 23
39 51 54
39 52 46
39 53 27
39 54 11
39 55 4
39 56 22
39 57 38
39 58 18
39 59 14
39 60 21
39 61 48
39 62 71
39 63 75
39 64 3
39 65 63
39 66 5
39 67 65
39 68 50
39 69 59
39 70 69
39 71 68
39 72 56
39 73 61
39 74 23
39 75 19
39 76 69
39 77 20
39 78 64
39 79 23
39 80 69
40 41 12
40 42 47
40 43 53
40 44 33
40 45 56
40 46 0
40 47 17
40 48 19
40 49 12
40 50 74
40 51 16
40 52 62
40 53 57
40 54 68
40 55 22
40 56 41
40 57 44
40 58 67
40 59 6
40 60 22
40 61 56
40 62 63
40 63 7
40 64 19
40 65 10
40 66 12
40 67 20
40 68 65
40 69 60
40 70 56
40 71 79
40 72 26
40 73 8
40 74 68
40 75 11
40 76 39
40 77 70
40 78 69
40 79 13
40 80 18
41 42 58
41 43 28
41 44 54
41 45 37
41 46 36
41 47 58
41 48 21
41 49 10
41 50 66
41 51 27
41 52 43
41 53 61
41 54 18
41 55 49
41 56 74
41 57 22
41 58 17
41 59 74
41 60 44
41 61 3
41 62 24
41 63 57
41 64 49
41 65 14
41 66 49
41 67 46
41 68 25
41 69 64
41 70 0
41 71 14
41 72 35
41 73 20
41 74 47
41 75 58
41 76 13
41 77 61
41 78 64
41 79 40
41 80 66
42 43 62
42 44 30
42 45 77
42 46 72
42 47 31
42 48 19
42 49 49
42 50 34
42 51 45
42 52 41
42 53 77
42 54 42
42 55 58
42 56 40
42 57 16
42 58 11
42 59 32
42 60 70
42 61 5
42 62 69
42 63 19
42 64 16
42 65 54
42 66 31
42 67 1
42 68 65
42 69 21
42 70 77
42 71 0
42 72 49
42 73 21
42 74 68
42 75 39
42 76 5
42 77 73
42 78 50
42 79 15
42 80 19
43 44 17
43 45 24
43 46 79
43 47 58
43 48 48
43 49 5
43 50 18
43 51 26
43 52 25
43 53 46
43 54 59
43 55 22
43 56 1
43 57 69
43 58 35
43 59 32
43 60 10
43 61 62
43 62 49
43 63 14
43 64 4
43 65 75
43 66 16
43 67 4
43 68 59
43 69 71
43 70 62
43 71 77
43 72 9
43 73 9
43 74 25
43 75 43
43 76 20
43 77 76
43 78 60
43 79 69
43 80 5
44 45 65
44 46 6
44 47 74
44 48 69
44 49 30
44 50 62
44 51 67
44 52 68
44 53 0
44 54 16
44 55 14
44 56 65
44 57 18
44 58 37
44 59 76
44 60 79
44 61 1
44 62 64
44 63 21
44 64 2
44 65 3
44 66 13
44 67 58
44 68 36
44 69 75
44 70 34
44 71 71
44 72 78
44 73 69
44 74 54
44 75 27
44 76 18
44 77 49
44 78 61
44 79 24
44 80 20
45 46 41
45 47 76
45 48 23
45 49 17
45 50 26
45 51 8
45 52 68
45 53 46
45 54 7
45 55 59
45 56 26
45 57 61
45 58 19
45 59 24
45 60 10
45 61 75
45 62 53
45 63 66
45 64 9
45 65 6
45 66 63
45 67 75
45 68 60
45 69 49
45 70 39
45 71 39
45 72 40
45 73 72
45 74 74
45 75 73
45 76 54
45 77 60
45 78 10
45 79 41
45 80 59
46 47 31
46 48 24
46 49 59
46 50 77
46 51 31
46 52 33
46 53 34
46 54 45
46 55 13
46 56 67
46 57 3
46 58 31
46 59 10
46 60 25
46 61 11
46 62 51
46 63 54
46 64 68
46 65 40
46 66 18
46 67 36
46 68 8
46 69 67
46 70 50
46 71 55
46 72 35
46 73 1
46 74 12
46 75 31
46 76 31
46 77 1
46 78 61
46 79 69
46 80 13
47 48 75
47 49 3
47 50 57
47 51 3
47 52 41
47 53 57
47 54 61
47 55 10
47 56 36
47 57 70
47 58 28
47 59 75
47 60 49
47 61 38
47 62 38
47 63 72
47 64 14
47 65 13
47 66 39
47 67 60
47 68 32
47 69 6
47 70 64
47 71 61
47 72 7
47 73 36
47 74 42
47 75 3
47 76 30
47 77 78
47 78 7
47 79 4
47 80 10
48 49 1
48 50 69
48 51 50
48 52 56
48 53 27
48 54 20
48 55 61
48 56 37
48 57 75
48 58 27
48 59 78
48 60 16
48 61 17
48 62 43
48 63 6
48 64 13
48 65 74
48 66 68
48 67 34
48 68 7
48 69 13
48 70 34
48 71 63
48 72 47
48 73 39
48 74 53
48 75 3
48 76 48
48 77 76
48 78 58
48 79 72
48 80 1
49 50 14
49 51 78
49 52 7
49 53 70
49 54 47
49 55 74
49 56 46
49 57 28
49 58 32
49 59 2
49 60 5
49 61 57
49 62 48
49 63 3
49 64 6
49 65 35
49 66 77
49 67 46
49 68 76
49 69 63
49 70 57
49 71 71
49 72 64
49 73 4
49 74 16
49 75 43
49 76 19
49 77 18
49 78 79
49 79 65
49 80 6
50 51 76
50 52 19
50 53 56
50 54 22
50 55 61
50 56 1
50 57 1
50 58 67
50 59 24
50 60 68
50 61 58
50 62 14
50 63 7
50 64 30
50 65 4
50 66 7
50 67 3
50 68 78
50 69 14
50 70 64
50 71 54
50 72 13
50 73 77
50 74 8
50 75 72
50 76 36
50 77 79
50 78 61
50 79 40
50 80 4
51 52 69
51 53 73
51 54 74
51 55 12
51 56 12
51 57 40
51 58 74
51 59 52
51 60 56
51 61 77
51 62 50
51 63 75
51 64 20
51 65 27
51 66 64
51 67 57
51 68 13
51 69 67
51 70 27
51 71 54
51 72 64
51 73 50
51 74 57
51 75 20
51 76 51
51 77 65
51 78 47
51 79 36
51 80 49
52 53 61
52 54 72
52 55 38
52 56 49
52 57 33
52 58 2
52 59 57
52 60 50
52 61 2
52 62 62
52 63 44
52 64 4
52 65 73
52 66 4
52 67 19
52 68 1
52 69 49
52 70 6
52 71 70
52 72 50
52 73 42
52 74 68
52 75 22
52 76 13
52 77 61
52 78 66
52 79 16
52 80 45
53 54 41
53 55 77
53 56 8
53 57 26
53 58 62
53 59 2
53 60 60
53 61 34
53 62 57
53 63 42
53 64 14
53 65 1
53 66 75
53 67 55
53 68 41
53 69 61
53 70 55
53 71 27
53 72 34
53 73 39
53 74 77
53 75 50
53 76 0
53 77 41
53 78 53
53 79 25
53 80 11
54 55 45
54 56 76
54 57 36
54 58 28
54 59 31
54 60 24
54 61 66
54 62 66
54 63 60
54 64 66
54 65 46
54 66 61
54 67 4
54 68 39
54 69 49
54 70 67
54 71 12
54 72 11
54 73 12
54 74 40
54 75 68
54 76 28
54 77 12
54 78 34
54 79 32
54 80 28
55 56 3
55 57 28
55 58 59
55 59 12
55 60 16
55 61 1
55 62 78
55 63 5
55 64 56
55 65 51
55 66 2
55 67 4
55 68 50
55 69 45
55 70 33
55 71 49
55 72 36
55 73 13
55 74 72
55 75 4
55 76 44
55 77 46
55 78 20
55 79 24
55 80 30
56 57 31
56 58 29
56 59 59
56 60 48
56 61 0
56 62 4
56 63 11
56 64 35
56 65 18
56 66 59
56 67 13
56 68 47
56 69 1
56 70 7
56 71 64
56 72 48
56 73 67
56 74 35
56 75 74
56 76 76
56 77 61
56 78 45
56 79 75
56 80 11
57 58 44
57 59 27
57 60 58
57 61 10
57 62 42
57 63 61
57 64 1
57 65 12
57 66 74
57 67 74
57 68 45
57 69 54
57 70 8
57 71 70
57 72 35
57 73 20
57 74 40
57 75 75
57 76 55
57 77 31
57 78 46
57 79 54
57 80 57
58 59 31
58 60 16
58 61 68
58 62 29
58 63 1
58 64 78
58 65 34
58 66 63
58 67 7
58 68 43
58 69 26
58 70 43
58 71 60
58 72 61
58 73 12
58 74 79
58 75 56
58 76 6
58 77 7
58 78 8
58 79 58
58 80 36
59 60 73
59 61 2
59 62 52
59 63 77
59 64 16
59 65 54
59 66 25
59 67 32
59 68 78
59 69 79
59 70 74
59 71 54
59 72 50
59 73 38
59 74 15
59 75 4
59 76 33
59 77 79
59 78 3
59 79 64
59 80 32
60 61 8
60 62 21
60 63 16
60 64 55
60 65 33
60 66 50
60 67 77
60 68 19
60 69 18
60 70 71
60 71 21
60 72 4
60 73 46
60 74 50
60 75 40
60 76 24
60 77 23
60 78 2
60 79 77
60 80 27
61 62 22
61 63 47
61 64 67
61 65 5
61 66 0
61 67 29
61 68 60
61 69 17
61 70 69
61 71 9
61 72 41
61 73 63
61 74 53
61 75 18
61 76 59
61 77 34
61 78 16
61 79 53
61 80 43
62 63 70
62 64 59
62 65 41
62 66 52
62 67 2
62 68 5
62 69 78
62 70 0
62 71 61
62 72 77
62 73 36
62 74 0
62 75 49
62 76 23
62 77 72
62 78 30
62 79 24
62 80 63
63 64 42
63 65 31
63 66 48
63 67 10
63 68 73
63 69 18
63 70 15
63 71 24
63 72 33
63 73 35
63 74 65
63 75 61
63 76 63
63 77 63
63 78 0
63 79 40
63 80 31
64 65 1
64 66 69
64 67 35
64 68 12
64 69 69
64 70 34
64 71 69
64 72 26
64 73 56
64 74 47
64 75 23
64 76 44
64 77 76
64 78 22
64 79 17
64 80 73
65 66 13
65 67 54
65 68 41
65 69 77
65 70 34
65 71 7
65 72 9
65 73 54
65 74 70
65 75 41
65 76 27
65 77 66
65 78 8
65 79 29
65 80 40
66 67 38
66 68 4
66 69 60
66 70 44
66 71 26
66 72 34
66 73 15
66 74 78
66 75 43
66 76 76
66 77 0
66 78 56
66 79 11
66 80 59
67 68 4
67 69 75
67 70 1
67 71 12
67 72 12
67 73 13
67 74 27
67 75 8
67 76 72
67 77 62
67 78 13
67 79 1
67 80 28
68 69 59
68 70 10
68 71 22
68 72 5
68 73 66
68 74 35
68 75 60
68 76 0
68 77 53
68 78 16
68 79 47
68 80 47
69 70 45
69 71 78
69 72 38
69 73 43
69 74 59
69 75 78
69 76 34
69 77 63
69 78 23
69 79 64
69 80 79
70 71 26
70 72 72
70 73 23
70 74 31
70 75 43
70 76 69
70 77 56
70 78 69
70 79 68
70 80 10
71 72 48
71 73 15
71 74 26
71 75 29
71 76 10
71 77 27
71 78 26
71 79 55
71 80 18
72 73 45
72 74 48
72 75 52
72 76 19
72 77 17
72 78 41
72 79 53
72 80 15
73 74 73
73 75 11
73 76 15
73 77 39
73 78 58
73 79 79
73 80 49
74 75 23
74 76 26
74 77 64
74 78 7
74 79 55
74 80 5
75 76 57
75 77 38
75 78 22
75 79 50
75 80 71
76 77 43
76 78 5
76 79 72
76 80 20
77 78 13
77 79 42
77 80 9
78 79 46
78 80 50
79 80 35
