100 4950
1 2 53
1 3 45
1 4 23
1 5 0
1 6 95
1 7 12
1 8 81
1 9 50
1 10 37
1 11 37
1 12 33
1 13 4
1 14 4
1 15 37
1 16 45
1 17 97
1 18 54
1 19 13
1 20 67
1 21 70
1 22 69
1 23 70
1 24 30
1 25 47
1 26 93
1 27 83
1 28 86
1 29 33
1 30 70
1 31 68
1 32 16
1 33 3
1 34 63
1 35 94
1 36 61
1 37 3
1 38 5
1 39 53
1 40 15
1 41 21
1 42 7
1 43 81
1 44 70
1 45 18
1 46 75
1 47 2
1 48 96
1 49 13
1 50 56
1 51 98
1 52 49
1 53 33
1 54 40
1 55 40
1 56 17
1 57 91
1 58 1
1 59 4
1 60 4
1 61 27
1 62 34
1 63 64
1 64 8
1 65 80
1 66 97
1 67 68
1 68 64
1 69 30
1 70 18
1 71 33
1 72 32
1 73 79
1 74 53
1 75 28
1 76 63
1 77 74
1 78 0
1 79 56
1 80 81
1 81 17
1 82 85
1 83 78
1 84 23
1 85 13
1 86 77
1 87 41
1 88 98
1 89 10
1 90 19
1 91 43
1 92 17
1 93 0
1 94 41
1 95 84
1 96 1
1 97 18
1 98 3
1 99 53
1 100 0
2 3 34
2 4 21
2 5 41
2 6 1
2 7 79
2 8 28
2 9 2
2 10 44
2 11 1
2 12 91
2 13 84
2 14 55
2 15 59
2 16 77
2 17 81
2 18 16
2 19 65
2 20 94
2 21 28
2 22 9
2 23 96
2 24 23
2 25 66
2 26 87
2 27 25
2 28 15
2 29 96
2 30 51
2 31 92
2 32 32
2 33 14
2 34 27
2 35 42
2 36 87
2 37 96
2 38 43
2 39 72
2 40 42
2 41 78
2 42 52
2 43 19
2 44 53
2 45 66
2 46 71
2 47 60
2 48 75
2 49 84
2 50 47
2 51 5
2 52 56
2 53 38
2 54 69
2 55 53
2 56 76
2 57 49
2 58 90
2 59 11
2 60 88
2 61 22
2 62 37
2 63 64
2 64 67
2 65 78
2 66 37
2 67 15
2 68 87
2 69 96
2 70 48
2 71 97
2 72 49
2 73 68
2 74 6
2 75 54
2 76 39
2 77 0
2 78 16
2 79 43
2 80 97
2 81 99
2 82 88
2 83 76
2 84 38
2 85 17
2 86 45
2 87 7
2 88 53
2 89 81
2 90 59
2 91 42
2 92 20
2 93 39
2 94 50
2 95 64
2 96 81
2 97 10
2 98 43
2 99 44
2 100 34
3 4 91
3 5 50
3 6 84
3 7 91
3 8 0
3 9 65
3 10 77
3 11 97
3 12 83
3 13 1
3 14 7
3 15 86
3 16 9
3 17 87
3 18 57
3 19 69
3 20 8
3 21 9
3 22 99
3 23 7
3 24 21
3 25 1
3 26 45
3 27 32
3 28 55
3 29 30
3 30 64
3 31 96
3 32 96
3 33 40
3 34 0
3 35 71
3 36 63
3 37 13
3 38 82
3 39 41
3 40 66
3 41 68
3 42 86
3 43 17
3 44 15
3 45 64
3 46 90
3 47 51
3 48 30
3 49 69
3 50 43
3 51 40
3 52 98
3 53 38
3 54 64
3 55 27
3 56 50
3 57 40
3 58 44
3 59 84
3 60 63
3 61 90
3 62 37
3 63 39
3 64 76
3 65 57
3 66 44
3 67 0
3 68 68
3 69 70
3 70 99
3 71 87
3 72 37
3 73 44
3 74 96
3 75 33
3 76 94
3 77 50
3 78 79
3 79 57
3 80 66
3 81 61
3 82 7
3 83 63
3 84 46
3 85 63
3 86 95
3 87 70
3 88 20
3 89 91
3 90 95
3 91 4
3 92 39
3 93 94
3 94 78
3 95 8
3 96 0
3 97 6
3 98 7
3 99 63
3 100 22
4 5 92
4 6 46
4 7 10
4 8 78
4 9 86
4 10 95
4 11 40
4 12 39
4 13 36
4 14 43
4 15 67
4 16 43
4 17 75
4 18 86
4 19 17
4 20 72
4 21 10
4 22 42
4 23 34
4 24 83
4 25 40
4 26 60
4 27 45
4 28 89
4 29 26
4 30 55
4 31 0
4 32 59
4 33 85
4 34 18
4 35 36
4 36 73
4 37 77
4 38 98
4 39 60
4 40 13
4 41 74
4 42 22
4 43 10
4 44 34
4 45 50
4 46 91
4 47 67
4 48 22
4 49 89
4 50 12
4 51 86
4 52 23
4 53 19
4 54 71
4 55 15
4 56 24
4 57 9
4 58 20
4 59 66
4 60 11
4 61 31
4 62 98
4 63 91
4 64 12
4 65 35
4 66 14
4 67 38
4 68 63
4 69 97
4 70 16
4 71 3
4 72 95
4 73 5
4 74 31
4 75 33
4 76 58
4 77 29
4 78 27
4 79 27
4 80 47
4 81 58
4 82 55
4 83 45
4 84 33
4 85 30
4 86 49
4 87 86
4 88 99
4 89 18
4 90 0
4 91 22
4 92 96
4 93 34
4 94 60
4 95 68
4 96 23
4 97 62
4 98 6
4 99 70
4 100 21
5 6 45
5 7 17
5 8 78
5 9 37
5 10 73
5 11 29
5 12 99
5 13 33
5 14 96
5 15 47
5 16 31
5 17 18
5 18 79
5 19 43
5 20 39
5 21 19
5 22 98
5 23 55
5 24 98
5 25 47
5 26 86
5 27 39
5 28 79
5 29 21
5 30 24
5 31 55
5 32 90
5 33 77
5 34 25
5 35 73
5 36 54
5 37 23
5 38 77
5 39 17
5 40 77
5 41 1
5 42 49
5 43 76
5 44 79
5 45 7
5 46 65
5 47 72
5 48 74
5 49 30
5 50 81
5 51 70
5 52 5
5 53 19
5 54 58
5 55 63
5 56 20
5 57 51
5 58 57
5 59 96
5 60 62
5 61 72
5 62 57
5 63 28
5 64 95
5 65 95
5 66 64
5 67 89
5 68 10
5 69 18
5 70 21
5 71 78
5 72 31
5 73 24
5 74 4
5 75 72
5 76 14
5 77 51
5 78 1
5 79 44
5 80 77
5 81 15
5 82 25
5 83 61
5 84 41
5 85 46
5 86 77
5 87 81
5 88 55
5 89 72
5 90 85
5 91 75
5 92 89
5 93 12
5 94 38
5 95 77
5 96 59
5 97 18
5 98 12
5 99 92
5 100 95
6 7 12
6 8 13
6 9 57
6 10 24
6 11 78
6 12 47
6 13 40
6 14 83
6 15 98
6 16 21
6 17 71
6 18 75
6 19 47
6 20 38
6 21 30
6 22 47
6 23 41
6 24 75
6 25 79
6 26 94
6 27 24
6 28 87
6 29 52
6 30 23
6 31 47
6 32 23
6 33 97
6 34 15
6 35 20
6 36 88
6 37 35
6 38 84
6 39 26
6 40 64
6 41 85
6 42 48
6 43 1
6 44 37
6 45 50
6 46 81
6 47 60
6 48 35
6 49 56
6 50 30
6 51 9
6 52 67
6 53 97
6 54 93
6 55 76
6 56 84
6 57 33
6 58 80
6 59 66
6 60 50
6 61 34
6 62 72
6 63 92
6 64 11
6 65 8
6 66 28
6 67 37
6 68 5
6 69 56
6 70 66
6 71 78
6 72 94
6 73 21
6 74 70
6 75 7
6 76 70
6 77 44
6 78 89
6 79 22
6 80 57
6 81 85
6 82 79
6 83 66
6 84 45
6 85 67
6 86 80
6 87 21
6 88 39
6 89 21
6 90 72
6 91 66
6 92 63
6 93 38
6 94 24
6 95 96
6 96 3
6 97 85
6 98 59
6 99 61
6 100 88
7 8 22
7 9 93
7 10 23
7 11 68
7 12 67
7 13 95
7 14 95
7 15 30
7 16 66
7 17 51
7 18 28
7 19 24
7 20 85
7 21 48
7 22 37
7 23 47
7 24 99
7 25 71
7 26 8
7 27 73
7 28 68
7 29 92
7 30 56
7 31 44
7 32 95
7 33 61
7 34 46
7 35 54
7 36 8
7 37 57
7 38 14
7 39 31
7 40 10
7 41 84
7 42 16
7 43 53
7 44 64
7 45 92
7 46 52
7 47 69
7 48 23
7 49 55
7 50 79
7 51 51
7 52 82
7 53 8
7 54 40
7 55 91
7 56 95
7 57 61
7 58 29
7 59 24
7 60 68
7 61 36
7 62 56
7 63 86
7 64 26
7 65 47
7 66 87
7 67 42
7 68 11
7 69 6
7 70 69
7 71 8
7 72 74
7 73 66
7 74 20
7 75 11
7 76 58
7 77 94
7 78 40
7 79 72
7 80 0
7 81 62
7 82 86
7 83 74
7 84 19
7 85 16
7 86 41
7 87 87
7 88 75
7 89 41
7 90 26
7 91 22
7 92 44
7 93 83
7 94 65
7 95 29
7 96 97
7 97 72
7 98 8
7 99 96
7 100 51
8 9 33
8 10 31
8 11 83
8 12 24
8 13 86
8 14 44
8 15 80
8 16 10
8 17 30
8 18 81
8 19 70
8 20 73
8 21 34
8 22 76
8 23 49
8 24 9
8 25 63
8 26 16
8 27 51
8 28 19
8 29 52
8 30 90
8 31 68
8 32 50
8 33 9
8 34 3
8 35 95
8 36 60
8 37 91
8 38 79
8 39 7
8 40 93
8 41 22
8 42 68
8 43 18
8 44 73
8 45 25
8 46 16
8 47 63
8 48 21
8 49 16
8 50 91
8 51 83
8 52 88
8 53 24
8 54 98
8 55 92
8 56 96
8 57 79
8 58 63
8 59 25
8 60 0
8 61 67
8 62 67
8 63 2
8 64 15
8 65 14
8 66 75
8 67 65
8 68 32
8 69 44
8 70 88
8 71 96
8 72 88
8 73 64
8 74 32
8 75 70
8 76 77
8 77 64
8 78 84
8 79 63
8 80 1
8 81 7
8 82 0
8 83 66
8 84 50
8 85 68
8 86 56
8 87 24
8 88 40
8 89 39
8 90 81
8 91 99
8 92 61
8 93 78
8 94 32
8 95 43
8 96 17
8 97 36
8 98 39
8 99 91
8 100 14
9 10 88
9 11 21
9 12 31
9 13 65
9 14 3
9 15 21
9 16 41
9 17 54
9 18 15
9 19 36
9 20 32
9 21 64
9 22 6
9 23 66
9 24 48
9 25 6
9 26 49
9 27 59
9 28 39
9 29 12
9 30 16
9 31 25
9 32 59
9 33 51
9 34 71
9 35 71
9 36 58
9 37 56
9 38 29
9 39 43
9 40 18
9 41 13
9 42 26
9 43 62
9 44 2
9 45 25
9 46 82
9 47 4
9 48 30
9 49 41
9 50 53
9 51 44
9 52 95
9 53 75
9 54 70
9 55 70
9 56 16
9 57 67
9 58 91
9 59 50
9 60 85
9 61 98
9 62 79
9 63 6
9 64 77
9 65 90
9 66 14
9 67 43
9 68 38
9 69 63
9 70 57
9 71 18
9 72 60
9 73 74
9 74 29
9 75 78
9 76 48
9 77 94
9 78 35
9 79 18
9 80 71
9 81 90
9 82 65
9 83 49
9 84 74
9 85 95
9 86 85
9 87 33
9 88 16
9 89 42
9 90 27
9 91 82
9 92 46
9 93 27
9 94 58
9 95 35
9 96 98
9 97 14
9 98 55
9 99 67
9 100 60
10 11 13
10 12 76
10 13 10
10 14 1
10 15 4
10 16 40
10 17 14
10 18 52
10 19 19
10 20 29
10 21 22
10 22 98
10 23 86
10 24 44
10 25 66
10 26 43
10 27 8
10 28 27
10 29 39
10 30 47
10 31 99
10 32 52
10 33 96
10 34 32
10 35 21
10 36 90
10 37 37
10 38 62
10 39 90
10 40 75
10 41 2
10 42 48
10 43 5
10 44 57
10 45 20
10 46 82
10 47 64
10 48 33
10 49 24
10 50 5
10 51 39
10 52 28
10 53 82
10 54 27
10 55 17
10 56 45
10 57 32
10 58 70
10 59 51
10 60 88
10 61 86
10 62 45
10 63 0
10 64 75
10 65 78
10 66 44
10 67 92
10 68 32
10 69 76
10 70 4
10 71 22
10 72 94
10 73 71
10 74 36
10 75 34
10 76 7
10 77 30
10 78 2
10 79 41
10 80 47
10 81 45
10 82 91
10 83 65
10 84 8
10 85 77
10 86 56
10 87 93
10 88 13
10 89 20
10 90 22
10 91 33
10 92 57
10 93 68
10 94 23
10 95 88
10 96 80
10 97 74
10 98 34
10 99 88
10 100 95
11 12 32
11 13 25
11 14 22
11 15 66
11 16 91
11 17 27
11 18 27
11 19 47
11 20 56
11 21 7
11 22 17
11 23 5
11 24 57
11 25 85
11 26 24
11 27 49
11 28 97
11 29 7
11 30 37
11 31 16
11 32 80
11 33 39
11 34 27
11 35 57
11 36 92
11 37 94
11 38 33
11 39 27
11 40 83
11 41 38
11 42 38
11 43 30
11 44 10
11 45 62
11 46 80
11 47 18
11 48 79
11 49 51
11 50 60
11 51 73
11 52 82
11 53 68
11 54 22
11 55 53
11 56 53
11 57 26
11 58 79
11 59 85
11 60 5
11 61 92
11 62 83
11 63 86
11 64 77
11 65 90
11 66 52
11 67 67
11 68 18
11 69 14
11 70 35
11 71 16
11 72 69
11 73 67
11 74 55
11 75 29
11 76 93
11 77 90
11 78 94
11 79 20
11 80 95
11 81 69
11 82 84
11 83 76
11 84 74
11 85 95
11 86 80
11 87 73
11 88 21
11 89 17
11 90 11
11 91 74
11 92 88
11 93 98
11 94 57
11 95 96
11 96 39
11 97 99
11 98 72
11 99 9
11 100 95
12 13 61
12 14 26
12 15 14
12 16 20
12 17 82
12 18 81
12 19 40
12 20 38
12 21 64
12 22 61
12 23 32
12 24 97
12 25 95
12 26 3
12 27 63
12 28 69
12 29 95
12 30 88
12 31 59
12 32 48
12 33 60
12 34 13
12 35 87
12 36 2
12 37 88
12 38 9
12 39 22
12 40 80
12 41 82
12 42 77
12 43 85
12 44 4
12 45 43
12 46 75
12 47 86
12 48 78
12 49 58
12 50 79
12 51 78
12 52 93
12 53 62
12 54 9
12 55 52
12 56 34
12 57 18
12 58 38
12 59 8
12 60 26
12 61 46
12 62 93
12 63 11
12 64 92
12 65 89
12 66 55
12 67 12
12 68 36
12 69 63
12 70 54
12 71 85
12 72 66
12 73 57
12 74 7
12 75 70
12 76 87
12 77 48
12 78 88
12 79 33
12 80 73
12 81 56
12 82 44
12 83 29
12 84 20
12 85 71
12 86 47
12 87 85
12 88 5
12 89 38
12 90 48
12 91 37
12 92 86
12 93 95
12 94 35
12 95 96
12 96 87
12 97 97
12 98 33
12 99 10
12 100 30
13 14 19
13 15 67
13 16 2
13 17 22
13 18 97
13 19 36
13 20 83
13 21 56
13 22 45
13 23 8
13 24 74
13 25 70
13 26 87
13 27 54
13 28 39
13 29 98
13 30 91
13 31 8
13 32 36
13 33 56
13 34 72
13 35 10
13 36 65
13 37 85
13 38 15
13 39 73
13 40 41
13 41 19
13 42 69
13 43 1
13 44 14
13 45 12
13 46 76
13 47 39
13 48 59
13 49 92
13 50 22
13 51 7
13 52 52
13 53 76
13 54 18
13 55 20
13 56 42
13 57 6
13 58 99
13 59 10
13 60 6
13 61 86
13 62 56
13 63 78
13 64 35
13 65 6
13 66 34
13 67 63
13 68 78
13 69 57
13 70 53
13 71 10
13 72 13
13 73 99
13 74 68
13 75 90
13 76 84
13 77 56
13 78 82
13 79 13
13 80 8
13 81 1
13 82 77
13 83 69
13 84 75
13 85 21
13 86 23
13 87 77
13 88 37
13 89 14
13 90 85
13 91 55
13 92 1
13 93 4
13 94 11
13 95 89
13 96 59
13 97 22
13 98 34
13 99 73
13 100 33
14 15 83
14 16 65
14 17 31
14 18 53
14 19 45
14 20 66
14 21 99
14 22 35
14 23 83
14 24 13
14 25 71
14 26 84
14 27 75
14 28 50
14 29 89
14 30 35
14 31 66
14 32 41
14 33 99
14 34 85
14 35 97
14 36 95
14 37 79
14 38 26
14 39 46
14 40 50
14 41 33
14 42 4
14 43 35
14 44 43
14 45 87
14 46 23
14 47 21
14 48 19
14 49 6
14 50 54
14 51 46
14 52 27
14 53 72
14 54 84
14 55 34
14 56 20
14 57 42
14 58 67
14 59 73
14 60 66
14 61 15
14 62 1
14 63 90
14 64 82
14 65 26
14 66 31
14 67 83
14 68 68
14 69 37
14 70 85
14 71 76
14 72 21
14 73 9
14 74 28
14 75 65
14 76 17
14 77 0
14 78 70
14 79 45
14 80 87
14 81 7
14 82 99
14 83 87
14 84 70
14 85 96
14 86 55
14 87 63
14 88 62
14 89 42
14 90 55
14 91 25
14 92 52
14 93 23
14 94 75
14 95 88
14 96 72
14 97 90
14 98 66
14 99 14
14 100 58
15 16 85
15 17 98
15 18 27
15 19 68
15 20 99
15 21 14
15 22 69
15 23 19
15 24 90
15 25 67
15 26 13
15 27 79
15 28 29
15 29 90
15 30 65
15 31 86
15 32 58
15 33 24
15 34 33
15 35 3
15 36 58
15 37 23
15 38 24
15 39 42
15 40 35
15 41 71
15 42 98
15 43 0
15 44 99
15 45 2
15 46 68
15 47 55
15 48 26
15 49 43
15 50 10
15 51 71
15 52 32
15 53 70
15 54 77
15 55 51
15 56 9
15 57 88
15 58 3
15 59 13
15 60 36
15 61 10
15 62 97
15 63 90
15 64 8
15 65 80
15 66 7
15 67 32
15 68 13
15 69 86
15 70 21
15 71 21
15 72 93
15 73 24
15 74 63
15 75 4
15 76 54
15 77 84
15 78 97
15 79 30
15 80 73
15 81 43
15 82 79
15 83 22
15 84 51
15 85 61
15 86 71
15 87 90
15 88 93
15 89 44
15 90 96
15 91 30
15 92 4
15 93 30
15 94 77
15 95 16
15 96 23
15 97 25
15 98 41
15 99 17
15 100 3
16 17 75
16 18 91
16 19 58
16 20 83
16 21 23
16 22 44
16 23 3
16 24 59
16 25 39
16 26 42
16 27 88
16 28 85
16 29 59
16 30 68
16 31 20
16 32 56
16 33 37
16 34 50
16 35 68
16 36 14
16 37 62
16 38 1
16 39 87
16 40 2
16 41 53
16 42 88
16 43 26
16 44 77
16 45 26
16 46 49
16 47 31
16 48 18
16 49 13
16 50 29
16 51 38
16 52 3
16 53 31
16 54 31
16 55 88
16 56 10
16 57 69
16 58 75
16 59 57
16 60 43
16 61 34
16 62 70
16 63 97
16 64 9
16 65 80
16 66 67
16 67 25
16 68 50
16 69 37
16 70 49
16 71 88
16 72 3
16 73 82
16 74 41
16 75 52
16 76 70
16 77 34
16 78 17
16 79 90
16 80 14
16 81 21
16 82 19
16 83 4
16 84 79
16 85 15
16 86 1
16 87 13
16 88 34
16 89 89
16 90 84
16 91 81
16 92 2
16 93 53
16 94 16
16 95 78
16 96 5
16 97 85
16 98 4
16 99 68
16 100 14
17 18 95
17 19 33
17 20 87
17 21 61
17 22 11
17 23 10
17 24 33
17 25 44
17 26 32
17 27 12
17 28 80
17 29 74
17 30 96
17 31 56
17 32 99
17 33 22
17 34 59
17 35 65
17 36 87
17 37 1
17 38 95
17 39 72
17 40 96
17 41 6
17 42 1
17 43 52
17 44 4
17 45 40
17 46 3
17 47 10
17 48 73
17 49 62
17 50 57
17 51 54
17 52 69
17 53 9
17 54 67
17 55 42
17 56 71
17 57 56
17 58 46
17 59 63
17 60 28
17 61 70
17 62 9
17 63 29
17 64 80
17 65 46
17 66 81
17 67 85
17 68 40
17 69 73
17 70 99
17 71 32
17 72 34
17 73 44
17 74 48
17 75 0
17 76 2
17 77 13
17 78 24
17 79 68
17 80 32
17 81 68
17 82 10
17 83 81
17 84 99
17 85 10
17 86 2
17 87 62
17 88 83
17 89 92
17 90 77
17 91 56
17 92 29
17 93 10
17 94 49
17 95 89
17 96 9
17 97 5
17 98 35
17 99 77
17 100 26
18 19 68
18 20 87
18 21 51
18 22 0
18 23 82
18 24 62
18 25 10
18 26 11
18 27 79
18 28 69
18 29 50
18 30 56
18 31 5
18 32 66
18 33 97
18 34 34
18 35 29
18 36 47
18 37 25
18 38 69
18 39 7
18 40 63
18 41 46
18 42 96
18 43 10
18 44 17
18 45 54
18 46 73
18 47 0
18 48 69
18 49 28
18 50 23
18 51 45
18 52 52
18 53 41
18 54 53
18 55 28
18 56 39
18 57 38
18 58 37
18 59 65
18 60 18
18 61 58
18 62 4
18 63 63
18 64 70
18 65 37
18 66 47
18 67 98
18 68 22
18 69 36
18 70 15
18 71 78
18 72 14
18 73 29
18 74 12
18 75 22
18 76 91
18 77 98
18 78 1
18 79 24
18 80 83
18 81 7
18 82 20
18 83 84
18 84 14
18 85 46
18 86 21
18 87 36
18 88 53
18 89 91
18 90 55
18 91 54
18 92 50
18 93 26
18 94 38
18 95 71
18 96 54
18 97 38
18 98 10
18 99 33
18 100 88
19 20 32
19 21 0
19 22 27
19 23 28
19 24 81
19 25 48
19 26 88
19 27 15
19 28 50
19 29 3
19 30 70
19 31 57
19 32 35
19 33 34
19 34 89
19 35 94
19 36 16
19 37 95
19 38 43
19 39 79
19 40 68
19 41 79
19 42 31
19 43 43
19 44 22
19 45 21
19 46 13
19 47 40
19 48 10
19 49 73
19 50 0
19 51 78
19 52 4
19 53 70
19 54 3
19 55 80
19 56 28
19 57 44
19 58 95
19 59 35
19 60 42
19 61 10
19 62 74
19 63 15
19 64 90
19 65 82
19 66 78
19 67 77
19 68 49
19 69 53
19 70 67
19 71 93
19 72 79
19 73 61
19 74 2
19 75 98
19 76 2
19 77 72
19 78 65
19 79 18
19 80 75
19 81 67
19 82 78
19 83 19
19 84 5
19 85 2
19 86 44
19 87 85
19 88 79
19 89 34
19 90 48
19 91 66
19 92 84
19 93 49
19 94 17
19 95 71
19 96 60
19 97 15
19 98 84
19 99 59
19 100 67
20 21 98
20 22 52
20 23 45
20 24 18
20 25 9
20 26 32
20 27 21
20 28 24
20 29 0
20 30 67
20 31 74
20 32 12
20 33 2
20 34 34
20 35 55
20 36 19
20 37 37
20 38 8
20 39 80
20 40 21
20 41 83
20 42 31
20 43 81
20 44 93
20 45 1
20 46 58
20 47 46
20 48 55
20 49 83
20 50 99
20 51 60
20 52 45
20 53 47
20 54 30
20 55 17
20 56 29
20 57 42
20 58 22
20 59 34
20 60 48
20 61 40
20 62 84
20 63 60
20 64 32
20 65 26
20 66 69
20 67 59
20 68 50
20 69 48
20 70 85
20 71 49
20 72 80
20 73 93
20 74 70
20 75 89
20 76 56
20 77 10
20 78 12
20 79 56
20 80 8
20 81 14
20 82 23
20 83 61
20 84 52
20 85 92
20 86 39
20 87 39
20 88 19
20 89 72
20 90 46
20 91 71
20 92 37
20 93 70
20 94 53
20 95 28
20 96 11
20 97 15
20 98 8
20 99 0
20 100 98
21 22 9
21 23 54
21 24 46
21 25 42
21 26 86
21 27 39
21 28 96
21 29 69
21 30 69
21 31 24
21 32 58
21 33 67
21 34 15
21 35 45
21 36 68
21 37 99
21 38 68
21 39 30
21 40 18
21 41 70
21 42 58
21 43 95
21 44 33
21 45 74
21 46 2
21 47 30
21 48 68
21 49 42
21 50 38
21 51 17
21 52 92
21 53 17
21 54 59
21 55 14
21 56 54
21 57 18
21 58 25
21 59 86
21 60 49
21 61 67
21 62 67
21 63 22
21 64 28
21 65 57
21 66 85
21 67 88
21 68 47
21 69 75
21 70 31
21 71 3
21 72 26
21 73 45
21 74 69
21 75 11
21 76 50
21 77 54
21 78 20
21 79 50
21 80 88
21 81 73
21 82 20
21 83 91
21 84 2
21 85 76
21 86 10
21 87 26
21 88 2
21 89 84
21 90 26
21 91 70
21 92 2
21 93 75
21 94 98
21 95 6
21 96 28
21 97 63
21 98 73
21 99 54
21 100 51
22 23 31
22 24 56
22 25 1
22 26 90
22 27 59
22 28 41
22 29 95
22 30 14
22 31 14
22 32 6
22 33 27
22 34 10
22 35 11
22 36 96
22 37 4
22 38 75
22 39 53
22 40 15
22 41 30
22 42 92
22 43 32
22 44 9
22 45 95
22 46 40
22 47 1
22 48 73
22 49 88
22 50 25
22 51 79
22 52 45
22 53 78
22 54 55
22 55 52
22 56 5
22 57 10
22 58 51
22 59 42
22 60 82
22 61 74
22 62 82
22 63 85
22 64 42
22 65 87
22 66 69
22 67 71
22 68 9
22 69 12
22 70 74
22 71 73
22 72 79
22 73 42
22 74 59
22 75 11
22 76 92
22 77 89
22 78 63
22 79 87
22 80 73
22 81 57
22 82 94
22 83 82
22 84 63
22 85 80
22 86 71
22 87 26
22 88 65
22 89 38
22 90 96
22 91 5
22 92 93
22 93 99
22 94 72
22 95 76
22 96 54
22 97 29
22 98 48
22 99 96
22 100 50
23 24 71
23 25 32
23 26 39
23 27 74
23 28 94
23 29 30
23 30 82
23 31 5
23 32 46
23 33 20
23 34 86
23 35 71
23 36 68
23 37 96
23 38 20
23 39 9
23 40 34
23 41 70
23 42 49
23 43 26
23 44 74
23 45 98
23 46 76
23 47 99
23 48 51
23 49 70
23 50 32
23 51 3
23 52 68
23 53 6
23 54 41
23 55 90
23 56 73
23 57 63
23 58 50
23 59 21
23 60 49
23 61 4
23 62 93
23 63 1
23 64 26
23 65 88
23 66 3
23 67 95
23 68 44
23 69 18
23 70 80
23 71 80
23 72 17
23 73 57
23 74 62
23 75 7
23 76 96
23 77 37
23 78 71
23 79 77
23 80 85
23 81 3
23 82 44
23 83 81
23 84 41
23 85 33
23 86 12
23 87 24
23 88 63
23 89 51
23 90 15
23 91 77
23 92 9
23 93 57
23 94 3
23 95 45
23 96 68
23 97 11
23 98 42
23 99 23
23 100 73
24 25 51
24 26 62
24 27 0
24 28 7
24 29 9
24 30 28
24 31 75
24 32 41
24 33 27
24 34 90
24 35 0
24 36 83
24 37 78
24 38 49
24 39 22
24 40 48
24 41 86
24 42 31
24 43 99
24 44 35
24 45 54
24 46 23
24 47 55
24 48 93
24 49 25
24 50 91
24 51 38
24 52 32
24 53 4
24 54 20
24 55 0
24 56 89
24 57 17
24 58 21
24 59 93
24 60 59
24 61 76
24 62 27
24 63 94
24 64 35
24 65 62
24 66 85
24 67 50
24 68 77
24 69 13
24 70 95
24 71 7
24 72 26
24 73 8
24 74 9
24 75 36
24 76 95
24 77 95
24 78 95
24 79 75
24 80 43
24 81 61
24 82 15
24 83 99
24 84 90
24 85 47
24 86 22
24 87 59
24 88 84
24 89 74
24 90 89
24 91 54
24 92 39
24 93 7
24 94 91
24 95 76
24 96 34
24 97 98
24 98 64
24 99 62
24 100 73
25 26 12
25 27 33
25 28 79
25 29 64
25 30 15
25 31 10
25 32 90
25 33 72
25 34 44
25 35 81
25 36 31
25 37 26
25 38 89
25 39 95
25 40 35
25 41 0
25 42 76
25 43 11
25 44 46
25 45 38
25 46 66
25 47 30
25 48 72
25 49 42
25 50 86
25 51 70
25 52 96
25 53 59
25 54 26
25 55 9
25 56 25
25 57 55
25 58 70
25 59 9
25 60 6
25 61 47
25 62 64
25 63 66
25 64 87
25 65 27
25 66 13
25 67 96
25 68 89
25 69 57
25 70 24
25 71 57
25 72 74
25 73 17
25 74 2
25 75 40
25 76 97
25 77 94
25 78 36
25 79 93
25 80 9
25 81 87
25 82 27
25 83 82
25 84 37
25 85 88
25 86 0
25 87 44
25 88 18
25 89 63
25 90 93
25 91 18
25 92 31
25 93 70
25 94 53
25 95 26
25 96 98
25 97 96
25 98 60
25 99 44
25 100 15
26 27 57
26 28 14
26 29 49
26 30 21
26 31 49
26 32 63
26 33 95
26 34 57
26 35 82
26 36 25
26 37 87
26 38 83
26 39 20
26 40 91
26 41 94
26 42 1
26 43 6
26 44 66
26 45 15
26 46 79
26 47 69
26 48 14
26 49 89
26 50 10
26 51 67
26 52 25
26 53 88
26 54 36
26 55 18
26 56 27
26 57 68
26 58 46
26 59 13
26 60 79
26 61 60
26 62 3
26 63 33
26 64 71
26 65 9
26 66 49
26 67 13
26 68 7
26 69 55
26 70 41
26 71 62
26 72 32
26 73 36
26 74 92
26 75 4
26 76 78
26 77 10
26 78 25
26 79 12
26 80 73
26 81 84
26 82 87
26 83 19
26 84 16
26 85 9
26 86 64
26 87 70
26 88 15
26 89 88
26 90 12
26 91 96
26 92 59
26 93 79
26 94 52
26 95 16
26 96 6
26 97 0
26 98 91
26 99 50
26 100 59
27 28 83
27 29 43
27 30 37
27 31 68
27 32 79
27 33 76
27 34 16
27 35 23
27 36 32
27 37 72
27 38 31
27 39 51
27 40 51
27 41 14
27 42 25
27 43 24
27 44 19
27 45 4
27 46 92
27 47 76
27 48 11
27 49 12
27 50 51
27 51 35
27 52 55
27 53 34
27 54 96
27 55 13
27 56 45
27 57 90
27 58 54
27 59 50
27 60 26
27 61 6
27 62 62
27 63 16
27 64 81
27 65 92
27 66 29
27 67 40
27 68 84
27 69 90
27 70 29
27 71 79
27 72 17
27 73 31
27 74 74
27 75 56
27 76 93
27 77 59
27 78 15
27 79 88
27 80 98
27 81 9
27 82 79
27 83 87
27 84 97
27 85 12
27 86 37
27 87 35
27 88 12
27 89 70
27 90 99
27 91 79
27 92 30
27 93 3
27 94 46
27 95 88
27 96 67
27 97 60
27 98 43
27 99 8
27 100 94
28 29 34
28 30 18
28 31 92
28 32 82
28 33 10
28 34 83
28 35 32
28 36 90
28 37 67
28 38 31
28 39 6
28 40 84
28 41 97
28 42 11
28 43 22
28 44 1
28 45 56
28 46 79
28 47 1
28 48 22
28 49 64
28 50 82
28 51 54
28 52 67
28 53 43
28 54 40
28 55 75
28 56 78
28 57 96
28 58 29
28 59 46
28 60 29
28 61 94
28 62 45
28 63 73
28 64 25
28 65 52
28 66 75
28 67 92
28 68 8
28 69 90
28 70 99
28 71 72
28 72 38
28 73 19
28 74 20
28 75 28
28 76 50
28 77 69
28 78 16
28 79 25
28 80 93
28 81 33
28 82 82
28 83 20
28 84 97
28 85 29
28 86 65
28 87 13
28 88 25
28 89 97
28 90 96
28 91 47
28 92 23
28 93 92
28 94 50
28 95 1
28 96 84
28 97 90
28 98 14
28 99 37
28 100 25
29 30 85
29 31 41
29 32 10
29 33 92
29 34 48
29 35 46
29 36 64
29 37 26
29 38 47
29 39 42
29 40 32
29 41 20
29 42 84
29 43 78
29 44 68
29 45 28
29 46 91
29 47 35
29 48 6
29 49 36
29 50 48
29 51 54
29 52 95
29 53 69
29 54 30
29 55 35
29 56 68
29 57 19
29 58 47
29 59 12
29 60 72
29 61 75
29 62 76
29 63 92
29 64 17
29 65 84
29 66 16
29 67 87
29 68 42
29 69 65
29 70 23
29 71 49
29 72 91
29 73 27
29 74 4
29 75 74
29 76 42
29 77 34
29 78 10
29 79 26
29 80 0
29 81 4
29 82 69
29 83 19
29 84 16
29 85 63
29 86 91
29 87 29
29 88 96
29 89 78
29 90 47
29 91 23
29 92 63
29 93 91
29 94 69
29 95 29
29 96 61
29 97 35
29 98 72
29 99 90
29 100 15
30 31 18
30 32 29
30 33 98
30 34 89
30 35 1
30 36 72
30 37 7
30 38 19
30 39 66
30 40 45
30 41 39
30 42 93
30 43 6
30 44 4
30 45 70
30 46 45
30 47 27
30 48 36
30 49 27
30 50 79
30 51 18
30 52 43
30 53 1
30 54 38
30 55 91
30 56 43
30 57 0
30 58 29
30 59 24
30 60 10
30 61 51
30 62 41
30 63 32
30 64 66
30 65 17
30 66 87
30 67 59
30 68 64
30 69 80
30 70 90
30 71 95
30 72 61
30 73 18
30 74 11
30 75 58
30 76 27
30 77 81
30 78 91
30 79 38
30 80 62
30 81 87
30 82 87
30 83 79
30 84 4
30 85 95
30 86 73
30 87 2
30 88 84
30 89 53
30 90 45
30 91 86
30 92 12
30 93 3
30 94 0
30 95 19
30 96 41
30 97 60
30 98 11
30 99 58
30 100 75
31 32 79
31 33 14
31 34 62
31 35 95
31 36 80
31 37 85
31 38 94
31 39 35
31 40 28
31 41 9
31 42 74
31 43 55
31 44 5
31 45 83
31 46 8
31 47 63
31 48 77
31 49 32
31 50 82
31 51 38
31 52 56
31 53 56
31 54 56
31 55 41
31 56 41
31 57 54
31 58 8
31 59 94
31 60 25
31 61 43
31 62 40
31 63 7
31 64 0
31 65 5
31 66 30
31 67 88
31 68 73
31 69 29
31 70 87
31 71 16
31 72 4
31 73 39
31 74 15
31 75 48
31 76 33
31 77 47
31 78 74
31 79 47
31 80 40
31 81 24
31 82 45
31 83 76
31 84 80
31 85 89
31 86 69
31 87 29
31 88 14
31 89 60
31 90 92
31 91 26
31 92 41
31 93 76
31 94 85
31 95 74
31 96 4
31 97 77
31 98 55
31 99 3
31 100 65
32 33 26
32 34 56
32 35 59
32 36 52
32 37 8
32 38 16
32 39 63
32 40 48
32 41 24
32 42 16
32 43 60
32 44 99
32 45 10
32 46 14
32 47 5
32 48 41
32 49 17
32 50 93
32 51 5
32 52 88
32 53 43
32 54 32
32 55 56
32 56 25
32 57 6
32 58 74
32 59 5
32 60 9
32 61 65
32 62 2
32 63 36
32 64 95
32 65 18
32 66 90
32 67 45
32 68 61
32 69 23
32 70 63
32 71 36
32 72 74
32 73 78
32 74 82
32 75 35
32 76 4
32 77 63
32 78 6
32 79 1
32 80 16
32 81 23
32 82 75
32 83 45
32 84 45
32 85 24
32 86 21
32 87 76
32 88 58
32 89 38
32 90 56
32 91 27
32 92 13
32 93 24
32 94 67
32 95 40
32 96 55
32 97 82
32 98 35
32 99 72
32 100 6
33 34 53
33 35 12
33 36 42
33 37 8
33 38 77
33 39 73
33 40 34
33 41 66
33 42 41
33 43 11
33 44 48
33 45 9
33 46 49
33 47 16
33 48 86
33 49 64
33 50 87
33 51 78
33 52 67
33 53 0
33 54 89
33 55 86
33 56 45
33 57 26
33 58 83
33 59 18
33 60 18
33 61 41
33 62 99
33 63 43
33 64 51
33 65 89
33 66 92
33 67 89
33 68 27
33 69 52
33 70 93
33 71 97
33 72 23
33 73 50
33 74 32
33 75 80
33 76 17
33 77 13
33 78 80
33 79 24
33 80 64
33 81 89
33 82 41
33 83 45
33 84 33
33 85 50
33 86 46
33 87 74
33 88 34
33 89 71
33 90 18
33 91 65
33 92 10
33 93 38
33 94 62
33 95 68
33 96 44
33 97 63
33 98 61
33 99 54
33 100 66
34 35 49
34 36 82
34 37 95
34 38 47
34 39 13
34 40 73
34 41 70
34 42 63
34 43 46
34 44 76
34 45 78
34 46 89
34 47 86
34 48 63
34 49 3
34 50 87
34 51 40
34 52 61
34 53 23
34 54 5
34 55 8
34 56 1
34 57 55
34 58 48
34 59 36
34 60 67
34 61 27
34 62 67
34 63 13
34 64 62
34 65 56
34 66 51
34 67 75
34 68 96
34 69 36
34 70 29
34 71 85
34 72 60
34 73 91
34 74 56
34 75 20
34 76 39
34 77 43
34 78 25
34 79 67
34 80 43
34 81 72
34 82 98
34 83 75
34 84 48
34 85 69
34 86 4
34 87 21
34 88 98
34 89 1
34 90 8
34 91 59
34 92 54
34 93 88
34 94 36
34 95 35
34 96 83
34 97 5
34 98 19
34 99 95
34 100 0
35 36 14
35 37 90
35 38 28
35 39 39
35 40 19
35 41 59
35 42 81
35 43 71
35 44 76
35 45 14
35 46 36
35 47 49
35 48 0
35 49 87
35 50 93
35 51 29
35 52 70
35 53 66
35 54 24
35 55 90
35 56 51
35 57 87
35 58 50
35 59 3
35 60 53
35 61 11
35 62 99
35 63 70
35 64 90
35 65 31
35 66 79
35 67 87
35 68 75
35 69 20
35 70 2
35 71 38
35 72 97
35 73 56
35 74 83
35 75 28
35 76 31
35 77 2
35 78 12
35 79 52
35 80 26
35 81 79
35 82 21
35 83 53
35 84 95
35 85 16
35 86 35
35 87 95
35 88 48
35 89 98
35 90 27
35 91 42
35 92 91
35 93 40
35 94 58
35 95 54
35 96 20
35 97 85
35 98 14
35 99 56
35 100 34
36 37 92
36 38 46
36 39 2
36 40 95
36 41 83
36 42 74
36 43 78
36 44 93
36 45 6
36 46 60
36 47 89
36 48 37
36 49 89
36 50 69
36 51 66
36 52 75
36 53 63
36 54 25
36 55 64
36 56 74
36 57 83
36 58 14
36 59 8
36 60 23
36 61 19
36 62 6
36 63 97
36 64 87
36 65 58
36 66 59
36 67 20
36 68 23
36 69 90
36 70 34
36 71 65
36 72 38
36 73 50
36 74 33
36 75 77
36 76 65
36 77 53
36 78 34
36 79 15
36 80 78
36 81 8
36 82 5
36 83 45
36 84 69
36 85 4
36 86 6
36 87 94
36 88 73
36 89 29
36 90 78
36 91 95
36 92 31
36 93 39
36 94 39
36 95 82
36 96 78
36 97 20
36 98 20
36 99 88
36 100 20
37 38 98
37 39 0
37 40 5
37 41 67
37 42 20
37 43 56
37 44 27
37 45 6
37 46 32
37 47 56
37 48 15
37 49 57
37 50 36
37 51 77
37 52 20
37 53 65
37 54 9
37 55 5
37 56 39
37 57 73
37 58 25
37 59 38
37 60 58
37 61 19
37 62 45
37 63 24
37 64 3
37 65 31
37 66 70
37 67 23
37 68 34
37 69 40
37 70 86
37 71 20
37 72 87
37 73 15
37 74 57
37 75 73
37 76 83
37 77 92
37 78 69
37 79 81
37 80 98
37 81 87
37 82 92
37 83 41
37 84 51
37 85 2
37 86 72
37 87 59
37 88 72
37 89 45
37 90 86
37 91 94
37 92 12
37 93 18
37 94 5
37 95 87
37 96 45
37 97 30
37 98 51
37 99 77
37 100 3
38 39 41
38 40 29
38 41 9
38 42 21
38 43 76
38 44 94
38 45 60
38 46 32
38 47 38
38 48 59
38 49 70
38 50 98
38 51 77
38 52 29
38 53 62
38 54 38
38 55 85
38 56 21
38 57 22
38 58 47
38 59 54
38 60 26
38 61 24
38 62 10
38 63 35
38 64 47
38 65 85
38 66 7
38 67 47
38 68 39
38 69 99
38 70 83
38 71 74
38 72 47
38 73 62
38 74 12
38 75 44
38 76 17
38 77 60
38 78 9
38 79 37
38 80 65
38 81 58
38 82 16
38 83 73
38 84 83
38 85 56
38 86 40
38 87 45
38 88 39
38 89 44
38 90 57
38 91 1
38 92 42
38 93 41
38 94 54
38 95 86
38 96 72
38 97 78
38 98 18
38 99 6
38 100 22
39 40 47
39 41 34
39 42 39
39 43 12
39 44 10
39 45 31
39 46 11
39 47 13
39 48 72
39 49 41
39 50 98
39 51 53
39 52 46
39 53 94
39 54 44
39 55 13
39 56 59
39 57 5
39 58 91
39 59 49
39 60 98
39 61 82
39 62 48
39 63 73
39 64 69
39 65 93
39 66 62
39 67 95
39 68 55
39 69 40
39 70 32
39 71 79
39 72 67
39 73 13
39 74 39
39 75 96
39 76 47
39 77 63
39 78 60
39 79 24
39 80 21
39 81 34
39 82 53
39 83 85
39 84 71
39 85 15
39 86 82
39 87 47
39 88 2
39 89 34
39 90 84
39 91 72
39 92 20
39 93 65
39 94 11
39 95 16
39 96 47
39 97 23
39 98 44
39 99 45
39 100 11
40 41 31
40 42 20
40 43 1
40 44 42
40 45 85
40 46 70
40 47 58
40 48 71
40 49 29
40 50 59
40 51 51
40 52 3
40 53 38
40 54 98
40 55 43
40 56 89
40 57 79
40 58 33
40 59 55
40 60 55
40 61 26
40 62 51
40 63 19
40 64 15
40 65 32
40 66 76
40 67 71
40 68 85
40 69 1
40 70 17
40 71 74
40 72 6
40 73 33
40 74 74
40 75 8
40 76 33
40 77 94
40 78 42
40 79 35
40 80 3
40 81 36
40 82 75
40 83 50
40 84 75
40 85 89
40 86 29
40 87 34
40 88 2
40 89 22
40 90 4
40 91 45
40 92 65
40 93 46
40 94 96
40 95 20
40 96 82
40 97 32
40 98 75
40 99 63
40 100 32
41 42 20
41 43 55
41 44 23
41 45 59
41 46 83
41 47 9
41 48 49
41 49 1
41 50 69
41 51 55
41 52 88
41 53 82
41 54 49
41 55 4
41 56 24
41 57 28
41 58 37
41 59 61
41 60 12
41 61 5
41 62 18
41 63 34
41 64 93
41 65 10
41 66 69
41 67 38
41 68 47
41 69 25
41 70 69
41 71 29
41 72 57
41 73 54
41 74 86
41 75 41
41 76 62
41 77 85
41 78 82
41 79 85
41 80 10
41 81 12
41 82 38
41 83 1
41 84 78
41 85 30
41 86 59
41 87 36
41 88 21
41 89 9
41 90 26
41 91 3
41 92 69
41 93 13
41 94 34
41 95 24
41 96 67
41 97 81
41 98 31
41 99 21
41 100 48
42 43 68
42 44 54
42 45 71
42 46 70
42 47 98
42 48 60
42 49 76
42 50 52
42 51 93
42 52 92
42 53 80
42 54 48
42 55 13
42 56 73
42 57 79
42 58 81
42 59 70
42 60 30
42 61 89
42 62 63
42 63 59
42 64 35
42 65 88
42 66 10
42 67 29
42 68 42
42 69 31
42 70 45
42 71 71
42 72 64
42 73 79
42 74 25
42 75 48
42 76 70
42 77 78
42 78 62
42 79 34
42 80 96
42 81 83
42 82 71
42 83 97
42 84 68
42 85 61
42 86 74
42 87 97
42 88 31
42 89 25
42 90 48
42 91 20
42 92 56
42 93 7
42 94 93
42 95 58
42 96 25
42 97 48
42 98 49
42 99 41
42 100 74
43 44 89
43 45 39
43 46 71
43 47 61
43 48 60
43 49 25
43 50 60
43 51 62
43 52 72
43 53 37
43 54 92
43 55 15
43 56 8
43 57 69
43 58 35
43 59 2
43 60 58
43 61 35
43 62 43
43 63 10
43 64 97
43 65 14
43 66 52
43 67 71
43 68 28
43 69 14
43 70 93
43 71 74
43 72 92
43 73 15
43 74 82
43 75 40
43 76 84
43 77 29
43 78 44
43 79 72
43 80 66
43 81 59
43 82 48
43 83 48
43 84 37
43 85 85
43 86 50
43 87 90
43 88 82
43 89 62
43 90 51
43 91 49
43 92 31
43 93 59
43 94 17
43 95 53
43 96 74
43 97 35
43 98 12
43 99 31
43 100 22
44 45 95
44 46 50
44 47 1
44 48 89
44 49 88
44 50 26
44 51 45
44 52 74
44 53 49
44 54 3
44 55 42
44 56 38
44 57 3
44 58 52
44 59 48
44 60 82
44 61 57
44 62 41
44 63 50
44 64 66
44 65 63
44 66 24
44 67 14
44 68 36
44 69 43
44 70 96
44 71 88
44 72 65
44 73 3
44 74 59
44 75 0
44 76 46
44 77 40
44 78 94
44 79 0
44 80 53
44 81 70
44 82 74
44 83 32
44 84 69
44 85 13
44 86 88
44 87 65
44 88 43
44 89 30
44 90 80
44 91 3
44 92 5
44 93 16
44 94 35
44 95 10
44 96 8
44 97 26
44 98 74
44 99 92
44 100 56
45 46 13
45 47 22
45 48 93
45 49 93
45 50 48
45 51 35
45 52 57
45 53 86
45 54 36
45 55 59
45 56 72
45 57 47
45 58 44
45 59 12
45 60 87
45 61 46
45 62 39
45 63 88
45 64 27
45 65 56
45 66 12
45 67 24
45 68 85
45 69 41
45 70 45
45 71 18
45 72 79
45 73 49
45 74 2
45 75 42
45 76 33
45 77 33
45 78 42
45 79 43
45 80 52
45 81 43
45 82 61
45 83 19
45 84 8
45 85 52
45 86 89
45 87 76
45 88 77
45 89 51
45 90 12
45 91 14
45 92 54
45 93 83
45 94 86
45 95 81
45 96 59
45 97 38
45 98 86
45 99 82
45 100 50
46 47 28
46 48 82
46 49 6
46 50 95
46 51 66
46 52 80
46 53 18
46 54 34
46 55 29
46 56 43
46 57 5
46 58 85
46 59 66
46 60 27
46 61 15
46 62 31
46 63 46
46 64 2
46 65 51
46 66 18
46 67 37
46 68 49
46 69 34
46 70 30
46 71 75
46 72 1
46 73 91
46 74 72
46 75 35
46 76 69
46 77 36
46 78 69
46 79 38
46 80 52
46 81 29
46 82 8
46 83 23
46 84 19
46 85 21
46 86 96
46 87 0
46 88 36
46 89 30
46 90 60
46 91 24
46 92 40
46 93 7
46 94 82
46 95 49
46 96 95
46 97 82
46 98 66
46 99 10
46 100 16
47 48 54
47 49 73
47 50 72
47 51 35
47 52 84
47 53 57
47 54 83
47 55 0
47 56 54
47 57 54
47 58 99
47 59 16
47 60 45
47 61 51
47 62 13
47 63 18
47 64 72
47 65 71
47 66 91
47 67 2
47 68 3
47 69 84
47 70 68
47 71 43
47 72 78
47 73 11
47 74 60
47 75 14
47 76 35
47 77 31
47 78 9
47 79 67
47 80 81
47 81 56
47 82 42
47 83 94
47 84 17
47 85 65
47 86 21
47 87 59
47 88 5
47 89 45
47 90 52
47 91 45
47 92 67
47 93 24
47 94 74
47 95 40
47 96 57
47 97 47
47 98 21
47 99 31
47 100 61
48 49 28
48 50 42
48 51 16
48 52 65
48 53 16
48 54 80
48 55 90
48 56 60
48 57 91
48 58 66
48 59 71
48 60 16
48 61 29
48 62 55
48 63 90
48 64 32
48 65 23
48 66 71
48 67 45
48 68 81
48 69 18
48 70 49
48 71 69
48 72 64
48 73 77
48 74 39
48 75 37
48 76 88
48 77 49
48 78 19
48 79 31
48 80 6
48 81 54
48 82 79
48 83 47
48 84 1
48 85 95
48 86 67
48 87 94
48 88 32
48 89 54
48 90 21
48 91 97
48 92 85
48 93 19
48 94 47
48 95 95
48 96 73
48 97 8
48 98 36
48 99 31
48 100 37
49 50 48
49 51 92
49 52 36
49 53 97
49 54 98
49 55 41
49 56 62
49 57 21
49 58 76
49 59 27
49 60 47
49 61 58
49 62 64
49 63 7
49 64 9
49 65 7
49 66 86
49 67 47
49 68 90
49 69 7
49 70 98
49 71 70
49 72 41
49 73 80
49 74 35
49 75 57
49 76 16
49 77 45
49 78 61
49 79 80
49 80 29
49 81 66
49 82 13
49 83 27
49 84 10
49 85 80
49 86 20
49 87 47
49 88 61
49 89 15
49 90 85
49 91 76
49 92 12
49 93 30
49 94 69
49 95 53
49 96 20
49 97 11
49 98 82
49 99 55
49 100 93
50 51 19
50 52 5
50 53 25
50 54 60
50 55 8
50 56 66
50 57 16
50 58 68
50 59 19
50 60 66
50 61 81
50 62 71
50 63 32
50 64 89
50 65 83
50 66 9
50 67 83
50 68 9
50 69 25
50 70 38
50 71 69
50 72 36
50 73 66
50 74 78
50 75 80
50 76 17
50 77 68
50 78 4
50 79 46
50 80 84
50 81 37
50 82 9
50 83 76
50 84 77
50 85 75
50 86 38
50 87 35
50 88 9
50 89 47
50 90 85
50 91 29
50 92 87
50 93 84
50 94 46
50 95 28
50 96 93
50 97 23
50 98 82
50 99 31
50 100 86
51 52 68
51 53 20
51 54 54
51 55 6
51 56 61
51 57 22
51 58 58
51 59 37
51 60 19
51 61 80
51 62 2
51 63 69
51 64 55
51 65 3
51 66 50
51 67 58
51 68 24
51 69 0
51 70 27
51 71 24
51 72 56
51 73 94
51 74 59
51 75 63
51 76 94
51 77 25
51 78 78
51 79 69
51 80 57
51 81 81
51 82 19
51 83 66
51 84 38
51 85 66
51 86 99
51 87 65
51 88 28
51 89 75
51 90 75
51 91 56
51 92 55
51 93 73
51 94 75
51 95 33
51 96 58
51 97 88
51 98 70
51 99 1
51 100 37
52 53 59
52 54 49
52 55 24
52 56 36
52 57 81
52 58 36
52 59 32
52 60 8
52 61 3
52 62 63
52 63 91
52 64 79
52 65 70
52 66 95
52 67 95
52 68 46
52 69 66
52 70 76
52 71 38
52 72 33
52 73 39
52 74 0
52 75 7
52 76 66
52 77 9
52 78 35
52 79 4
52 80 89
52 81 36
52 82 70
52 83 29
52 84 84
52 85 71
52 86 98
52 87 87
52 88 40
52 89 32
52 90 15
52 91 31
52 92 60
52 93 65
52 94 76
52 95 19
52 96 51
52 97 83
52 98 44
52 99 20
52 100 91
53 54 97
53 55 86
53 56 77
53 57 2
53 58 65
53 59 38
53 60 36
53 61 26
53 62 58
53 63 66
53 64 78
53 65 67
53 66 69
53 67 24
53 68 37
53 69 58
53 70 8
53 71 28
53 72 28
53 73 16
53 74 7
53 75 50
53 76 29
53 77 45
53 78 22
53 79 60
53 80 34
53 81 73
53 82 59
53 83 1
53 84 24
53 85 18
53 86 69
53 87 69
53 88 67
53 89 59
53 90 1
53 91 40
53 92 44
53 93 54
53 94 3
53 95 69
53 96 55
53 97 44
53 98 46
53 99 46
53 100 25
54 55 10
54 56 4
54 57 89
54 58 85
54 59 19
54 60 78
54 61 61
54 62 87
54 63 73
54 64 28
54 65 43
54 66 56
54 67 93
54 68 54
54 69 36
54 70 96
54 71 23
54 72 10
54 73 52
54 74 38
54 75 91
54 76 4
54 77 12
54 78 18
54 79 57
54 80 54
54 81 98
54 82 86
54 83 64
54 84 8
54 85 26
54 86 81
54 87 63
54 88 92
54 89 45
54 90 11
54 91 48
54 92 51
54 93 4
54 94 20
54 95 8
54 96 13
54 97 36
54 98 18
54 99 78
54 100 73
55 56 36
55 57 46
55 58 22
55 59 93
55 60 78
55 61 44
55 62 17
55 63 24
55 64 85
55 65 90
55 66 17
55 67 98
55 68 35
55 69 31
55 70 47
55 71 25
55 72 31
55 73 6
55 74 52
55 75 93
55 76 92
55 77 39
55 78 50
55 79 48
55 80 72
55 81 11
55 82 61
55 83 39
55 84 19
55 85 75
55 86 52
55 87 88
55 88 45
55 89 75
55 90 21
55 91 50
55 92 83
55 93 93
55 94 60
55 95 66
55 96 23
55 97 44
55 98 52
55 99 50
55 100 99
56 57 8
56 58 53
56 59 49
56 60 7
56 61 9
56 62 98
56 63 90
56 64 51
56 65 53
56 66 25
56 67 4
56 68 75
56 69 69
56 70 51
56 71 0
56 72 49
56 73 73
56 74 84
56 75 92
56 76 52
56 77 80
56 78 96
56 79 25
56 80 12
56 81 20
56 82 55
56 83 5
56 84 62
56 85 20
56 86 66
56 87 9
56 88 71
56 89 96
56 90 4
56 91 34
56 92 5
56 93 50
56 94 98
56 95 82
56 96 2
56 97 63
56 98 17
56 99 24
56 100 72
57 58 78
57 59 39
57 60 1
57 61 86
57 62 51
57 63 76
57 64 64
57 65 16
57 66 80
57 67 42
57 68 68
57 69 69
57 70 78
57 71 19
57 72 34
57 73 17
57 74 4
57 75 45
57 76 77
57 77 89
57 78 74
57 79 81
57 80 2
57 81 14
57 82 35
57 83 53
57 84 30
57 85 39
57 86 89
57 87 4
57 88 27
57 89 57
57 90 92
57 91 87
57 92 9
57 93 61
57 94 0
57 95 32
57 96 75
57 97 23
57 98 62
57 99 41
57 100 33
58 59 77
58 60 58
58 61 40
58 62 11
58 63 89
58 64 60
58 65 74
58 66 19
58 67 17
58 68 99
58 69 71
58 70 69
58 71 34
58 72 59
58 73 11
58 74 81
58 75 96
58 76 27
58 77 47
58 78 38
58 79 88
58 80 60
58 81 26
58 82 33
58 83 79
58 84 84
58 85 88
58 86 62
58 87 25
58 88 20
58 89 10
58 90 64
58 91 69
58 92 0
58 93 60
58 94 22
58 95 35
58 96 70
58 97 34
58 98 65
58 99 48
58 100 44
59 60 53
59 61 91
59 62 14
59 63 57
59 64 42
59 65 92
59 66 68
59 67 18
59 68 57
59 69 25
59 70 15
59 71 23
59 72 26
59 73 8
59 74 23
59 75 62
59 76 29
59 77 70
59 78 35
59 79 17
59 80 18
59 81 49
59 82 31
59 83 69
59 84 83
59 85 52
59 86 73
59 87 89
59 88 95
59 89 14
59 90 23
59 91 92
59 92 11
59 93 81
59 94 78
59 95 22
59 96 30
59 97 77
59 98 45
59 99 50
59 100 98
60 61 85
60 62 43
60 63 88
60 64 51
60 65 56
60 66 52
60 67 84
60 68 22
60 69 69
60 70 29
60 71 2
60 72 7
60 73 28
60 74 79
60 75 40
60 76 22
60 77 74
60 78 83
60 79 38
60 80 58
60 81 41
60 82 81
60 83 56
60 84 60
60 85 76
60 86 26
60 87 16
60 88 92
60 89 85
60 90 90
60 91 97
60 92 89
60 93 91
60 94 9
60 95 95
60 96 98
60 97 30
60 98 10
60 99 44
60 100 98
61 62 29
61 63 31
61 64 13
61 65 7
61 66 47
61 67 24
61 68 20
61 69 85
61 70 63
61 71 69
61 72 98
61 73 95
61 74 88
61 75 62
61 76 18
61 77 74
61 78 84
61 79 23
61 80 57
61 81 6
61 82 49
61 83 88
61 84 95
61 85 90
61 86 45
61 87 80
61 88 47
61 89 79
61 90 66
61 91 30
61 92 27
61 93 19
61 94 79
61 95 55
61 96 36
61 97 17
61 98 20
61 99 50
61 100 67
62 63 99
62 64 10
62 65 2
62 66 18
62 67 23
62 68 44
62 69 42
62 70 67
62 71 94
62 72 55
62 73 25
62 74 96
62 75 58
62 76 27
62 77 41
62 78 57
62 79 64
62 80 96
62 81 18
62 82 82
62 83 35
62 84 37
62 85 94
62 86 56
62 87 1
62 88 71
62 89 30
62 90 39
62 91 84
62 92 70
62 93 69
62 94 12
62 95 14
62 96 91
62 97 68
62 98 49
62 99 11
62 100 35
63 64 49
63 65 67
63 66 46
63 67 5
63 68 70
63 69 9
63 70 41
63 71 41
63 72 59
63 73 31
63 74 72
63 75 38
63 76 17
63 77 94
63 78 60
63 79 91
63 80 81
63 81 78
63 82 73
63 83 79
63 84 21
63 85 29
63 86 58
63 87 49
63 88 37
63 89 53
63 90 96
63 91 50
63 92 75
63 93 67
63 94 81
63 95 82
63 96 5
63 97 69
63 98 11
63 99 8
63 100 55
64 65 99
64 66 75
64 67 81
64 68 84
64 69 38
64 70 38
64 71 78
64 72 88
64 73 80
64 74 76
64 75 20
64 76 24
64 77 8
64 78 27
64 79 62
64 80 51
64 81 92
64 82 85
64 83 93
64 84 28
64 85 22
64 86 86
64 87 15
64 88 0
64 89 4
64 90 4
64 91 81
64 92 79
64 93 18
64 94 88
64 95 38
64 96 82
64 97 51
64 98 7
64 99 69
64 100 58
65 66 78
65 67 13
65 68 59
65 69 5
65 70 67
65 71 56
65 72 24
65 73 7
65 74 25
65 75 27
65 76 95
65 77 41
65 78 87
65 79 10
65 80 52
65 81 18
65 82 11
65 83 11
65 84 83
65 85 62
65 86 90
65 87 20
65 88 26
65 89 67
65 90 82
65 91 62
65 92 25
65 93 12
65 94 52
65 95 30
65 96 93
65 97 50
65 98 5
65 99 57
65 100 41
66 67 45
66 68 88
66 69 32
66 70 12
66 71 68
66 72 58
66 73 65
66 74 97
66 75 12
66 76 88
66 77 83
66 78 28
66 79 80
66 80 16
66 81 92
66 82 59
66 83 97
66 84 37
66 85 65
66 86 58
66 87 98
66 88 54
66 89 60
66 90 47
66 91 36
66 92 99
66 93 95
66 94 39
66 95 6
66 96 52
66 97 28
66 98 4
66 99 29
66 100 3
67 68 60
67 69 12
67 70 5
67 71 43
67 72 15
67 73 18
67 74 38
67 75 28
67 76 82
67 77 98
67 78 5
67 79 12
67 80 65
67 81 9
67 82 39
67 83 30
67 84 25
67 85 19
67 86 79
67 87 29
67 88 17
67 89 72
67 90 80
67 91 33
67 92 37
67 93 53
67 94 70
67 95 73
67 96 67
67 97 68
67 98 86
67 99 73
67 100 31
68 69 6
68 70 41
68 71 95
68 72 94
68 73 69
68 74 7
68 75 29
68 76 6
68 77 0
68 78 86
68 79 6
68 80 24
68 81 11
68 82 74
68 83 96
68 84 82
68 85 70
68 86 7
68 87 3
68 88 11
68 89 36
68 90 56
68 91 15
68 92 44
68 93 97
68 94 50
68 95 73
68 96 77
68 97 0
68 98 93
68 99 11
68 100 94
69 70 10
69 71 71
69 72 29
69 73 39
69 74 72
69 75 83
69 76 41
69 77 69
69 78 56
69 79 86
69 80 1
69 81 89
69 82 95
69 83 59
69 84 88
69 85 87
69 86 75
69 87 13
69 88 39
69 89 61
69 90 92
69 91 63
69 92 54
69 93 71
69 94 68
69 95 82
69 96 80
69 97 92
69 98 0
69 99 18
69 100 88
70 71 50
70 72 78
70 73 55
70 74 0
70 75 8
70 76 60
70 77 38
70 78 17
70 79 89
70 80 48
70 81 55
70 82 10
70 83 14
70 84 0
70 85 23
70 86 27
70 87 13
70 88 92
70 89 71
70 90 50
70 91 72
70 92 53
70 93 77
70 94 28
70 95 26
70 96 21
70 97 73
70 98 99
70 99 10
70 100 89
71 72 26
71 73 18
71 74 30
71 75 18
71 76 47
71 77 59
71 78 41
71 79 8
71 80 48
71 81 72
71 82 18
71 83 50
71 84 64
71 85 39
71 86 21
71 87 18
71 88 80
71 89 96
71 90 40
71 91 17
71 92 52
71 93 77
71 94 93
71 95 60
71 96 56
71 97 92
71 98 13
71 99 94
71 100 15
72 73 14
72 74 85
72 75 30
72 76 62
72 77 23
72 78 10
72 79 86
72 80 2
72 81 35
72 82 98
72 83 13
72 84 6
72 85 71
72 86 58
72 87 32
72 88 17
72 89 99
72 90 76
72 91 84
72 92 7
72 93 71
72 94 47
72 95 88
72 96 78
72 97 43
72 98 59
72 99 11
72 100 42
73 74 41
73 75 96
73 76 17
73 77 15
73 78 21
73 79 86
73 80 99
73 81 73
73 82 77
73 83 31
73 84 30
73 85 18
73 86 55
73 87 12
73 88 28
73 89 29
73 90 79
73 91 55
73 92 93
73 93 22
73 94 77
73 95 10
73 96 12
73 97 86
73 98 37
73 99 49
73 100 48
74 75 69
74 76 75
74 77 10
74 78 11
74 79 30
74 80 86
74 81 22
74 82 16
74 83 7
74 84 11
74 85 86
74 86 43
74 87 58
74 88 30
74 89 30
74 90 90
74 91 85
74 92 80
74 93 56
74 94 32
74 95 92
74 96 43
74 97 71
74 98 28
74 99 50
74 100 77
75 76 29
75 77 78
75 78 95
75 79 62
75 80 39
75 81 34
75 82 1
75 83 94
75 84 48
75 85 49
75 86 78
75 87 16
75 88 35
75 89 62
75 90 60
75 91 58
75 92 53
75 93 90
75 94 80
75 95 54
75 96 68
75 97 46
75 98 13
75 99 2
75 100 13
76 77 23
76 78 33
76 79 63
76 80 99
76 81 20
76 82 35
76 83 73
76 84 66
76 85 59
76 86 28
76 87 85
76 88 71
76 89 75
76 90 32
76 91 93
76 92 4
76 93 92
76 94 8
76 95 21
76 96 41
76 97 87
76 98 14
76 99 75
76 100 50
77 78 15
77 79 55
77 80 38
77 81 33
77 82 48
77 83 18
77 84 10
77 85 61
77 86 75
77 87 0
77 88 50
77 89 15
77 90 52
77 91 25
77 92 60
77 93 68
77 94 84
77 95 54
77 96 99
77 97 63
77 98 18
77 99 79
77 100 81
78 79 47
78 80 84
78 81 80
78 82 91
78 83 41
78 84 44
78 85 69
78 86 44
78 87 42
78 88 56
78 89 3
78 90 56
78 91 28
78 92 88
78 93 55
78 94 55
78 95 63
78 96 22
78 97 93
78 98 47
78 99 85
78 100 37
79 80 65
79 81 35
79 82 10
79 83 37
79 84 29
79 85 23
79 86 43
79 87 58
79 88 96
79 89 83
79 90 58
79 91 3
79 92 31
79 93 41
79 94 69
79 95 53
79 96 22
79 97 79
79 98 4
79 99 11
79 100 76
80 81 94
80 82 56
80 83 57
80 84 16
80 85 83
80 86 85
80 87 74
80 88 70
80 89 23
80 90 41
80 91 6
80 92 6
80 93 73
80 94 72
80 95 22
80 96 95
80 97 25
80 98 62
80 99 97
80 100 86
81 82 80
81 83 73
81 84 20
81 85 6
81 86 90
81 87 4
81 88 78
81 89 26
81 90 63
81 91 31
81 92 51
81 93 87
81 94 41
81 95 40
81 96 26
81 97 82
81 98 83
81 99 90
81 100 31
82 83 60
82 84 74
82 85 7
82 86 66
82 87 86
82 88 23
82 89 43
82 90 16
82 91 63
82 92 9
82 93 76
82 94 70
82 95 39
82 96 28
82 97 21
82 98 55
82 99 57
82 100 21
83 84 1
83 85 3
83 86 72
83 87 28
83 88 46
83 89 36
83 90 37
83 91 2
83 92 46
83 93 69
83 94 30
83 95 59
83 96 45
83 97 51
83 98 37
83 99 47
83 100 94
84 85 69
84 86 74
84 87 72
84 88 91
84 89 37
84 90 96
84 91 50
84 92 47
84 93 29
84 94 73
84 95 82
84 96 43
84 97 25
84 98 99
84 99 21
84 100 25
85 86 44
85 87 88
85 88 49
85 89 25
85 90 89
85 91 99
85 92 5
85 93 74
85 94 89
85 95 98
85 96 55
85 97 56
85 98 43
85 99 82
85 100 64
86 87 23
86 88 40
86 89 55
86 90 59
86 91 39
86 92 14
86 93 34
86 94 22
86 95 75
86 96 62
86 97 44
86 98 21
86 99 98
86 100 65
87 88 17
87 89 16
87 90 32
87 91 92
87 92 1
87 93 86
87 94 50
87 95 99
87 96 16
87 97 16
87 98 20
87 99 23
87 100 87
88 89 31
88 90 69
88 91 21
88 92 4
88 93 27
88 94 78
88 95 40
88 96 35
88 97 14
88 98 66
88 99 76
88 100 90
89 90 57
89 91 91
89 92 84
89 93 11
89 94 89
89 95 28
89 96 45
89 97 43
89 98 59
89 99 67
89 100 54
90 91 32
90 92 59
90 93 35
90 94 20
90 95 81
90 96 97
90 97 18
90 98 8
90 99 38
90 100 38
91 92 21
91 93 90
91 94 86
91 95 25
91 96 43
91 97 38
91 98 44
91 99 62
91 100 6
92 93 13
92 94 7
92 95 76
92 96 79
92 97 7
92 98 75
92 99 92
92 100 2
93 94 56
93 95 80
93 96 72
93 97 47
93 98 81
93 99 37
93 100 52
94 95 17
94 96 87
94 97 99
94 98 38
94 99 68
94 100 38
95 96 2
95 97 25
95 98 13
95 99 40
95 100 64
96 97 2
96 98 88
96 99 84
96 100 83
97 98 22
97 99 70
97 100 3
98 99 88
98 100 47
99 100 63
