100 4950
1 2 83
1 3 41
1 4 55
1 5 48
1 6 85
1 7 8
1 8 41
1 9 77
1 10 73
1 11 29
1 12 69
1 13 35
1 14 51
1 15 54
1 16 93
1 17 20
1 18 46
1 19 51
1 20 52
1 21 67
1 22 75
1 23 24
1 24 46
1 25 31
1 26 1
1 27 28
1 28 36
1 29 61
1 30 1
1 31 47
1 32 88
1 33 60
1 34 92
1 35 72
1 36 6
1 37 85
1 38 84
1 39 99
1 40 90
1 41 6
1 42 38
1 43 79
1 44 23
1 45 39
1 46 0
1 47 63
1 48 75
1 49 23
1 50 3
1 51 63
1 52 88
1 53 52
1 54 69
1 55 73
1 56 22
1 57 85
1 58 97
1 59 91
1 60 99
1 61 88
1 62 60
1 63 21
1 64 48
1 65 66
1 66 44
1 67 18
1 68 34
1 69 73
1 70 44
1 71 9
1 72 8
1 73 3
1 74 78
1 75 16
1 76 99
1 77 78
1 78 35
1 79 40
1 80 65
1 81 22
1 82 0
1 83 70
1 84 91
1 85 13
1 86 7
1 87 11
1 88 30
1 89 90
1 90 24
1 91 5
1 92 79
1 93 76
1 94 33
1 95 87
1 96 65
1 97 72
1 98 58
1 99 44
1 100 42
2 3 36
2 4 7
2 5 30
2 6 46
2 7 55
2 8 94
2 9 58
2 10 87
2 11 30
2 12 96
2 13 97
2 14 57
2 15 5
2 16 9
2 17 83
2 18 16
2 19 66
2 20 19
2 21 24
2 22 62
2 23 59
2 24 55
2 25 33
2 26 99
2 27 18
2 28 15
2 29 26
2 30 37
2 31 67
2 32 54
2 33 96
2 34 80
2 35 52
2 36 26
2 37 20
2 38 45
2 39 79
2 40 48
2 41 90
2 42 71
2 43 81
2 44 22
2 45 78
2 46 31
2 47 65
2 48 0
2 49 82
2 50 54
2 51 2
2 52 22
2 53 35
2 54 24
2 55 37
2 56 28
2 57 72
2 58 97
2 59 57
2 60 84
2 61 35
2 62 96
2 63 26
2 64 12
2 65 95
2 66 23
2 67 2
2 68 46
2 69 86
2 70 6
2 71 44
2 72 42
2 73 22
2 74 51
2 75 18
2 76 35
2 77 36
2 78 13
2 79 76
2 80 41
2 81 78
2 82 9
2 83 3
2 84 71
2 85 38
2 86 83
2 87 40
2 88 83
2 89 45
2 90 1
2 91 6
2 92 10
2 93 84
2 94 94
2 95 93
2 96 97
2 97 47
2 98 88
2 99 23
2 100 79
3 4 22
3 5 41
3 6 43
3 7 14
3 8 88
3 9 91
3 10 91
3 11 55
3 12 12
3 13 1
3 14 12
3 15 44
3 16 94
3 17 57
3 18 15
3 19 13
3 20 93
3 21 74
3 22 21
3 23 5
3 24 64
3 25 39
3 26 80
3 27 28
3 28 23
3 29 99
3 30 34
3 31 72
3 32 98
3 33 96
3 34 53
3 35 61
3 36 2
3 37 4
3 38 16
3 39 32
3 40 52
3 41 59
3 42 5
3 43 22
3 44 90
3 45 92
3 46 68
3 47 75
3 48 28
3 49 84
3 50 8
3 51 61
3 52 63
3 53 83
3 54 7
3 55 4
3 56 93
3 57 63
3 58 72
3 59 89
3 60 50
3 61 19
3 62 23
3 63 31
3 64 15
3 65 82
3 66 55
3 67 5
3 68 83
3 69 85
3 70 36
3 71 96
3 72 16
3 73 31
3 74 2
3 75 41
3 76 69
3 77 99
3 78 31
3 79 43
3 80 95
3 81 72
3 82 57
3 83 69
3 84 88
3 85 80
3 86 97
3 87 11
3 88 35
3 89 83
3 90 13
3 91 3
3 92 4
3 93 38
3 94 42
3 95 54
3 96 54
3 97 56
3 98 97
3 99 96
3 100 20
4 5 18
4 6 21
4 7 20
4 8 14
4 9 50
4 10 17
4 11 77
4 12 25
4 13 31
4 14 25
4 15 83
4 16 34
4 17 73
4 18 38
4 19 77
4 20 34
4 21 38
4 22 59
4 23 81
4 24 14
4 25 7
4 26 98
4 27 8
4 28 59
4 29 0
4 30 91
4 31 20
4 32 65
4 33 10
4 34 30
4 35 42
4 36 11
4 37 8
4 38 85
4 39 86
4 40 55
4 41 9
4 42 78
4 43 74
4 44 68
4 45 95
4 46 53
4 47 55
4 48 55
4 49 53
4 50 39
4 51 80
4 52 45
4 53 0
4 54 45
4 55 43
4 56 19
4 57 45
4 58 10
4 59 43
4 60 22
4 61 56
4 62 0
4 63 70
4 64 91
4 65 31
4 66 98
4 67 73
4 68 53
4 69 62
4 70 22
4 71 86
4 72 9
4 73 30
4 74 33
4 75 28
4 76 60
4 77 60
4 78 45
4 79 61
4 80 79
4 81 41
4 82 17
4 83 4
4 84 2
4 85 57
4 86 52
4 87 92
4 88 42
4 89 93
4 90 71
4 91 32
4 92 31
4 93 76
4 94 32
4 95 3
4 96 68
4 97 66
4 98 87
4 99 16
4 100 80
5 6 37
5 7 43
5 8 37
5 9 83
5 10 95
5 11 97
5 12 51
5 13 83
5 14 27
5 15 3
5 16 88
5 17 83
5 18 90
5 19 75
5 20 10
5 21 18
5 22 73
5 23 70
5 24 75
5 25 74
5 26 14
5 27 70
5 28 50
5 29 86
5 30 34
5 31 89
5 32 17
5 33 70
5 34 66
5 35 7
5 36 59
5 37 40
5 38 59
5 39 87
5 40 4
5 41 36
5 42 72
5 43 69
5 44 36
5 45 33
5 46 62
5 47 96
5 48 62
5 49 84
5 50 9
5 51 45
5 52 21
5 53 19
5 54 69
5 55 20
5 56 85
5 57 81
5 58 28
5 59 45
5 60 97
5 61 55
5 62 57
5 63 62
5 64 29
5 65 22
5 66 38
5 67 9
5 68 24
5 69 14
5 70 66
5 71 16
5 72 90
5 73 31
5 74 34
5 75 99
5 76 61
5 77 19
5 78 74
5 79 18
5 80 51
5 81 45
5 82 28
5 83 1
5 84 72
5 85 42
5 86 76
5 87 81
5 88 26
5 89 29
5 90 47
5 91 76
5 92 46
5 93 80
5 94 59
5 95 56
5 96 44
5 97 4
5 98 52
5 99 19
5 100 23
6 7 64
6 8 97
6 9 35
6 10 28
6 11 38
6 12 14
6 13 56
6 14 73
6 15 59
6 16 63
6 17 65
6 18 65
6 19 59
6 20 81
6 21 18
6 22 17
6 23 41
6 24 38
6 25 73
6 26 51
6 27 21
6 28 9
6 29 61
6 30 8
6 31 15
6 32 25
6 33 93
6 34 11
6 35 7
6 36 77
6 37 15
6 38 25
6 39 97
6 40 33
6 41 84
6 42 8
6 43 25
6 44 40
6 45 46
6 46 28
6 47 69
6 48 37
6 49 81
6 50 89
6 51 24
6 52 75
6 53 66
6 54 33
6 55 67
6 56 2
6 57 64
6 58 84
6 59 21
6 60 67
6 61 24
6 62 37
6 63 5
6 64 46
6 65 33
6 66 94
6 67 98
6 68 66
6 69 68
6 70 77
6 71 97
6 72 83
6 73 58
6 74 51
6 75 17
6 76 96
6 77 7
6 78 15
6 79 67
6 80 50
6 81 96
6 82 27
6 83 5
6 84 52
6 85 25
6 86 24
6 87 31
6 88 80
6 89 8
6 90 73
6 91 99
6 92 64
6 93 69
6 94 77
6 95 94
6 96 4
6 97 21
6 98 63
6 99 38
6 100 90
7 8 54
7 9 91
7 10 7
7 11 29
7 12 12
7 13 17
7 14 87
7 15 19
7 16 87
7 17 9
7 18 75
7 19 26
7 20 84
7 21 73
7 22 34
7 23 19
7 24 33
7 25 21
7 26 4
7 27 31
7 28 24
7 29 83
7 30 18
7 31 68
7 32 31
7 33 13
7 34 42
7 35 73
7 36 38
7 37 49
7 38 36
7 39 76
7 40 96
7 41 2
7 42 96
7 43 30
7 44 76
7 45 52
7 46 55
7 47 67
7 48 41
7 49 63
7 50 62
7 51 30
7 52 12
7 53 18
7 54 35
7 55 67
7 56 44
7 57 6
7 58 74
7 59 30
7 60 62
7 61 13
7 62 93
7 63 48
7 64 42
7 65 48
7 66 78
7 67 53
7 68 4
7 69 67
7 70 21
7 71 5
7 72 6
7 73 25
7 74 81
7 75 59
7 76 8
7 77 78
7 78 82
7 79 65
7 80 40
7 81 95
7 82 54
7 83 33
7 84 57
7 85 33
7 86 32
7 87 28
7 88 70
7 89 83
7 90 20
7 91 34
7 92 21
7 93 19
7 94 27
7 95 64
7 96 40
7 97 90
7 98 95
7 99 98
7 100 64
8 9 89
8 10 71
8 11 77
8 12 9
8 13 18
8 14 85
8 15 15
8 16 66
8 17 89
8 18 99
8 19 6
8 20 48
8 21 82
8 22 59
8 23 57
8 24 6
8 25 2
8 26 60
8 27 42
8 28 16
8 29 86
8 30 18
8 31 27
8 32 94
8 33 66
8 34 6
8 35 43
8 36 99
8 37 61
8 38 43
8 39 76
8 40 94
8 41 28
8 42 22
8 43 44
8 44 36
8 45 46
8 46 64
8 47 90
8 48 5
8 49 45
8 50 38
8 51 47
8 52 56
8 53 8
8 54 91
8 55 94
8 56 3
8 57 61
8 58 38
8 59 66
8 60 22
8 61 5
8 62 37
8 63 57
8 64 19
8 65 0
8 66 65
8 67 67
8 68 71
8 69 75
8 70 0
8 71 76
8 72 22
8 73 72
8 74 57
8 75 81
8 76 49
8 77 28
8 78 65
8 79 71
8 80 3
8 81 68
8 82 82
8 83 97
8 84 72
8 85 26
8 86 10
8 87 48
8 88 18
8 89 53
8 90 40
8 91 57
8 92 56
8 93 83
8 94 44
8 95 85
8 96 61
8 97 96
8 98 69
8 99 19
8 100 16
9 10 98
9 11 63
9 12 84
9 13 36
9 14 55
9 15 27
9 16 54
9 17 24
9 18 85
9 19 84
9 20 60
9 21 48
9 22 46
9 23 93
9 24 47
9 25 55
9 26 16
9 27 9
9 28 68
9 29 62
9 30 11
9 31 91
9 32 95
9 33 59
9 34 51
9 35 68
9 36 5
9 37 38
9 38 56
9 39 56
9 40 34
9 41 63
9 42 83
9 43 27
9 44 66
9 45 41
9 46 48
9 47 38
9 48 72
9 49 98
9 50 29
9 51 40
9 52 71
9 53 93
9 54 28
9 55 19
9 56 64
9 57 60
9 58 91
9 59 90
9 60 83
9 61 45
9 62 68
9 63 3
9 64 65
9 65 35
9 66 27
9 67 67
9 68 15
9 69 26
9 70 78
9 71 14
9 72 63
9 73 41
9 74 43
9 75 23
9 76 26
9 77 64
9 78 27
9 79 0
9 80 13
9 81 45
9 82 83
9 83 15
9 84 5
9 85 80
9 86 24
9 87 94
9 88 9
9 89 17
9 90 99
9 91 32
9 92 35
9 93 5
9 94 1
9 95 66
9 96 51
9 97 64
9 98 93
9 99 11
9 100 76
10 11 78
10 12 82
10 13 33
10 14 9
10 15 79
10 16 12
10 17 51
10 18 63
10 19 79
10 20 78
10 21 67
10 22 10
10 23 81
10 24 33
10 25 68
10 26 48
10 27 83
10 28 78
10 29 71
10 30 33
10 31 62
10 32 15
10 33 89
10 34 88
10 35 64
10 36 88
10 37 30
10 38 40
10 39 14
10 40 62
10 41 21
10 42 46
10 43 78
10 44 94
10 45 30
10 46 78
10 47 60
10 48 1
10 49 3
10 50 85
10 51 44
10 52 65
10 53 24
10 54 59
10 55 4
10 56 8
10 57 93
10 58 77
10 59 45
10 60 37
10 61 77
10 62 23
10 63 79
10 64 96
10 65 79
10 66 6
10 67 99
10 68 65
10 69 5
10 70 31
10 71 22
10 72 15
10 73 1
10 74 4
10 75 48
10 76 27
10 77 65
10 78 28
10 79 57
10 80 83
10 81 92
10 82 65
10 83 56
10 84 85
10 85 13
10 86 91
10 87 23
10 88 70
10 89 31
10 90 43
10 91 40
10 92 31
10 93 13
10 94 76
10 95 7
10 96 86
10 97 46
10 98 96
10 99 1
10 100 2
11 12 45
11 13 91
11 14 6
11 15 40
11 16 21
11 17 30
11 18 81
11 19 61
11 20 80
11 21 58
11 22 29
11 23 43
11 24 97
11 25 30
11 26 8
11 27 96
11 28 49
11 29 80
11 30 90
11 31 10
11 32 21
11 33 19
11 34 10
11 35 26
11 36 43
11 37 63
11 38 70
11 39 89
11 40 42
11 41 81
11 42 45
11 43 29
11 44 22
11 45 6
11 46 18
11 47 3
11 48 56
11 49 29
11 50 23
11 51 56
11 52 0
11 53 90
11 54 88
11 55 82
11 56 51
11 57 72
11 58 12
11 59 6
11 60 41
11 61 93
11 62 72
11 63 79
11 64 95
11 65 48
11 66 34
11 67 63
11 68 3
11 69 53
11 70 43
11 71 46
11 72 64
11 73 53
11 74 65
11 75 31
11 76 53
11 77 98
11 78 55
11 79 76
11 80 91
11 81 75
11 82 95
11 83 50
11 84 69
11 85 77
11 86 68
11 87 95
11 88 91
11 89 91
11 90 61
11 91 81
11 92 2
11 93 4
11 94 69
11 95 42
11 96 45
11 97 7
11 98 18
11 99 63
11 100 67
12 13 9
12 14 23
12 15 40
12 16 75
12 17 53
12 18 90
12 19 5
12 20 23
12 21 19
12 22 23
12 23 77
12 24 0
12 25 26
12 26 6
12 27 70
12 28 51
12 29 29
12 30 1
12 31 96
12 32 91
12 33 2
12 34 61
12 35 75
12 36 50
12 37 97
12 38 41
12 39 65
12 40 75
12 41 9
12 42 15
12 43 46
12 44 49
12 45 97
12 46 55
12 47 10
12 48 14
12 49 10
12 50 91
12 51 51
12 52 99
12 53 38
12 54 62
12 55 80
12 56 56
12 57 5
12 58 72
12 59 43
12 60 47
12 61 95
12 62 75
12 63 79
12 64 14
12 65 84
12 66 15
12 67 47
12 68 34
12 69 36
12 70 94
12 71 2
12 72 98
12 73 80
12 74 90
12 75 76
12 76 33
12 77 67
12 78 53
12 79 87
12 80 17
12 81 82
12 82 41
12 83 8
12 84 22
12 85 80
12 86 71
12 87 2
12 88 45
12 89 65
12 90 75
12 91 4
12 92 7
12 93 80
12 94 96
12 95 25
12 96 12
12 97 31
12 98 67
12 99 0
12 100 84
13 14 0
13 15 61
13 16 56
13 17 87
13 18 68
13 19 21
13 20 7
13 21 57
13 22 91
13 23 63
13 24 38
13 25 58
13 26 82
13 27 93
13 28 90
13 29 42
13 30 1
13 31 24
13 32 38
13 33 20
13 34 82
13 35 70
13 36 18
13 37 35
13 38 82
13 39 37
13 40 97
13 41 45
13 42 83
13 43 16
13 44 73
13 45 99
13 46 96
13 47 29
13 48 68
13 49 46
13 50 82
13 51 79
13 52 55
13 53 23
13 54 44
13 55 63
13 56 56
13 57 48
13 58 53
13 59 13
13 60 13
13 61 17
13 62 63
13 63 57
13 64 46
13 65 42
13 66 37
13 67 38
13 68 82
13 69 71
13 70 67
13 71 76
13 72 47
13 73 47
13 74 44
13 75 71
13 76 14
13 77 95
13 78 46
13 79 20
13 80 33
13 81 19
13 82 65
13 83 21
13 84 77
13 85 24
13 86 8
13 87 18
13 88 28
13 89 81
13 90 15
13 91 39
13 92 92
13 93 50
13 94 37
13 95 42
13 96 8
13 97 5
13 98 25
13 99 39
13 100 28
14 15 15
14 16 55
14 17 18
14 18 4
14 19 66
14 20 73
14 21 97
14 22 1
14 23 6
14 24 59
14 25 37
14 26 87
14 27 42
14 28 53
14 29 56
14 30 74
14 31 57
14 32 33
14 33 49
14 34 96
14 35 41
14 36 18
14 37 45
14 38 74
14 39 5
14 40 35
14 41 3
14 42 14
14 43 21
14 44 21
14 45 91
14 46 65
14 47 89
14 48 30
14 49 78
14 50 17
14 51 68
14 52 27
14 53 98
14 54 16
14 55 32
14 56 65
14 57 51
14 58 41
14 59 4
14 60 8
14 61 54
14 62 96
14 63 73
14 64 72
14 65 11
14 66 19
14 67 23
14 68 93
14 69 85
14 70 38
14 71 87
14 72 79
14 73 64
14 74 13
14 75 19
14 76 14
14 77 2
14 78 69
14 79 64
14 80 28
14 81 92
14 82 38
14 83 4
14 84 4
14 85 72
14 86 12
14 87 1
14 88 84
14 89 22
14 90 94
14 91 83
14 92 4
14 93 41
14 94 15
14 95 93
14 96 8
14 97 64
14 98 37
14 99 4
14 100 56
15 16 29
15 17 77
15 18 80
15 19 67
15 20 40
15 21 33
15 22 95
15 23 44
15 24 84
15 25 20
15 26 73
15 27 17
15 28 21
15 29 49
15 30 83
15 31 59
15 32 82
15 33 9
15 34 29
15 35 83
15 36 43
15 37 1
15 38 30
15 39 47
15 40 49
15 41 7
15 42 49
15 43 29
15 44 15
15 45 25
15 46 5
15 47 68
15 48 82
15 49 7
15 50 11
15 51 85
15 52 73
15 53 77
15 54 42
15 55 19
15 56 61
15 57 83
15 58 50
15 59 48
15 60 47
15 61 31
15 62 47
15 63 99
15 64 15
15 65 60
15 66 62
15 67 0
15 68 6
15 69 0
15 70 69
15 71 87
15 72 70
15 73 18
15 74 52
15 75 10
15 76 22
15 77 89
15 78 58
15 79 74
15 80 66
15 81 88
15 82 17
15 83 69
15 84 41
15 85 88
15 86 2
15 87 74
15 88 86
15 89 44
15 90 84
15 91 89
15 92 84
15 93 70
15 94 90
15 95 41
15 96 56
15 97 62
15 98 1
15 99 71
15 100 55
16 17 39
16 18 5
16 19 34
16 20 17
16 21 69
16 22 25
16 23 78
16 24 11
16 25 58
16 26 88
16 27 64
16 28 53
16 29 1
16 30 0
16 31 62
16 32 53
16 33 95
16 34 70
16 35 37
16 36 16
16 37 11
16 38 79
16 39 88
16 40 21
16 41 93
16 42 73
16 43 9
16 44 69
16 45 33
16 46 70
16 47 6
16 48 57
16 49 99
16 50 24
16 51 93
16 52 50
16 53 7
16 54 42
16 55 8
16 56 26
16 57 58
16 58 5
16 59 39
16 60 91
16 61 83
16 62 32
16 63 16
16 64 76
16 65 53
16 66 90
16 67 48
16 68 84
16 69 40
16 70 3
16 71 59
16 72 71
16 73 90
16 74 23
16 75 16
16 76 20
16 77 8
16 78 25
16 79 95
16 80 2
16 81 59
16 82 67
16 83 67
16 84 66
16 85 18
16 86 66
16 87 52
16 88 47
16 89 54
16 90 82
16 91 58
16 92 26
16 93 80
16 94 52
16 95 97
16 96 6
16 97 53
16 98 1
16 99 69
16 100 48
17 18 95
17 19 14
17 20 27
17 21 26
17 22 14
17 23 82
17 24 81
17 25 83
17 26 18
17 27 99
17 28 15
17 29 49
17 30 44
17 31 40
17 32 47
17 33 49
17 34 38
17 35 29
17 36 33
17 37 9
17 38 42
17 39 50
17 40 10
17 41 71
17 42 71
17 43 50
17 44 77
17 45 28
17 46 30
17 47 53
17 48 21
17 49 4
17 50 51
17 51 48
17 52 90
17 53 14
17 54 87
17 55 62
17 56 66
17 57 5
17 58 29
17 59 90
17 60 64
17 61 36
17 62 80
17 63 42
17 64 37
17 65 67
17 66 17
17 67 69
17 68 65
17 69 39
17 70 82
17 71 82
17 72 20
17 73 31
17 74 24
17 75 38
17 76 63
17 77 85
17 78 27
17 79 98
17 80 66
17 81 97
17 82 80
17 83 40
17 84 25
17 85 15
17 86 38
17 87 42
17 88 64
17 89 9
17 90 2
17 91 62
17 92 19
17 93 89
17 94 17
17 95 41
17 96 87
17 97 80
17 98 11
17 99 9
17 100 73
18 19 24
18 20 75
18 21 2
18 22 18
18 23 27
18 24 79
18 25 95
18 26 63
18 27 97
18 28 60
18 29 88
18 30 13
18 31 34
18 32 41
18 33 67
18 34 18
18 35 14
18 36 29
18 37 68
18 38 12
18 39 90
18 40 58
18 41 31
18 42 56
18 43 37
18 44 2
18 45 89
18 46 19
18 47 6
18 48 45
18 49 24
18 50 2
18 51 12
18 52 70
18 53 86
18 54 40
18 55 7
18 56 49
18 57 60
18 58 99
18 59 59
18 60 79
18 61 27
18 62 92
18 63 83
18 64 11
18 65 21
18 66 16
18 67 42
18 68 92
18 69 63
18 70 4
18 71 28
18 72 67
18 73 91
18 74 93
18 75 37
18 76 8
18 77 41
18 78 56
18 79 41
18 80 69
18 81 56
18 82 99
18 83 67
18 84 23
18 85 81
18 86 60
18 87 14
18 88 37
18 89 33
18 90 32
18 91 19
18 92 50
18 93 52
18 94 60
18 95 63
18 96 53
18 97 84
18 98 97
18 99 51
18 100 22
19 20 93
19 21 48
19 22 10
19 23 43
19 24 31
19 25 32
19 26 61
19 27 9
19 28 4
19 29 52
19 30 23
19 31 73
19 32 31
19 33 11
19 34 67
19 35 19
19 36 1
19 37 23
19 38 17
19 39 95
19 40 15
19 41 56
19 42 71
19 43 2
19 44 52
19 45 39
19 46 53
19 47 64
19 48 20
19 49 94
19 50 7
19 51 9
19 52 59
19 53 64
19 54 82
19 55 49
19 56 57
19 57 36
19 58 99
19 59 77
19 60 99
19 61 28
19 62 83
19 63 37
19 64 74
19 65 98
19 66 83
19 67 77
19 68 15
19 69 16
19 70 80
19 71 1
19 72 52
19 73 57
19 74 64
19 75 98
19 76 72
19 77 24
19 78 21
19 79 33
19 80 91
19 81 71
19 82 3
19 83 21
19 84 88
19 85 68
19 86 69
19 87 33
19 88 29
19 89 52
19 90 79
19 91 90
19 92 72
19 93 2
19 94 35
19 95 63
19 96 41
19 97 39
19 98 59
19 99 56
19 100 99
20 21 54
20 22 27
20 23 15
20 24 45
20 25 15
20 26 25
20 27 42
20 28 1
20 29 72
20 30 33
20 31 78
20 32 10
20 33 69
20 34 57
20 35 85
20 36 3
20 37 75
20 38 54
20 39 27
20 40 29
20 41 83
20 42 20
20 43 6
20 44 27
20 45 81
20 46 31
20 47 89
20 48 51
20 49 34
20 50 53
20 51 73
20 52 74
20 53 59
20 54 14
20 55 6
20 56 12
20 57 47
20 58 87
20 59 57
20 60 50
20 61 54
20 62 12
20 63 50
20 64 50
20 65 48
20 66 53
20 67 91
20 68 4
20 69 6
20 70 9
20 71 38
20 72 99
20 73 33
20 74 40
20 75 54
20 76 10
20 77 16
20 78 31
20 79 95
20 80 65
20 81 61
20 82 30
20 83 61
20 84 40
20 85 22
20 86 62
20 87 95
20 88 96
20 89 58
20 90 79
20 91 36
20 92 0
20 93 70
20 94 59
20 95 14
20 96 78
20 97 50
20 98 15
20 99 14
20 100 39
21 22 61
21 23 72
21 24 19
21 25 10
21 26 81
21 27 5
21 28 6
21 29 47
21 30 2
21 31 48
21 32 95
21 33 37
21 34 74
21 35 45
21 36 32
21 37 9
21 38 93
21 39 78
21 40 21
21 41 62
21 42 80
21 43 65
21 44 57
21 45 14
21 46 24
21 47 12
21 48 33
21 49 7
21 50 53
21 51 67
21 52 65
21 53 31
21 54 78
21 55 86
21 56 46
21 57 97
21 58 43
21 59 89
21 60 48
21 61 95
21 62 80
21 63 99
21 64 8
21 65 52
21 66 20
21 67 31
21 68 74
21 69 49
21 70 77
21 71 35
21 72 96
21 73 6
21 74 84
21 75 73
21 76 88
21 77 73
21 78 14
21 79 58
21 80 33
21 81 34
21 82 7
21 83 47
21 84 97
21 85 26
21 86 34
21 87 37
21 88 97
21 89 78
21 90 23
21 91 50
21 92 71
21 93 31
21 94 30
21 95 97
21 96 14
21 97 91
21 98 60
21 99 29
21 100 23
22 23 22
22 24 91
22 25 90
22 26 91
22 27 66
22 28 76
22 29 70
22 30 17
22 31 51
22 32 51
22 33 5
22 34 41
22 35 50
22 36 74
22 37 59
22 38 92
22 39 28
22 40 95
22 41 79
22 42 60
22 43 98
22 44 84
22 45 52
22 46 43
22 47 75
22 48 13
22 49 14
22 50 83
22 51 99
22 52 63
22 53 85
22 54 95
22 55 10
22 56 75
22 57 98
22 58 11
22 59 47
22 60 18
22 61 33
22 62 95
22 63 73
22 64 76
22 65 58
22 66 62
22 67 17
22 68 65
22 69 33
22 70 8
22 71 22
22 72 8
22 73 94
22 74 28
22 75 95
22 76 83
22 77 60
22 78 60
22 79 39
22 80 31
22 81 97
22 82 20
22 83 74
22 84 58
22 85 49
22 86 98
22 87 76
22 88 78
22 89 1
22 90 21
22 91 56
22 92 82
22 93 53
22 94 85
22 95 20
22 96 37
22 97 28
22 98 23
22 99 36
22 100 16
23 24 84
23 25 39
23 26 54
23 27 69
23 28 25
23 29 97
23 30 68
23 31 2
23 32 30
23 33 90
23 34 4
23 35 81
23 36 11
23 37 27
23 38 3
23 39 39
23 40 28
23 41 88
23 42 64
23 43 67
23 44 82
23 45 83
23 46 36
23 47 72
23 48 94
23 49 11
23 50 71
23 51 3
23 52 48
23 53 61
23 54 51
23 55 65
23 56 92
23 57 15
23 58 83
23 59 91
23 60 71
23 61 60
23 62 2
23 63 54
23 64 87
23 65 16
23 66 15
23 67 23
23 68 4
23 69 79
23 70 21
23 71 23
23 72 80
23 73 73
23 74 35
23 75 69
23 76 70
23 77 3
23 78 84
23 79 69
23 80 94
23 81 40
23 82 52
23 83 20
23 84 34
23 85 79
23 86 58
23 87 62
23 88 34
23 89 31
23 90 61
23 91 5
23 92 64
23 93 23
23 94 77
23 95 65
23 96 36
23 97 27
23 98 42
23 99 62
23 100 14
24 25 35
24 26 79
24 27 69
24 28 95
24 29 65
24 30 49
24 31 42
24 32 36
24 33 40
24 34 85
24 35 4
24 36 70
24 37 96
24 38 74
24 39 37
24 40 13
24 41 92
24 42 66
24 43 77
24 44 85
24 45 78
24 46 29
24 47 62
24 48 36
24 49 95
24 50 88
24 51 76
24 52 54
24 53 27
24 54 1
24 55 27
24 56 30
24 57 6
24 58 69
24 59 82
24 60 37
24 61 76
24 62 19
24 63 89
24 64 61
24 65 92
24 66 23
24 67 68
24 68 40
24 69 58
24 70 75
24 71 59
24 72 2
24 73 95
24 74 28
24 75 52
24 76 54
24 77 19
24 78 13
24 79 99
24 80 30
24 81 99
24 82 30
24 83 88
24 84 72
24 85 10
24 86 64
24 87 62
24 88 0
24 89 64
24 90 57
24 91 26
24 92 93
24 93 63
24 94 87
24 95 11
24 96 87
24 97 96
24 98 78
24 99 53
24 100 2
25 26 45
25 27 5
25 28 65
25 29 70
25 30 57
25 31 51
25 32 82
25 33 93
25 34 38
25 35 34
25 36 87
25 37 38
25 38 38
25 39 31
25 40 97
25 41 99
25 42 53
25 43 42
25 44 17
25 45 98
25 46 6
25 47 72
25 48 96
25 49 34
25 50 77
25 51 81
25 52 16
25 53 89
25 54 86
25 55 40
25 56 59
25 57 89
25 58 88
25 59 73
25 60 66
25 61 77
25 62 96
25 63 64
25 64 42
25 65 24
25 66 36
25 67 16
25 68 57
25 69 12
25 70 13
25 71 34
25 72 85
25 73 47
25 74 4
25 75 93
25 76 30
25 77 42
25 78 69
25 79 96
25 80 27
25 81 19
25 82 30
25 83 15
25 84 17
25 85 27
25 86 38
25 87 11
25 88 52
25 89 19
25 90 41
25 91 2
25 92 81
25 93 48
25 94 70
25 95 96
25 96 84
25 97 66
25 98 7
25 99 36
25 100 52
26 27 74
26 28 50
26 29 14
26 30 12
26 31 74
26 32 18
26 33 25
26 34 8
26 35 94
26 36 92
26 37 12
26 38 97
26 39 85
26 40 99
26 41 96
26 42 79
26 43 73
26 44 20
26 45 74
26 46 43
26 47 37
26 48 88
26 49 21
26 50 53
26 51 25
26 52 55
26 53 9
26 54 87
26 55 56
26 56 83
26 57 73
26 58 41
26 59 89
26 60 35
26 61 3
26 62 29
26 63 49
26 64 44
26 65 96
26 66 23
26 67 86
26 68 3
26 69 7
26 70 72
26 71 88
26 72 61
26 73 72
26 74 94
26 75 55
26 76 74
26 77 19
26 78 36
26 79 83
26 80 69
26 81 82
26 82 33
26 83 43
26 84 26
26 85 38
26 86 77
26 87 44
26 88 21
26 89 97
26 90 73
26 91 50
26 92 91
26 93 15
26 94 31
26 95 95
26 96 57
26 97 10
26 98 79
26 99 95
26 100 16
27 28 14
27 29 50
27 30 46
27 31 45
27 32 97
27 33 44
27 34 7
27 35 5
27 36 34
27 37 54
27 38 55
27 39 42
27 40 83
27 41 63
27 42 55
27 43 64
27 44 4
27 45 15
27 46 68
27 47 10
27 48 72
27 49 10
27 50 10
27 51 21
27 52 33
27 53 89
27 54 88
27 55 56
27 56 11
27 57 64
27 58 32
27 59 44
27 60 49
27 61 74
27 62 25
27 63 34
27 64 46
27 65 33
27 66 95
27 67 28
27 68 8
27 69 62
27 70 9
27 71 10
27 72 99
27 73 97
27 74 86
27 75 21
27 76 0
27 77 21
27 78 26
27 79 21
27 80 50
27 81 10
27 82 56
27 83 63
27 84 91
27 85 98
27 86 73
27 87 1
27 88 38
27 89 27
27 90 71
27 91 65
27 92 14
27 93 42
27 94 70
27 95 59
27 96 99
27 97 48
27 98 50
27 99 30
27 100 67
28 29 1
28 30 10
28 31 82
28 32 60
28 33 20
28 34 29
28 35 57
28 36 87
28 37 27
28 38 64
28 39 59
28 40 93
28 41 38
28 42 33
28 43 90
28 44 42
28 45 28
28 46 71
28 47 46
28 48 12
28 49 51
28 50 47
28 51 81
28 52 58
28 53 61
28 54 32
28 55 23
28 56 22
28 57 42
28 58 65
28 59 38
28 60 65
28 61 96
28 62 54
28 63 83
28 64 15
28 65 94
28 66 14
28 67 82
28 68 49
28 69 58
28 70 91
28 71 60
28 72 98
28 73 26
28 74 8
28 75 69
28 76 76
28 77 22
28 78 59
28 79 74
28 80 72
28 81 30
28 82 98
28 83 9
28 84 86
28 85 17
28 86 17
28 87 26
28 88 77
28 89 84
28 90 57
28 91 77
28 92 59
28 93 33
28 94 78
28 95 1
28 96 44
28 97 76
28 98 10
28 99 52
28 100 83
29 30 55
29 31 8
29 32 50
29 33 97
29 34 22
29 35 24
29 36 21
29 37 97
29 38 34
29 39 52
29 40 53
29 41 20
29 42 76
29 43 37
29 44 28
29 45 85
29 46 72
29 47 9
29 48 45
29 49 3
29 50 12
29 51 32
29 52 75
29 53 60
29 54 8
29 55 40
29 56 85
29 57 75
29 58 77
29 59 79
29 60 38
29 61 5
29 62 83
29 63 79
29 64 39
29 65 93
29 66 39
29 67 6
29 68 39
29 69 76
29 70 4
29 71 12
29 72 94
29 73 50
29 74 37
29 75 72
29 76 4
29 77 37
29 78 78
29 79 65
29 80 94
29 81 8
29 82 47
29 83 38
29 84 21
29 85 7
29 86 85
29 87 40
29 88 30
29 89 64
29 90 24
29 91 65
29 92 25
29 93 61
29 94 76
29 95 55
29 96 80
29 97 72
29 98 28
29 99 31
29 100 37
30 31 68
30 32 14
30 33 1
30 34 96
30 35 43
30 36 38
30 37 80
30 38 27
30 39 98
30 40 44
30 41 68
30 42 52
30 43 94
30 44 50
30 45 83
30 46 49
30 47 47
30 48 11
30 49 43
30 50 94
30 51 50
30 52 82
30 53 28
30 54 37
30 55 90
30 56 13
30 57 29
30 58 34
30 59 83
30 60 89
30 61 9
30 62 10
30 63 17
30 64 16
30 65 58
30 66 86
30 67 77
30 68 88
30 69 11
30 70 50
30 71 35
30 72 70
30 73 91
30 74 3
30 75 67
30 76 64
30 77 63
30 78 28
30 79 73
30 80 73
30 81 43
30 82 43
30 83 22
30 84 59
30 85 85
30 86 88
30 87 53
30 88 31
30 89 96
30 90 90
30 91 93
30 92 11
30 93 32
30 94 28
30 95 69
30 96 6
30 97 6
30 98 80
30 99 0
30 100 31
31 32 0
31 33 76
31 34 62
31 35 87
31 36 46
31 37 98
31 38 77
31 39 81
31 40 19
31 41 94
31 42 19
31 43 1
31 44 67
31 45 2
31 46 8
31 47 38
31 48 72
31 49 52
31 50 8
31 51 40
31 52 36
31 53 6
31 54 29
31 55 14
31 56 71
31 57 93
31 58 50
31 59 63
31 60 96
31 61 23
31 62 74
31 63 91
31 64 91
31 65 26
31 66 74
31 67 77
31 68 90
31 69 82
31 70 28
31 71 85
31 72 40
31 73 74
31 74 48
31 75 36
31 76 47
31 77 87
31 78 56
31 79 21
31 80 37
31 81 53
31 82 4
31 83 98
31 84 38
31 85 8
31 86 90
31 87 38
31 88 91
31 89 7
31 90 11
31 91 28
31 92 12
31 93 67
31 94 35
31 95 18
31 96 93
31 97 69
31 98 56
31 99 52
31 100 46
32 33 88
32 34 52
32 35 31
32 36 48
32 37 7
32 38 91
32 39 51
32 40 6
32 41 83
32 42 25
32 43 67
32 44 27
32 45 62
32 46 79
32 47 89
32 48 20
32 49 52
32 50 4
32 51 52
32 52 31
32 53 72
32 54 91
32 55 69
32 56 1
32 57 7
32 58 90
32 59 17
32 60 45
32 61 65
32 62 29
32 63 30
32 64 46
32 65 10
32 66 12
32 67 52
32 68 95
32 69 81
32 70 13
32 71 23
32 72 87
32 73 96
32 74 83
32 75 34
32 76 70
32 77 53
32 78 39
32 79 56
32 80 83
32 81 6
32 82 58
32 83 10
32 84 32
32 85 6
32 86 61
32 87 9
32 88 88
32 89 54
32 90 68
32 91 89
32 92 90
32 93 36
32 94 96
32 95 60
32 96 95
32 97 59
32 98 38
32 99 80
32 100 99
33 34 2
33 35 20
33 36 40
33 37 24
33 38 11
33 39 17
33 40 50
33 41 53
33 42 21
33 43 75
33 44 34
33 45 80
33 46 14
33 47 81
33 48 8
33 49 18
33 50 38
33 51 53
33 52 27
33 53 25
33 54 82
33 55 29
33 56 48
33 57 58
33 58 85
33 59 82
33 60 79
33 61 67
33 62 68
33 63 28
33 64 60
33 65 65
33 66 54
33 67 55
33 68 30
33 69 18
33 70 40
33 71 80
33 72 23
33 73 22
33 74 70
33 75 36
33 76 2
33 77 5
33 78 75
33 79 29
33 80 47
33 81 54
33 82 62
33 83 83
33 84 65
33 85 71
33 86 32
33 87 0
33 88 77
33 89 16
33 90 69
33 91 58
33 92 71
33 93 19
33 94 28
33 95 6
33 96 73
33 97 49
33 98 43
33 99 55
33 100 45
34 35 92
34 36 94
34 37 41
34 38 73
34 39 75
34 40 82
34 41 76
34 42 49
34 43 47
34 44 13
34 45 29
34 46 81
34 47 97
34 48 1
34 49 65
34 50 53
34 51 60
34 52 5
34 53 77
34 54 14
34 55 88
34 56 21
34 57 9
34 58 63
34 59 28
34 60 90
34 61 88
34 62 65
34 63 55
34 64 20
34 65 55
34 66 33
34 67 60
34 68 30
34 69 0
34 70 88
34 71 25
34 72 91
34 73 71
34 74 35
34 75 88
34 76 77
34 77 88
34 78 49
34 79 20
34 80 15
34 81 58
34 82 91
34 83 12
34 84 85
34 85 19
34 86 18
34 87 22
34 88 96
34 89 72
34 90 81
34 91 79
34 92 19
34 93 42
34 94 66
34 95 44
34 96 89
34 97 53
34 98 45
34 99 45
34 100 32
35 36 77
35 37 17
35 38 43
35 39 89
35 40 69
35 41 95
35 42 8
35 43 24
35 44 56
35 45 80
35 46 63
35 47 56
35 48 66
35 49 66
35 50 86
35 51 39
35 52 77
35 53 57
35 54 43
35 55 49
35 56 82
35 57 93
35 58 65
35 59 27
35 60 75
35 61 75
35 62 34
35 63 46
35 64 0
35 65 13
35 66 62
35 67 12
35 68 92
35 69 63
35 70 52
35 71 97
35 72 54
35 73 15
35 74 13
35 75 63
35 76 71
35 77 30
35 78 2
35 79 19
35 80 65
35 81 43
35 82 93
35 83 27
35 84 53
35 85 40
35 86 78
35 87 0
35 88 79
35 89 35
35 90 25
35 91 56
35 92 74
35 93 30
35 94 56
35 95 16
35 96 94
35 97 35
35 98 36
35 99 50
35 100 72
36 37 52
36 38 54
36 39 1
36 40 73
36 41 29
36 42 96
36 43 99
36 44 65
36 45 37
36 46 29
36 47 56
36 48 24
36 49 47
36 50 57
36 51 86
36 52 49
36 53 62
36 54 73
36 55 62
36 56 64
36 57 3
36 58 91
36 59 89
36 60 77
36 61 98
36 62 55
36 63 45
36 64 93
36 65 62
36 66 91
36 67 89
36 68 35
36 69 39
36 70 81
36 71 69
36 72 90
36 73 88
36 74 62
36 75 0
36 76 5
36 77 8
36 78 98
36 79 7
36 80 8
36 81 12
36 82 94
36 83 25
36 84 73
36 85 56
36 86 62
36 87 67
36 88 82
36 89 70
36 90 42
36 91 66
36 92 0
36 93 21
36 94 86
36 95 82
36 96 21
36 97 49
36 98 83
36 99 36
36 100 54
37 38 96
37 39 1
37 40 13
37 41 7
37 42 45
37 43 70
37 44 7
37 45 98
37 46 39
37 47 64
37 48 69
37 49 44
37 50 89
37 51 44
37 52 89
37 53 57
37 54 4
37 55 54
37 56 87
37 57 96
37 58 51
37 59 90
37 60 9
37 61 69
37 62 69
37 63 89
37 64 87
37 65 35
37 66 15
37 67 46
37 68 10
37 69 73
37 70 75
37 71 9
37 72 68
37 73 82
37 74 49
37 75 16
37 76 10
37 77 51
37 78 76
37 79 46
37 80 52
37 81 35
37 82 93
37 83 48
37 84 32
37 85 3
37 86 40
37 87 77
37 88 93
37 89 53
37 90 60
37 91 33
37 92 9
37 93 70
37 94 80
37 95 83
37 96 43
37 97 10
37 98 2
37 99 35
37 100 99
38 39 44
38 40 99
38 41 28
38 42 80
38 43 23
38 44 39
38 45 63
38 46 35
38 47 93
38 48 68
38 49 95
38 50 59
38 51 27
38 52 27
38 53 90
38 54 50
38 55 97
38 56 94
38 57 50
38 58 46
38 59 88
38 60 22
38 61 20
38 62 33
38 63 83
38 64 55
38 65 46
38 66 69
38 67 40
38 68 78
38 69 53
38 70 38
38 71 86
38 72 77
38 73 66
38 74 47
38 75 83
38 76 8
38 77 90
38 78 57
38 79 75
38 80 94
38 81 30
38 82 17
38 83 93
38 84 16
38 85 16
38 86 55
38 87 15
38 88 58
38 89 94
38 90 26
38 91 0
38 92 91
38 93 99
38 94 82
38 95 73
38 96 1
38 97 47
38 98 72
38 99 55
38 100 36
39 40 18
39 41 14
39 42 45
39 43 34
39 44 49
39 45 22
39 46 1
39 47 34
39 48 62
39 49 62
39 50 44
39 51 52
39 52 97
39 53 46
39 54 56
39 55 73
39 56 2
39 57 73
39 58 21
39 59 58
39 60 48
39 61 64
39 62 17
39 63 48
39 64 27
39 65 82
39 66 43
39 67 97
39 68 23
39 69 87
39 70 66
39 71 99
39 72 6
39 73 12
39 74 78
39 75 11
39 76 2
39 77 55
39 78 36
39 79 7
39 80 4
39 81 11
39 82 48
39 83 74
39 84 76
39 85 97
39 86 92
39 87 62
39 88 79
39 89 74
39 90 31
39 91 38
39 92 2
39 93 57
39 94 94
39 95 56
39 96 41
39 97 97
39 98 89
39 99 35
39 100 57
40 41 26
40 42 22
40 43 83
40 44 48
40 45 17
40 46 47
40 47 78
40 48 53
40 49 39
40 50 54
40 51 44
40 52 28
40 53 35
40 54 73
40 55 2
40 56 95
40 57 44
40 58 37
40 59 73
40 60 57
40 61 90
40 62 15
40 63 45
40 64 15
40 65 98
40 66 37
40 67 26
40 68 11
40 69 50
40 70 74
40 71 78
40 72 71
40 73 98
40 74 14
40 75 81
40 76 23
40 77 32
40 78 98
40 79 70
40 80 39
40 81 52
40 82 30
40 83 24
40 84 84
40 85 6
40 86 2
40 87 58
40 88 10
40 89 88
40 90 44
40 91 87
40 92 38
40 93 9
40 94 2
40 95 16
40 96 60
40 97 14
40 98 59
40 99 23
40 100 97
41 42 19
41 43 13
41 44 7
41 45 42
41 46 84
41 47 23
41 48 86
41 49 30
41 50 17
41 51 93
41 52 79
41 53 64
41 54 94
41 55 2
41 56 92
41 57 89
41 58 60
41 59 1
41 60 25
41 61 93
41 62 53
41 63 93
41 64 47
41 65 54
41 66 12
41 67 29
41 68 40
41 69 15
41 70 80
41 71 55
41 72 92
41 73 56
41 74 92
41 75 96
41 76 20
41 77 26
41 78 58
41 79 87
41 80 80
41 81 49
41 82 6
41 83 25
41 84 62
41 85 64
41 86 54
41 87 82
41 88 20
41 89 21
41 90 52
41 91 17
41 92 0
41 93 28
41 94 8
41 95 71
41 96 50
41 97 77
41 98 96
41 99 65
41 100 8
42 43 60
42 44 50
42 45 17
42 46 79
42 47 7
42 48 3
42 49 15
42 50 93
42 51 16
42 52 9
42 53 36
42 54 94
42 55 74
42 56 76
42 57 7
42 58 68
42 59 15
42 60 91
42 61 53
42 62 77
42 63 71
42 64 16
42 65 49
42 66 48
42 67 15
42 68 57
42 69 93
42 70 83
42 71 0
42 72 12
42 73 42
42 74 21
42 75 60
42 76 33
42 77 98
42 78 14
42 79 33
42 80 69
42 81 58
42 82 54
42 83 36
42 84 84
42 85 98
42 86 57
42 87 16
42 88 30
42 89 41
42 90 52
42 91 93
42 92 61
42 93 91
42 94 21
42 95 25
42 96 66
42 97 62
42 98 94
42 99 68
42 100 81
43 44 32
43 45 61
43 46 1
43 47 21
43 48 7
43 49 17
43 50 74
43 51 44
43 52 21
43 53 60
43 54 38
43 55 46
43 56 93
43 57 10
43 58 28
43 59 74
43 60 91
43 61 63
43 62 86
43 63 71
43 64 44
43 65 99
43 66 66
43 67 50
43 68 61
43 69 31
43 70 86
43 71 53
43 72 90
43 73 29
43 74 64
43 75 82
43 76 48
43 77 72
43 78 56
43 79 24
43 80 25
43 81 89
43 82 42
43 83 6
43 84 62
43 85 88
43 86 95
43 87 59
43 88 31
43 89 85
43 90 23
43 91 42
43 92 57
43 93 53
43 94 13
43 95 57
43 96 68
43 97 7
43 98 9
43 99 28
43 100 90
44 45 60
44 46 72
44 47 86
44 48 67
44 49 16
44 50 30
44 51 46
44 52 92
44 53 1
44 54 54
44 55 1
44 56 21
44 57 12
44 58 5
44 59 64
44 60 87
44 61 9
44 62 27
44 63 5
44 64 20
44 65 98
44 66 97
44 67 90
44 68 60
44 69 3
44 70 34
44 71 22
44 72 27
44 73 35
44 74 82
44 75 95
44 76 0
44 77 15
44 78 16
44 79 95
44 80 94
44 81 39
44 82 66
44 83 67
44 84 16
44 85 0
44 86 54
44 87 39
44 88 70
44 89 37
44 90 45
44 91 61
44 92 22
44 93 45
44 94 47
44 95 15
44 96 33
44 97 47
44 98 24
44 99 98
44 100 73
45 46 75
45 47 30
45 48 22
45 49 21
45 50 40
45 51 93
45 52 59
45 53 68
45 54 29
45 55 85
45 56 22
45 57 83
45 58 10
45 59 70
45 60 74
45 61 41
45 62 90
45 63 98
45 64 88
45 65 73
45 66 78
45 67 90
45 68 61
45 69 66
45 70 78
45 71 1
45 72 87
45 73 88
45 74 49
45 75 27
45 76 5
45 77 7
45 78 97
45 79 62
45 80 3
45 81 12
45 82 86
45 83 97
45 84 81
45 85 8
45 86 5
45 87 52
45 88 75
45 89 97
45 90 49
45 91 34
45 92 58
45 93 33
45 94 38
45 95 73
45 96 91
45 97 37
45 98 27
45 99 45
45 100 33
46 47 33
46 48 11
46 49 3
46 50 75
46 51 94
46 52 18
46 53 92
46 54 16
46 55 0
46 56 42
46 57 25
46 58 70
46 59 43
46 60 34
46 61 13
46 62 51
46 63 48
46 64 95
46 65 72
46 66 7
46 67 17
46 68 47
46 69 29
46 70 63
46 71 70
46 72 54
46 73 70
46 74 60
46 75 8
46 76 61
46 77 79
46 78 2
46 79 17
46 80 60
46 81 71
46 82 42
46 83 66
46 84 32
46 85 79
46 86 20
46 87 8
46 88 69
46 89 29
46 90 37
46 91 78
46 92 76
46 93 39
46 94 92
46 95 85
46 96 18
46 97 59
46 98 67
46 99 15
46 100 5
47 48 69
47 49 72
47 50 6
47 51 26
47 52 8
47 53 26
47 54 74
47 55 13
47 56 1
47 57 76
47 58 71
47 59 26
47 60 77
47 61 68
47 62 88
47 63 51
47 64 51
47 65 8
47 66 39
47 67 29
47 68 98
47 69 30
47 70 73
47 71 59
47 72 70
47 73 79
47 74 46
47 75 70
47 76 77
47 77 11
47 78 49
47 79 92
47 80 68
47 81 65
47 82 28
47 83 14
47 84 61
47 85 36
47 86 96
47 87 55
47 88 34
47 89 31
47 90 80
47 91 90
47 92 47
47 93 48
47 94 79
47 95 83
47 96 63
47 97 29
47 98 8
47 99 42
47 100 47
48 49 14
48 50 83
48 51 9
48 52 22
48 53 18
48 54 37
48 55 63
48 56 53
48 57 58
48 58 76
48 59 23
48 60 78
48 61 22
48 62 4
48 63 71
48 64 34
48 65 11
48 66 19
48 67 45
48 68 68
48 69 28
48 70 26
48 71 98
48 72 28
48 73 14
48 74 91
48 75 34
48 76 72
48 77 87
48 78 2
48 79 56
48 80 19
48 81 91
48 82 37
48 83 25
48 84 91
48 85 24
48 86 51
48 87 36
48 88 27
48 89 25
48 90 77
48 91 81
48 92 15
48 93 92
48 94 25
48 95 33
48 96 30
48 97 93
48 98 4
48 99 97
48 100 55
49 50 51
49 51 46
49 52 93
49 53 82
49 54 67
49 55 38
49 56 30
49 57 4
49 58 36
49 59 79
49 60 77
49 61 69
49 62 30
49 63 56
49 64 30
49 65 43
49 66 39
49 67 87
49 68 68
49 69 42
49 70 59
49 71 49
49 72 28
49 73 76
49 74 48
49 75 64
49 76 97
49 77 59
49 78 33
49 79 69
49 80 55
49 81 12
49 82 74
49 83 97
49 84 71
49 85 99
49 86 77
49 87 52
49 88 68
49 89 78
49 90 71
49 91 46
49 92 79
49 93 14
49 94 66
49 95 82
49 96 43
49 97 2
49 98 30
49 99 17
49 100 9
50 51 0
50 52 72
50 53 70
50 54 98
50 55 24
50 56 69
50 57 17
50 58 9
50 59 88
50 60 89
50 61 68
50 62 60
50 63 83
50 64 71
50 65 41
50 66 71
50 67 3
50 68 55
50 69 27
50 70 39
50 71 82
50 72 76
50 73 28
50 74 50
50 75 56
50 76 2
50 77 88
50 78 89
50 79 38
50 80 64
50 81 78
50 82 40
50 83 48
50 84 55
50 85 86
50 86 77
50 87 30
50 88 79
50 89 76
50 90 76
50 91 0
50 92 1
50 93 66
50 94 60
50 95 45
50 96 42
50 97 63
50 98 14
50 99 89
50 100 51
51 52 50
51 53 73
51 54 87
51 55 60
51 56 52
51 57 3
51 58 27
51 59 39
51 60 9
51 61 45
51 62 6
51 63 37
51 64 35
51 65 21
51 66 31
51 67 43
51 68 67
51 69 32
51 70 72
51 71 48
51 72 9
51 73 1
51 74 95
51 75 31
51 76 43
51 77 87
51 78 96
51 79 6
51 80 33
51 81 51
51 82 71
51 83 71
51 84 70
51 85 71
51 86 59
51 87 46
51 88 27
51 89 14
51 90 34
51 91 7
51 92 2
51 93 4
51 94 77
51 95 80
51 96 16
51 97 34
51 98 59
51 99 36
51 100 63
52 53 47
52 54 98
52 55 60
52 56 5
52 57 84
52 58 23
52 59 2
52 60 29
52 61 26
52 62 28
52 63 46
52 64 71
52 65 77
52 66 65
52 67 31
52 68 69
52 69 49
52 70 87
52 71 71
52 72 27
52 73 22
52 74 70
52 75 51
52 76 40
52 77 12
52 78 30
52 79 49
52 80 8
52 81 87
52 82 35
52 83 58
52 84 74
52 85 37
52 86 29
52 87 48
52 88 13
52 89 4
52 90 31
52 91 45
52 92 88
52 93 96
52 94 63
52 95 35
52 96 80
52 97 2
52 98 91
52 99 86
52 100 95
53 54 20
53 55 72
53 56 44
53 57 35
53 58 72
53 59 3
53 60 80
53 61 13
53 62 44
53 63 2
53 64 25
53 65 1
53 66 15
53 67 37
53 68 94
53 69 63
53 70 0
53 71 59
53 72 88
53 73 43
53 74 38
53 75 88
53 76 73
53 77 22
53 78 45
53 79 14
53 80 89
53 81 52
53 82 34
53 83 5
53 84 16
53 85 86
53 86 50
53 87 80
53 88 3
53 89 44
53 90 93
53 91 28
53 92 60
53 93 98
53 94 20
53 95 81
53 96 99
53 97 57
53 98 31
53 99 25
53 100 53
54 55 54
54 56 12
54 57 28
54 58 84
54 59 60
54 60 43
54 61 73
54 62 60
54 63 25
54 64 29
54 65 31
54 66 14
54 67 78
54 68 7
54 69 58
54 70 75
54 71 29
54 72 14
54 73 69
54 74 6
54 75 44
54 76 55
54 77 22
54 78 83
54 79 22
54 80 17
54 81 9
54 82 19
54 83 66
54 84 99
54 85 64
54 86 81
54 87 95
54 88 21
54 89 21
54 90 9
54 91 10
54 92 53
54 93 56
54 94 82
54 95 38
54 96 74
54 97 54
54 98 76
54 99 9
54 100 41
55 56 80
55 57 10
55 58 90
55 59 76
55 60 42
55 61 97
55 62 45
55 63 31
55 64 11
55 65 55
55 66 15
55 67 9
55 68 91
55 69 75
55 70 95
55 71 54
55 72 5
55 73 81
55 74 40
55 75 72
55 76 30
55 77 88
55 78 51
55 79 27
55 80 62
55 81 27
55 82 61
55 83 20
55 84 51
55 85 94
55 86 99
55 87 92
55 88 40
55 89 80
55 90 50
55 91 84
55 92 35
55 93 1
55 94 39
55 95 82
55 96 46
55 97 24
55 98 47
55 99 63
55 100 56
56 57 58
56 58 87
56 59 34
56 60 20
56 61 43
56 62 20
56 63 37
56 64 63
56 65 75
56 66 75
56 67 26
56 68 63
56 69 91
56 70 84
56 71 9
56 72 65
56 73 70
56 74 77
56 75 16
56 76 58
56 77 84
56 78 60
56 79 0
56 80 0
56 81 21
56 82 97
56 83 37
56 84 2
56 85 75
56 86 46
56 87 52
56 88 46
56 89 13
56 90 75
56 91 33
56 92 38
56 93 81
56 94 67
56 95 15
56 96 53
56 97 16
56 98 69
56 99 86
56 100 59
57 58 10
57 59 34
57 60 29
57 61 98
57 62 70
57 63 86
57 64 92
57 65 4
57 66 20
57 67 90
57 68 39
57 69 99
57 70 60
57 71 45
57 72 11
57 73 63
57 74 21
57 75 39
57 76 58
57 77 51
57 78 78
57 79 41
57 80 76
57 81 81
57 82 41
57 83 20
57 84 27
57 85 18
57 86 26
57 87 92
57 88 77
57 89 32
57 90 61
57 91 10
57 92 30
57 93 93
57 94 54
57 95 77
57 96 27
57 97 45
57 98 47
57 99 71
57 100 19
58 59 28
58 60 49
58 61 3
58 62 15
58 63 72
58 64 77
58 65 51
58 66 99
58 67 50
58 68 46
58 69 45
58 70 38
58 71 78
58 72 46
58 73 23
58 74 5
58 75 23
58 76 32
58 77 3
58 78 30
58 79 66
58 80 84
58 81 42
58 82 25
58 83 9
58 84 45
58 85 27
58 86 64
58 87 27
58 88 4
58 89 64
58 90 29
58 91 50
58 92 22
58 93 39
58 94 39
58 95 17
58 96 68
58 97 68
58 98 98
58 99 55
58 100 86
59 60 9
59 61 30
59 62 46
59 63 21
59 64 95
59 65 62
59 66 1
59 67 24
59 68 99
59 69 70
59 70 91
59 71 80
59 72 24
59 73 41
59 74 76
59 75 81
59 76 45
59 77 89
59 78 56
59 79 43
59 80 99
59 81 27
59 82 67
59 83 7
59 84 37
59 85 37
59 86 69
59 87 26
59 88 61
59 89 12
59 90 26
59 91 82
59 92 71
59 93 78
59 94 36
59 95 76
59 96 33
59 97 62
59 98 34
59 99 86
59 100 24
60 61 40
60 62 35
60 63 97
60 64 75
60 65 74
60 66 29
60 67 95
60 68 89
60 69 27
60 70 0
60 71 90
60 72 77
60 73 67
60 74 87
60 75 24
60 76 92
60 77 23
60 78 83
60 79 97
60 80 87
60 81 61
60 82 72
60 83 50
60 84 15
60 85 31
60 86 25
60 87 7
60 88 26
60 89 32
60 90 59
60 91 43
60 92 79
60 93 72
60 94 15
60 95 41
60 96 48
60 97 5
60 98 24
60 99 92
60 100 41
61 62 37
61 63 21
61 64 21
61 65 83
61 66 72
61 67 48
61 68 86
61 69 88
61 70 69
61 71 28
61 72 89
61 73 32
61 74 77
61 75 21
61 76 47
61 77 13
61 78 46
61 79 69
61 80 32
61 81 55
61 82 63
61 83 17
61 84 43
61 85 45
61 86 45
61 87 33
61 88 77
61 89 38
61 90 28
61 91 18
61 92 39
61 93 30
61 94 70
61 95 38
61 96 27
61 97 81
61 98 58
61 99 65
61 100 63
62 63 33
62 64 33
62 65 78
62 66 56
62 67 65
62 68 39
62 69 12
62 70 82
62 71 72
62 72 43
62 73 66
62 74 24
62 75 16
62 76 9
62 77 65
62 78 82
62 79 78
62 80 91
62 81 9
62 82 24
62 83 95
62 84 6
62 85 82
62 86 61
62 87 73
62 88 13
62 89 57
62 90 43
62 91 86
62 92 52
62 93 65
62 94 12
62 95 22
62 96 89
62 97 94
62 98 16
62 99 66
62 100 78
63 64 30
63 65 45
63 66 77
63 67 3
63 68 32
63 69 18
63 70 7
63 71 67
63 72 46
63 73 70
63 74 37
63 75 6
63 76 58
63 77 1
63 78 0
63 79 43
63 80 28
63 81 13
63 82 0
63 83 99
63 84 87
63 85 39
63 86 96
63 87 15
63 88 98
63 89 59
63 90 64
63 91 63
63 92 77
63 93 35
63 94 54
63 95 22
63 96 46
63 97 24
63 98 23
63 99 97
63 100 69
64 65 48
64 66 7
64 67 40
64 68 23
64 69 47
64 70 65
64 71 60
64 72 16
64 73 20
64 74 42
64 75 11
64 76 37
64 77 56
64 78 49
64 79 83
64 80 31
64 81 22
64 82 24
64 83 95
64 84 73
64 85 67
64 86 53
64 87 19
64 88 14
64 89 53
64 90 27
64 91 5
64 92 91
64 93 65
64 94 25
64 95 99
64 96 88
64 97 26
64 98 28
64 99 33
64 100 9
65 66 68
65 67 38
65 68 26
65 69 76
65 70 90
65 71 49
65 72 29
65 73 19
65 74 78
65 75 81
65 76 59
65 77 11
65 78 24
65 79 23
65 80 76
65 81 56
65 82 68
65 83 2
65 84 65
65 85 71
65 86 1
65 87 33
65 88 10
65 89 40
65 90 5
65 91 52
65 92 12
65 93 84
65 94 88
65 95 90
65 96 23
65 97 46
65 98 58
65 99 72
65 100 98
66 67 93
66 68 53
66 69 31
66 70 58
66 71 43
66 72 72
66 73 43
66 74 99
66 75 5
66 76 9
66 77 75
66 78 67
66 79 27
66 80 9
66 81 91
66 82 65
66 83 70
66 84 13
66 85 72
66 86 67
66 87 82
66 88 5
66 89 95
66 90 46
66 91 21
66 92 53
66 93 17
66 94 33
66 95 14
66 96 82
66 97 85
66 98 58
66 99 73
66 100 58
67 68 53
67 69 54
67 70 52
67 71 6
67 72 75
67 73 97
67 74 66
67 75 31
67 76 43
67 77 58
67 78 70
67 79 42
67 80 68
67 81 81
67 82 7
67 83 54
67 84 45
67 85 18
67 86 30
67 87 26
67 88 72
67 89 82
67 90 91
67 91 92
67 92 64
67 93 44
67 94 8
67 95 21
67 96 96
67 97 54
67 98 45
67 99 66
67 100 49
68 69 73
68 70 13
68 71 24
68 72 56
68 73 37
68 74 38
68 75 53
68 76 9
68 77 53
68 78 83
68 79 11
68 80 52
68 81 72
68 82 78
68 83 42
68 84 2
68 85 0
68 86 24
68 87 47
68 88 20
68 89 50
68 90 14
68 91 25
68 92 84
68 93 23
68 94 93
68 95 18
68 96 71
68 97 15
68 98 16
68 99 74
68 100 13
69 70 21
69 71 25
69 72 22
69 73 42
69 74 58
69 75 98
69 76 41
69 77 28
69 78 85
69 79 49
69 80 39
69 81 89
69 82 12
69 83 5
69 84 54
69 85 9
69 86 14
69 87 99
69 88 90
69 89 96
69 90 50
69 91 8
69 92 66
69 93 26
69 94 60
69 95 48
69 96 36
69 97 56
69 98 2
69 99 88
69 100 54
70 71 56
70 72 7
70 73 96
70 74 82
70 75 68
70 76 78
70 77 69
70 78 45
70 79 93
70 80 60
70 81 72
70 82 67
70 83 48
70 84 36
70 85 1
70 86 79
70 87 42
70 88 31
70 89 4
70 90 69
70 91 46
70 92 66
70 93 81
70 94 77
70 95 56
70 96 11
70 97 99
70 98 32
70 99 8
70 100 34
71 72 79
71 73 51
71 74 82
71 75 52
71 76 94
71 77 72
71 78 39
71 79 11
71 80 46
71 81 42
71 82 31
71 83 43
71 84 68
71 85 33
71 86 91
71 87 89
71 88 94
71 89 11
71 90 29
71 91 95
71 92 24
71 93 21
71 94 49
71 95 53
71 96 3
71 97 83
71 98 72
71 99 75
71 100 38
72 73 27
72 74 90
72 75 59
72 76 51
72 77 22
72 78 70
72 79 45
72 80 46
72 81 13
72 82 43
72 83 32
72 84 91
72 85 35
72 86 83
72 87 17
72 88 85
72 89 2
72 90 87
72 91 65
72 92 98
72 93 97
72 94 61
72 95 20
72 96 83
72 97 21
72 98 55
72 99 98
72 100 27
73 74 76
73 75 97
73 76 38
73 77 39
73 78 66
73 79 33
73 80 96
73 81 14
73 82 94
73 83 6
73 84 68
73 85 19
73 86 93
73 87 65
73 88 22
73 89 46
73 90 0
73 91 69
73 92 17
73 93 6
73 94 1
73 95 29
73 96 49
73 97 68
73 98 94
73 99 98
73 100 98
74 75 33
74 76 70
74 77 5
74 78 40
74 79 87
74 80 86
74 81 97
74 82 49
74 83 57
74 84 39
74 85 93
74 86 59
74 87 68
74 88 25
74 89 27
74 90 17
74 91 14
74 92 54
74 93 42
74 94 38
74 95 23
74 96 63
74 97 36
74 98 96
74 99 37
74 100 67
75 76 82
75 77 96
75 78 64
75 79 50
75 80 20
75 81 34
75 82 69
75 83 75
75 84 21
75 85 29
75 86 20
75 87 54
75 88 81
75 89 93
75 90 66
75 91 37
75 92 63
75 93 7
75 94 68
75 95 44
75 96 72
75 97 77
75 98 22
75 99 44
75 100 90
76 77 7
76 78 37
76 79 13
76 80 6
76 81 41
76 82 44
76 83 89
76 84 50
76 85 35
76 86 45
76 87 81
76 88 69
76 89 67
76 90 99
76 91 18
76 92 70
76 93 87
76 94 6
76 95 43
76 96 63
76 97 71
76 98 15
76 99 92
76 100 85
77 78 20
77 79 36
77 80 2
77 81 38
77 82 41
77 83 15
77 84 75
77 85 45
77 86 30
77 87 47
77 88 12
77 89 72
77 90 30
77 91 45
77 92 37
77 93 55
77 94 71
77 95 2
77 96 95
77 97 72
77 98 65
77 99 43
77 100 56
78 79 84
78 80 36
78 81 28
78 82 26
78 83 54
78 84 68
78 85 79
78 86 29
78 87 78
78 88 61
78 89 42
78 90 55
78 91 95
78 92 19
78 93 74
78 94 30
78 95 90
78 96 99
78 97 99
78 98 25
78 99 40
78 100 4
79 80 4
79 81 3
79 82 50
79 83 82
79 84 65
79 85 59
79 86 42
79 87 18
79 88 49
79 89 93
79 90 38
79 91 22
79 92 96
79 93 34
79 94 84
79 95 50
79 96 65
79 97 1
79 98 85
79 99 72
79 100 47
80 81 82
80 82 85
80 83 45
80 84 75
80 85 38
80 86 53
80 87 85
80 88 7
80 89 91
80 90 24
80 91 18
80 92 29
80 93 43
80 94 57
80 95 6
80 96 86
80 97 62
80 98 64
80 99 23
80 100 79
81 82 20
81 83 78
81 84 92
81 85 26
81 86 1
81 87 86
81 88 3
81 89 6
81 90 36
81 91 79
81 92 34
81 93 55
81 94 58
81 95 47
81 96 5
81 97 38
81 98 17
81 99 30
81 100 64
82 83 80
82 84 68
82 85 63
82 86 77
82 87 60
82 88 25
82 89 7
82 90 8
82 91 64
82 92 9
82 93 44
82 94 39
82 95 14
82 96 23
82 97 73
82 98 11
82 99 24
82 100 18
83 84 6
83 85 37
83 86 11
83 87 55
83 88 34
83 89 37
83 90 25
83 91 1
83 92 82
83 93 26
83 94 54
83 95 70
83 96 65
83 97 92
83 98 6
83 99 26
83 100 73
84 85 9
84 86 75
84 87 90
84 88 97
84 89 71
84 90 20
84 91 74
84 92 93
84 93 28
84 94 98
84 95 31
84 96 94
84 97 96
84 98 80
84 99 63
84 100 36
85 86 59
85 87 28
85 88 29
85 89 7
85 90 13
85 91 8
85 92 74
85 93 52
85 94 80
85 95 0
85 96 56
85 97 80
85 98 89
85 99 35
85 100 45
86 87 13
86 88 89
86 89 87
86 90 84
86 91 1
86 92 50
86 93 94
86 94 91
86 95 59
86 96 22
86 97 25
86 98 67
86 99 61
86 100 2
87 88 70
87 89 14
87 90 48
87 91 86
87 92 96
87 93 74
87 94 90
87 95 46
87 96 39
87 97 98
87 98 86
87 99 30
87 100 73
88 89 28
88 90 37
88 91 4
88 92 31
88 93 88
88 94 73
88 95 92
88 96 41
88 97 1
88 98 73
88 99 75
88 100 96
89 90 84
89 91 13
89 92 63
89 93 11
89 94 55
89 95 44
89 96 90
89 97 67
89 98 19
89 99 77
89 100 22
90 91 94
90 92 47
90 93 50
90 94 23
90 95 49
90 96 0
90 97 51
90 98 64
90 99 96
90 100 75
91 92 64
91 93 63
91 94 6
91 95 76
91 96 63
91 97 18
91 98 73
91 99 96
91 100 68
92 93 21
92 94 69
92 95 77
92 96 32
92 97 16
92 98 47
92 99 51
92 100 80
93 94 36
93 95 34
93 96 20
93 97 39
93 98 3
93 99 69
93 100 61
94 95 57
94 96 96
94 97 71
94 98 87
94 99 23
94 100 50
95 96 10
95 97 51
95 98 67
95 99 40
95 100 36
96 97 89
96 98 41
96 99 20
96 100 55
97 98 83
97 99 36
97 100 15
98 99 0
98 100 98
99 100 83
