90 4005
1 2 24
1 3 73
1 4 14
1 5 89
1 6 50
1 7 40
1 8 89
1 9 85
1 10 46
1 11 40
1 12 84
1 13 82
1 14 89
1 15 85
1 16 87
1 17 71
1 18 12
1 19 86
1 20 49
1 21 7
1 22 78
1 23 49
1 24 36
1 25 22
1 26 13
1 27 67
1 28 29
1 29 37
1 30 9
1 31 35
1 32 38
1 33 42
1 34 10
1 35 49
1 36 78
1 37 89
1 38 11
1 39 45
1 40 48
1 41 48
1 42 87
1 43 18
1 44 49
1 45 26
1 46 1
1 47 74
1 48 31
1 49 48
1 50 4
1 51 56
1 52 59
1 53 22
1 54 17
1 55 53
1 56 41
1 57 35
1 58 12
1 59 65
1 60 64
1 61 84
1 62 60
1 63 83
1 64 25
1 65 1
1 66 38
1 67 17
1 68 27
1 69 52
1 70 88
1 71 33
1 72 89
1 73 29
1 74 77
1 75 1
1 76 30
1 77 3
1 78 25
1 79 40
1 80 26
1 81 19
1 82 14
1 83 0
1 84 11
1 85 14
1 86 32
1 87 4
1 88 75
1 89 53
1 90 5
2 3 59
2 4 77
2 5 3
2 6 74
2 7 53
2 8 5
2 9 61
2 10 83
2 11 64
2 12 29
2 13 63
2 14 4
2 15 79
2 16 26
2 17 48
2 18 46
2 19 32
2 20 67
2 21 24
2 22 41
2 23 60
2 24 20
2 25 22
2 26 12
2 27 20
2 28 34
2 29 10
2 30 1
2 31 89
2 32 77
2 33 19
2 34 81
2 35 88
2 36 15
2 37 38
2 38 36
2 39 60
2 40 51
2 41 77
2 42 31
2 43 25
2 44 32
2 45 27
2 46 49
2 47 53
2 48 67
2 49 0
2 50 58
2 51 58
2 52 3
2 53 42
2 54 14
2 55 29
2 56 2
2 57 64
2 58 10
2 59 69
2 60 8
2 61 7
2 62 17
2 63 11
2 64 10
2 65 80
2 66 60
2 67 75
2 68 22
2 69 76
2 70 11
2 71 63
2 72 23
2 73 59
2 74 44
2 75 29
2 76 41
2 77 33
2 78 24
2 79 85
2 80 36
2 81 78
2 82 5
2 83 22
2 84 77
2 85 55
2 86 42
2 87 51
2 88 77
2 89 51
2 90 71
3 4 65
3 5 10
3 6 13
3 7 12
3 8 31
3 9 26
3 10 57
3 11 24
3 12 84
3 13 46
3 14 53
3 15 23
3 16 1
3 17 5
3 18 75
3 19 38
3 20 84
3 21 53
3 22 22
3 23 1
3 24 25
3 25 74
3 26 9
3 27 24
3 28 43
3 29 54
3 30 30
3 31 37
3 32 68
3 33 8
3 34 51
3 35 69
3 36 65
3 37 67
3 38 1
3 39 13
3 40 38
3 41 8
3 42 75
3 43 38
3 44 65
3 45 12
3 46 68
3 47 33
3 48 8
3 49 62
3 50 74
3 51 15
3 52 47
3 53 18
3 54 19
3 55 40
3 56 1
3 57 50
3 58 44
3 59 51
3 60 33
3 61 48
3 62 74
3 63 89
3 64 20
3 65 62
3 66 5
3 67 24
3 68 89
3 69 6
3 70 30
3 71 23
3 72 14
3 73 64
3 74 3
3 75 59
3 76 41
3 77 32
3 78 48
3 79 46
3 80 12
3 81 18
3 82 23
3 83 63
3 84 4
3 85 7
3 86 6
3 87 44
3 88 12
3 89 22
3 90 43
4 5 11
4 6 43
4 7 71
4 8 50
4 9 43
4 10 25
4 11 67
4 12 24
4 13 50
4 14 14
4 15 16
4 16 3
4 17 65
4 18 85
4 19 71
4 20 11
4 21 23
4 22 89
4 23 39
4 24 11
4 25 29
4 26 54
4 27 73
4 28 32
4 29 15
4 30 53
4 31 76
4 32 57
4 33 57
4 34 29
4 35 19
4 36 1
4 37 53
4 38 87
4 39 78
4 40 74
4 41 2
4 42 53
4 43 37
4 44 30
4 45 19
4 46 21
4 47 23
4 48 23
4 49 77
4 50 6
4 51 81
4 52 25
4 53 22
4 54 38
4 55 40
4 56 53
4 57 81
4 58 63
4 59 2
4 60 58
4 61 72
4 62 86
4 63 44
4 64 86
4 65 75
4 66 45
4 67 33
4 68 4
4 69 51
4 70 34
4 71 17
4 72 79
4 73 66
4 74 82
4 75 72
4 76 17
4 77 8
4 78 33
4 79 15
4 80 10
4 81 55
4 82 42
4 83 14
4 84 49
4 85 68
4 86 67
4 87 70
4 88 85
4 89 4
4 90 76
5 6 25
5 7 71
5 8 72
5 9 78
5 10 69
5 11 73
5 12 85
5 13 13
5 14 80
5 15 78
5 16 7
5 17 5
5 18 17
5 19 51
5 20 25
5 21 82
5 22 5
5 23 26
5 24 21
5 25 68
5 26 42
5 27 11
5 28 16
5 29 34
5 30 69
5 31 67
5 32 56
5 33 53
5 34 17
5 35 71
5 36 44
5 37 16
5 38 8
5 39 39
5 40 63
5 41 66
5 42 65
5 43 45
5 44 86
5 45 78
5 46 4
5 47 59
5 48 30
5 49 48
5 50 30
5 51 46
5 52 48
5 53 11
5 54 22
5 55 80
5 56 20
5 57 86
5 58 65
5 59 17
5 60 40
5 61 71
5 62 4
5 63 17
5 64 57
5 65 9
5 66 40
5 67 72
5 68 74
5 69 38
5 70 49
5 71 22
5 72 79
5 73 14
5 74 44
5 75 46
5 76 78
5 77 5
5 78 58
5 79 53
5 80 10
5 81 60
5 82 86
5 83 48
5 84 83
5 85 24
5 86 62
5 87 54
5 88 2
5 89 55
5 90 14
6 7 2
6 8 20
6 9 16
6 10 54
6 11 56
6 12 1
6 13 36
6 14 84
6 15 56
6 16 4
6 17 37
6 18 3
6 19 21
6 20 83
6 21 21
6 22 57
6 23 69
6 24 38
6 25 20
6 26 63
6 27 82
6 28 63
6 29 10
6 30 61
6 31 30
6 32 38
6 33 82
6 34 66
6 35 1
6 36 47
6 37 69
6 38 82
6 39 69
6 40 6
6 41 50
6 42 77
6 43 20
6 44 39
6 45 64
6 46 17
6 47 1
6 48 57
6 49 17
6 50 61
6 51 50
6 52 64
6 53 48
6 54 31
6 55 18
6 56 8
6 57 83
6 58 48
6 59 23
6 60 59
6 61 55
6 62 46
6 63 53
6 64 54
6 65 8
6 66 16
6 67 61
6 68 84
6 69 86
6 70 14
6 71 55
6 72 35
6 73 66
6 74 68
6 75 2
6 76 4
6 77 33
6 78 9
6 79 73
6 80 56
6 81 76
6 82 32
6 83 88
6 84 15
6 85 69
6 86 61
6 87 6
6 88 17
6 89 89
6 90 24
7 8 69
7 9 72
7 10 73
7 11 77
7 12 22
7 13 63
7 14 83
7 15 65
7 16 61
7 17 88
7 18 49
7 19 76
7 20 80
7 21 62
7 22 12
7 23 37
7 24 38
7 25 76
7 26 28
7 27 47
7 28 4
7 29 65
7 30 42
7 31 34
7 32 5
7 33 68
7 34 35
7 35 30
7 36 8
7 37 32
7 38 53
7 39 15
7 40 21
7 41 2
7 42 88
7 43 47
7 44 59
7 45 83
7 46 9
7 47 57
7 48 25
7 49 73
7 50 24
7 51 74
7 52 1
7 53 35
7 54 86
7 55 17
7 56 71
7 57 76
7 58 81
7 59 73
7 60 9
7 61 89
7 62 73
7 63 66
7 64 11
7 65 38
7 66 23
7 67 74
7 68 50
7 69 1
7 70 54
7 71 71
7 72 63
7 73 44
7 74 41
7 75 60
7 76 1
7 77 8
7 78 42
7 79 47
7 80 37
7 81 35
7 82 29
7 83 64
7 84 81
7 85 23
7 86 28
7 87 34
7 88 29
7 89 73
7 90 3
8 9 16
8 10 39
8 11 74
8 12 62
8 13 20
8 14 59
8 15 1
8 16 82
8 17 40
8 18 47
8 19 73
8 20 84
8 21 59
8 22 55
8 23 40
8 24 8
8 25 52
8 26 82
8 27 15
8 28 73
8 29 85
8 30 22
8 31 11
8 32 78
8 33 9
8 34 66
8 35 74
8 36 35
8 37 23
8 38 0
8 39 76
8 40 61
8 41 18
8 42 47
8 43 47
8 44 46
8 45 81
8 46 26
8 47 46
8 48 17
8 49 34
8 50 42
8 51 0
8 52 62
8 53 0
8 54 80
8 55 53
8 56 7
8 57 69
8 58 34
8 59 41
8 60 36
8 61 44
8 62 32
8 63 3
8 64 84
8 65 68
8 66 67
8 67 20
8 68 29
8 69 75
8 70 64
8 71 61
8 72 7
8 73 75
8 74 87
8 75 76
8 76 52
8 77 49
8 78 61
8 79 32
8 80 28
8 81 19
8 82 62
8 83 52
8 84 36
8 85 61
8 86 41
8 87 43
8 88 32
8 89 82
8 90 74
9 10 85
9 11 11
9 12 9
9 13 58
9 14 26
9 15 14
9 16 32
9 17 45
9 18 60
9 19 64
9 20 59
9 21 63
9 22 27
9 23 83
9 24 35
9 25 44
9 26 5
9 27 38
9 28 53
9 29 47
9 30 68
9 31 0
9 32 39
9 33 33
9 34 35
9 35 63
9 36 45
9 37 59
9 38 65
9 39 30
9 40 61
9 41 55
9 42 39
9 43 64
9 44 64
9 45 39
9 46 57
9 47 64
9 48 42
9 49 17
9 50 46
9 51 19
9 52 67
9 53 37
9 54 49
9 55 52
9 56 25
9 57 72
9 58 22
9 59 13
9 60 59
9 61 41
9 62 14
9 63 14
9 64 54
9 65 1
9 66 17
9 67 8
9 68 10
9 69 14
9 70 76
9 71 76
9 72 57
9 73 49
9 74 4
9 75 44
9 76 76
9 77 74
9 78 65
9 79 83
9 80 43
9 81 40
9 82 24
9 83 46
9 84 84
9 85 44
9 86 25
9 87 44
9 88 0
9 89 80
9 90 32
10 11 50
10 12 42
10 13 7
10 14 74
10 15 55
10 16 71
10 17 27
10 18 48
10 19 41
10 20 44
10 21 57
10 22 85
10 23 22
10 24 34
10 25 62
10 26 84
10 27 69
10 28 30
10 29 20
10 30 69
10 31 23
10 32 87
10 33 63
10 34 30
10 35 50
10 36 72
10 37 19
10 38 81
10 39 56
10 40 88
10 41 72
10 42 13
10 43 17
10 44 64
10 45 89
10 46 10
10 47 27
10 48 36
10 49 30
10 50 10
10 51 13
10 52 57
10 53 0
10 54 12
10 55 68
10 56 64
10 57 8
10 58 36
10 59 47
10 60 33
10 61 1
10 62 54
10 63 83
10 64 34
10 65 28
10 66 50
10 67 74
10 68 82
10 69 22
10 70 50
10 71 76
10 72 68
10 73 63
10 74 40
10 75 56
10 76 7
10 77 48
10 78 15
10 79 33
10 80 24
10 81 70
10 82 84
10 83 73
10 84 34
10 85 19
10 86 35
10 87 73
10 88 42
10 89 3
10 90 18
11 12 55
11 13 35
11 14 71
11 15 5
11 16 14
11 17 0
11 18 66
11 19 39
11 20 87
11 21 68
11 22 61
11 23 70
11 24 10
11 25 52
11 26 43
11 27 54
11 28 33
11 29 75
11 30 29
11 31 36
11 32 67
11 33 28
11 34 3
11 35 3
11 36 39
11 37 23
11 38 88
11 39 55
11 40 45
11 41 59
11 42 0
11 43 4
11 44 36
11 45 64
11 46 58
11 47 51
11 48 48
11 49 9
11 50 76
11 51 42
11 52 69
11 53 3
11 54 34
11 55 37
11 56 11
11 57 8
11 58 42
11 59 49
11 60 28
11 61 35
11 62 47
11 63 27
11 64 33
11 65 68
11 66 10
11 67 18
11 68 29
11 69 29
11 70 50
11 71 73
11 72 69
11 73 39
11 74 5
11 75 14
11 76 76
11 77 43
11 78 82
11 79 45
11 80 76
11 81 27
11 82 78
11 83 86
11 84 16
11 85 29
11 86 44
11 87 24
11 88 32
11 89 45
11 90 58
12 13 89
12 14 49
12 15 3
12 16 1
12 17 27
12 18 16
12 19 74
12 20 79
12 21 16
12 22 65
12 23 17
12 24 26
12 25 9
12 26 89
12 27 86
12 28 14
12 29 43
12 30 35
12 31 49
12 32 63
12 33 42
12 34 24
12 35 50
12 36 65
12 37 47
12 38 34
12 39 15
12 40 81
12 41 60
12 42 58
12 43 86
12 44 8
12 45 42
12 46 60
12 47 36
12 48 56
12 49 21
12 50 1
12 51 33
12 52 46
12 53 24
12 54 55
12 55 51
12 56 61
12 57 54
12 58 45
12 59 10
12 60 19
12 61 63
12 62 21
12 63 59
12 64 14
12 65 87
12 66 86
12 67 83
12 68 64
12 69 2
12 70 19
12 71 48
12 72 66
12 73 9
12 74 67
12 75 14
12 76 9
12 77 56
12 78 78
12 79 52
12 80 74
12 81 48
12 82 73
12 83 2
12 84 18
12 85 76
12 86 22
12 87 81
12 88 86
12 89 85
12 90 17
13 14 86
13 15 57
13 16 18
13 17 71
13 18 8
13 19 75
13 20 59
13 21 50
13 22 62
13 23 7
13 24 4
13 25 7
13 26 5
13 27 11
13 28 45
13 29 87
13 30 78
13 31 51
13 32 52
13 33 76
13 34 89
13 35 13
13 36 2
13 37 75
13 38 32
13 39 87
13 40 25
13 41 19
13 42 44
13 43 9
13 44 18
13 45 21
13 46 38
13 47 69
13 48 26
13 49 78
13 50 25
13 51 60
13 52 63
13 53 69
13 54 84
13 55 33
13 56 2
13 57 63
13 58 46
13 59 55
13 60 52
13 61 13
13 62 89
13 63 54
13 64 72
13 65 26
13 66 35
13 67 59
13 68 3
13 69 22
13 70 41
13 71 33
13 72 17
13 73 47
13 74 42
13 75 84
13 76 87
13 77 73
13 78 13
13 79 79
13 80 89
13 81 40
13 82 10
13 83 12
13 84 22
13 85 37
13 86 87
13 87 58
13 88 81
13 89 56
13 90 74
14 15 7
14 16 22
14 17 21
14 18 39
14 19 73
14 20 70
14 21 17
14 22 39
14 23 88
14 24 88
14 25 74
14 26 51
14 27 68
14 28 49
14 29 31
14 30 56
14 31 52
14 32 87
14 33 4
14 34 88
14 35 64
14 36 22
14 37 72
14 38 17
14 39 43
14 40 5
14 41 45
14 42 36
14 43 42
14 44 40
14 45 89
14 46 42
14 47 30
14 48 22
14 49 31
14 50 63
14 51 5
14 52 80
14 53 63
14 54 83
14 55 36
14 56 5
14 57 39
14 58 27
14 59 67
14 60 59
14 61 45
14 62 2
14 63 8
14 64 56
14 65 82
14 66 40
14 67 41
14 68 34
14 69 76
14 70 7
14 71 62
14 72 38
14 73 82
14 74 70
14 75 56
14 76 62
14 77 53
14 78 11
14 79 51
14 80 84
14 81 89
14 82 35
14 83 88
14 84 30
14 85 28
14 86 31
14 87 74
14 88 72
14 89 20
14 90 85
15 16 65
15 17 55
15 18 10
15 19 73
15 20 0
15 21 19
15 22 38
15 23 48
15 24 1
15 25 12
15 26 37
15 27 10
15 28 55
15 29 45
15 30 60
15 31 76
15 32 3
15 33 57
15 34 61
15 35 51
15 36 10
15 37 70
15 38 68
15 39 50
15 40 16
15 41 61
15 42 33
15 43 84
15 44 44
15 45 63
15 46 57
15 47 40
15 48 18
15 49 42
15 50 54
15 51 5
15 52 77
15 53 64
15 54 46
15 55 60
15 56 59
15 57 70
15 58 40
15 59 22
15 60 44
15 61 24
15 62 60
15 63 40
15 64 18
15 65 67
15 66 31
15 67 46
15 68 48
15 69 47
15 70 65
15 71 34
15 72 64
15 73 31
15 74 34
15 75 10
15 76 44
15 77 46
15 78 52
15 79 82
15 80 75
15 81 41
15 82 9
15 83 43
15 84 4
15 85 40
15 86 80
15 87 53
15 88 22
15 89 39
15 90 59
16 17 42
16 18 76
16 19 28
16 20 9
16 21 42
16 22 24
16 23 89
16 24 56
16 25 17
16 26 4
16 27 24
16 28 70
16 29 79
16 30 88
16 31 34
16 32 32
16 33 13
16 34 35
16 35 43
16 36 84
16 37 29
16 38 28
16 39 14
16 40 14
16 41 76
16 42 18
16 43 33
16 44 75
16 45 65
16 46 73
16 47 51
16 48 83
16 49 11
16 50 37
16 51 85
16 52 10
16 53 44
16 54 61
16 55 80
16 56 11
16 57 71
16 58 16
16 59 52
16 60 0
16 61 46
16 62 38
16 63 55
16 64 57
16 65 0
16 66 37
16 67 10
16 68 56
16 69 15
16 70 31
16 71 7
16 72 61
16 73 18
16 74 6
16 75 0
16 76 27
16 77 89
16 78 41
16 79 73
16 80 1
16 81 33
16 82 73
16 83 54
16 84 9
16 85 82
16 86 51
16 87 17
16 88 87
16 89 80
16 90 84
17 18 40
17 19 1
17 20 38
17 21 83
17 22 29
17 23 22
17 24 24
17 25 35
17 26 42
17 27 68
17 28 66
17 29 26
17 30 71
17 31 71
17 32 54
17 33 72
17 34 48
17 35 22
17 36 25
17 37 41
17 38 34
17 39 52
17 40 34
17 41 52
17 42 12
17 43 12
17 44 14
17 45 7
17 46 74
17 47 33
17 48 85
17 49 37
17 50 44
17 51 57
17 52 17
17 53 77
17 54 79
17 55 5
17 56 15
17 57 5
17 58 6
17 59 17
17 60 69
17 61 13
17 62 6
17 63 29
17 64 27
17 65 65
17 66 88
17 67 6
17 68 35
17 69 62
17 70 81
17 71 23
17 72 54
17 73 87
17 74 43
17 75 71
17 76 0
17 77 72
17 78 87
17 79 28
17 80 4
17 81 87
17 82 82
17 83 5
17 84 7
17 85 11
17 86 39
17 87 27
17 88 8
17 89 67
17 90 22
18 19 49
18 20 32
18 21 28
18 22 79
18 23 35
18 24 13
18 25 88
18 26 72
18 27 79
18 28 71
18 29 0
18 30 67
18 31 21
18 32 8
18 33 89
18 34 65
18 35 19
18 36 19
18 37 75
18 38 31
18 39 22
18 40 52
18 41 39
18 42 72
18 43 42
18 44 76
18 45 84
18 46 45
18 47 19
18 48 64
18 49 71
18 50 61
18 51 88
18 52 47
18 53 16
18 54 13
18 55 69
18 56 6
18 57 68
18 58 8
18 59 49
18 60 66
18 61 54
18 62 25
18 63 64
18 64 60
18 65 54
18 66 89
18 67 6
18 68 14
18 69 49
18 70 6
18 71 2
18 72 38
18 73 81
18 74 20
18 75 6
18 76 82
18 77 68
18 78 1
18 79 76
18 80 12
18 81 38
18 82 27
18 83 42
18 84 86
18 85 55
18 86 25
18 87 50
18 88 27
18 89 24
18 90 65
19 20 32
19 21 34
19 22 45
19 23 46
19 24 16
19 25 18
19 26 62
19 27 31
19 28 38
19 29 26
19 30 21
19 31 10
19 32 79
19 33 31
19 34 83
19 35 44
19 36 5
19 37 73
19 38 82
19 39 55
19 40 58
19 41 17
19 42 30
19 43 75
19 44 27
19 45 84
19 46 55
19 47 76
19 48 79
19 49 20
19 50 86
19 51 18
19 52 61
19 53 28
19 54 49
19 55 14
19 56 50
19 57 47
19 58 19
19 59 47
19 60 41
19 61 56
19 62 27
19 63 48
19 64 48
19 65 52
19 66 21
19 67 51
19 68 12
19 69 32
19 70 11
19 71 67
19 72 14
19 73 69
19 74 17
19 75 69
19 76 51
19 77 52
19 78 33
19 79 63
19 80 22
19 81 65
19 82 36
19 83 87
19 84 82
19 85 74
19 86 28
19 87 33
19 88 86
19 89 39
19 90 48
20 21 8
20 22 45
20 23 2
20 24 49
20 25 82
20 26 62
20 27 57
20 28 35
20 29 39
20 30 1
20 31 79
20 32 6
20 33 39
20 34 24
20 35 37
20 36 46
20 37 74
20 38 42
20 39 23
20 40 15
20 41 66
20 42 4
20 43 49
20 44 38
20 45 3
20 46 76
20 47 48
20 48 81
20 49 72
20 50 57
20 51 0
20 52 87
20 53 38
20 54 55
20 55 82
20 56 36
20 57 55
20 58 15
20 59 17
20 60 45
20 61 2
20 62 23
20 63 38
20 64 77
20 65 71
20 66 7
20 67 12
20 68 59
20 69 48
20 70 44
20 71 60
20 72 32
20 73 0
20 74 70
20 75 28
20 76 51
20 77 7
20 78 13
20 79 69
20 80 60
20 81 0
20 82 42
20 83 1
20 84 39
20 85 58
20 86 60
20 87 88
20 88 74
20 89 50
20 90 41
21 22 32
21 23 19
21 24 30
21 25 61
21 26 30
21 27 50
21 28 60
21 29 43
21 30 49
21 31 79
21 32 27
21 33 49
21 34 58
21 35 17
21 36 62
21 37 88
21 38 56
21 39 70
21 40 48
21 41 10
21 42 35
21 43 55
21 44 32
21 45 71
21 46 27
21 47 15
21 48 50
21 49 33
21 50 3
21 51 68
21 52 15
21 53 25
21 54 26
21 55 33
21 56 37
21 57 51
21 58 16
21 59 44
21 60 22
21 61 13
21 62 44
21 63 11
21 64 33
21 65 35
21 66 86
21 67 14
21 68 7
21 69 27
21 70 60
21 71 71
21 72 76
21 73 70
21 74 41
21 75 1
21 76 45
21 77 52
21 78 87
21 79 79
21 80 52
21 81 68
21 82 51
21 83 86
21 84 78
21 85 74
21 86 24
21 87 31
21 88 24
21 89 17
21 90 28
22 23 54
22 24 57
22 25 20
22 26 16
22 27 76
22 28 41
22 29 37
22 30 60
22 31 20
22 32 14
22 33 5
22 34 1
22 35 87
22 36 50
22 37 5
22 38 89
22 39 38
22 40 22
22 41 50
22 42 18
22 43 74
22 44 2
22 45 66
22 46 38
22 47 25
22 48 68
22 49 61
22 50 75
22 51 11
22 52 10
22 53 27
22 54 73
22 55 64
22 56 39
22 57 28
22 58 15
22 59 41
22 60 45
22 61 61
22 62 33
22 63 53
22 64 73
22 65 29
22 66 54
22 67 65
22 68 50
22 69 42
22 70 46
22 71 60
22 72 46
22 73 11
22 74 77
22 75 37
22 76 16
22 77 23
22 78 10
22 79 24
22 80 31
22 81 69
22 82 58
22 83 82
22 84 49
22 85 66
22 86 44
22 87 5
22 88 75
22 89 30
22 90 89
23 24 22
23 25 9
23 26 44
23 27 40
23 28 84
23 29 74
23 30 66
23 31 24
23 32 76
23 33 77
23 34 66
23 35 33
23 36 70
23 37 34
23 38 68
23 39 52
23 40 1
23 41 32
23 42 3
23 43 8
23 44 38
23 45 53
23 46 22
23 47 75
23 48 28
23 49 89
23 50 28
23 51 70
23 52 56
23 53 44
23 54 16
23 55 59
23 56 52
23 57 81
23 58 4
23 59 61
23 60 15
23 61 88
23 62 41
23 63 62
23 64 73
23 65 28
23 66 55
23 67 31
23 68 70
23 69 3
23 70 9
23 71 10
23 72 14
23 73 4
23 74 89
23 75 57
23 76 47
23 77 38
23 78 57
23 79 69
23 80 8
23 81 35
23 82 8
23 83 56
23 84 78
23 85 62
23 86 20
23 87 55
23 88 9
23 89 80
23 90 5
24 25 67
24 26 87
24 27 11
24 28 24
24 29 48
24 30 54
24 31 31
24 32 12
24 33 45
24 34 86
24 35 23
24 36 71
24 37 68
24 38 69
24 39 2
24 40 7
24 41 0
24 42 56
24 43 38
24 44 39
24 45 31
24 46 77
24 47 6
24 48 14
24 49 74
24 50 5
24 51 44
24 52 1
24 53 31
24 54 17
24 55 77
24 56 74
24 57 3
24 58 32
24 59 76
24 60 65
24 61 12
24 62 13
24 63 31
24 64 65
24 65 81
24 66 66
24 67 72
24 68 21
24 69 2
24 70 18
24 71 8
24 72 60
24 73 41
24 74 13
24 75 31
24 76 64
24 77 77
24 78 21
24 79 18
24 80 11
24 81 89
24 82 25
24 83 70
24 84 62
24 85 40
24 86 10
24 87 13
24 88 87
24 89 64
24 90 63
25 26 72
25 27 47
25 28 8
25 29 83
25 30 66
25 31 5
25 32 27
25 33 61
25 34 26
25 35 27
25 36 83
25 37 58
25 38 7
25 39 5
25 40 14
25 41 9
25 42 14
25 43 64
25 44 69
25 45 83
25 46 60
25 47 53
25 48 11
25 49 64
25 50 65
25 51 59
25 52 37
25 53 25
25 54 50
25 55 39
25 56 42
25 57 15
25 58 65
25 59 36
25 60 61
25 61 62
25 62 81
25 63 0
25 64 81
25 65 54
25 66 47
25 67 27
25 68 84
25 69 19
25 70 58
25 71 41
25 72 56
25 73 0
25 74 36
25 75 81
25 76 83
25 77 18
25 78 69
25 79 9
25 80 36
25 81 86
25 82 9
25 83 40
25 84 12
25 85 29
25 86 59
25 87 39
25 88 43
25 89 65
25 90 89
26 27 22
26 28 80
26 29 35
26 30 48
26 31 6
26 32 68
26 33 28
26 34 52
26 35 19
26 36 59
26 37 55
26 38 15
26 39 35
26 40 87
26 41 18
26 42 27
26 43 22
26 44 34
26 45 61
26 46 41
26 47 4
26 48 47
26 49 23
26 50 59
26 51 6
26 52 83
26 53 57
26 54 54
26 55 32
26 56 48
26 57 1
26 58 26
26 59 73
26 60 70
26 61 59
26 62 48
26 63 62
26 64 8
26 65 70
26 66 71
26 67 53
26 68 17
26 69 68
26 70 23
26 71 35
26 72 51
26 73 58
26 74 80
26 75 55
26 76 27
26 77 76
26 78 9
26 79 72
26 80 48
26 81 53
26 82 86
26 83 36
26 84 24
26 85 14
26 86 8
26 87 3
26 88 40
26 89 81
26 90 74
27 28 37
27 29 73
27 30 46
27 31 48
27 32 43
27 33 23
27 34 35
27 35 39
27 36 76
27 37 68
27 38 15
27 39 44
27 40 74
27 41 67
27 42 17
27 43 52
27 44 7
27 45 75
27 46 54
27 47 50
27 48 81
27 49 30
27 50 33
27 51 33
27 52 72
27 53 53
27 54 8
27 55 5
27 56 85
27 57 27
27 58 82
27 59 87
27 60 49
27 61 21
27 62 56
27 63 27
27 64 52
27 65 52
27 66 85
27 67 75
27 68 25
27 69 62
27 70 66
27 71 55
27 72 41
27 73 41
27 74 44
27 75 3
27 76 57
27 77 41
27 78 9
27 79 33
27 80 74
27 81 24
27 82 2
27 83 87
27 84 74
27 85 10
27 86 54
27 87 1
27 88 25
27 89 13
27 90 80
28 29 88
28 30 35
28 31 50
28 32 56
28 33 37
28 34 76
28 35 4
28 36 19
28 37 70
28 38 42
28 39 35
28 40 73
28 41 71
28 42 42
28 43 56
28 44 59
28 45 58
28 46 55
28 47 18
28 48 53
28 49 79
28 50 87
28 51 26
28 52 20
28 53 82
28 54 75
28 55 31
28 56 43
28 57 15
28 58 69
28 59 2
28 60 28
28 61 22
28 62 30
28 63 84
28 64 56
28 65 6
28 66 15
28 67 10
28 68 74
28 69 3
28 70 61
28 71 62
28 72 12
28 73 63
28 74 26
28 75 41
28 76 10
28 77 1
28 78 41
28 79 78
28 80 80
28 81 66
28 82 65
28 83 15
28 84 81
28 85 76
28 86 28
28 87 28
28 88 40
28 89 53
28 90 26
29 30 48
29 31 56
29 32 32
29 33 89
29 34 26
29 35 74
29 36 26
29 37 74
29 38 87
29 39 89
29 40 33
29 41 60
29 42 41
29 43 23
29 44 28
29 45 70
29 46 43
29 47 77
29 48 57
29 49 75
29 50 40
29 51 56
29 52 36
29 53 75
29 54 52
29 55 52
29 56 74
29 57 73
29 58 6
29 59 0
29 60 9
29 61 52
29 62 68
29 63 34
29 64 33
29 65 37
29 66 36
29 67 19
29 68 17
29 69 77
29 70 2
29 71 58
29 72 5
29 73 70
29 74 7
29 75 42
29 76 52
29 77 82
29 78 81
29 79 69
29 80 41
29 81 70
29 82 85
29 83 1
29 84 66
29 85 73
29 86 40
29 87 27
29 88 4
29 89 16
29 90 65
30 31 17
30 32 29
30 33 22
30 34 32
30 35 9
30 36 0
30 37 22
30 38 16
30 39 26
30 40 49
30 41 60
30 42 35
30 43 77
30 44 44
30 45 70
30 46 32
30 47 1
30 48 61
30 49 17
30 50 67
30 51 33
30 52 45
30 53 23
30 54 47
30 55 8
30 56 58
30 57 43
30 58 18
30 59 9
30 60 89
30 61 79
30 62 77
30 63 20
30 64 64
30 65 37
30 66 76
30 67 59
30 68 73
30 69 59
30 70 26
30 71 17
30 72 9
30 73 25
30 74 29
30 75 25
30 76 1
30 77 53
30 78 63
30 79 49
30 80 43
30 81 64
30 82 86
30 83 36
30 84 33
30 85 26
30 86 66
30 87 61
30 88 70
30 89 17
30 90 73
31 32 38
31 33 22
31 34 59
31 35 40
31 36 20
31 37 57
31 38 67
31 39 12
31 40 47
31 41 51
31 42 57
31 43 39
31 44 79
31 45 45
31 46 7
31 47 40
31 48 26
31 49 56
31 50 89
31 51 40
31 52 31
31 53 85
31 54 0
31 55 73
31 56 10
31 57 62
31 58 67
31 59 24
31 60 35
31 61 19
31 62 36
31 63 78
31 64 35
31 65 5
31 66 52
31 67 0
31 68 4
31 69 76
31 70 32
31 71 14
31 72 8
31 73 55
31 74 64
31 75 48
31 76 69
31 77 88
31 78 23
31 79 31
31 80 41
31 81 31
31 82 81
31 83 34
31 84 89
31 85 31
31 86 44
31 87 4
31 88 59
31 89 52
31 90 7
32 33 69
32 34 68
32 35 22
32 36 57
32 37 45
32 38 2
32 39 12
32 40 56
32 41 58
32 42 17
32 43 6
32 44 8
32 45 65
32 46 49
32 47 79
32 48 78
32 49 28
32 50 37
32 51 89
32 52 81
32 53 63
32 54 70
32 55 88
32 56 19
32 57 38
32 58 2
32 59 4
32 60 2
32 61 9
32 62 58
32 63 7
32 64 64
32 65 87
32 66 39
32 67 38
32 68 14
32 69 78
32 70 30
32 71 14
32 72 56
32 73 11
32 74 47
32 75 40
32 76 11
32 77 67
32 78 60
32 79 70
32 80 16
32 81 77
32 82 87
32 83 42
32 84 62
32 85 28
32 86 17
32 87 42
32 88 78
32 89 41
32 90 56
33 34 56
33 35 49
33 36 17
33 37 14
33 38 62
33 39 40
33 40 55
33 41 61
33 42 32
33 43 56
33 44 47
33 45 38
33 46 86
33 47 40
33 48 15
33 49 85
33 50 78
33 51 78
33 52 9
33 53 45
33 54 85
33 55 38
33 56 33
33 57 11
33 58 4
33 59 68
33 60 41
33 61 71
33 62 28
33 63 86
33 64 18
33 65 26
33 66 8
33 67 17
33 68 77
33 69 23
33 70 41
33 71 30
33 72 82
33 73 45
33 74 26
33 75 7
33 76 19
33 77 67
33 78 10
33 79 31
33 80 69
33 81 69
33 82 55
33 83 6
33 84 47
33 85 31
33 86 69
33 87 83
33 88 48
33 89 24
33 90 39
34 35 72
34 36 65
34 37 4
34 38 57
34 39 26
34 40 48
34 41 3
34 42 2
34 43 88
34 44 32
34 45 80
34 46 54
34 47 24
34 48 24
34 49 55
34 50 22
34 51 3
34 52 34
34 53 34
34 54 8
34 55 20
34 56 78
34 57 17
34 58 74
34 59 68
34 60 77
34 61 82
34 62 55
34 63 19
34 64 27
34 65 68
34 66 79
34 67 31
34 68 15
34 69 67
34 70 77
34 71 33
34 72 26
34 73 29
34 74 38
34 75 43
34 76 19
34 77 38
34 78 82
34 79 64
34 80 48
34 81 80
34 82 47
34 83 74
34 84 13
34 85 81
34 86 15
34 87 57
34 88 12
34 89 58
34 90 5
35 36 79
35 37 34
35 38 72
35 39 72
35 40 11
35 41 64
35 42 45
35 43 17
35 44 70
35 45 64
35 46 70
35 47 50
35 48 81
35 49 33
35 50 49
35 51 6
35 52 43
35 53 0
35 54 82
35 55 14
35 56 88
35 57 42
35 58 80
35 59 40
35 60 34
35 61 33
35 62 21
35 63 58
35 64 9
35 65 86
35 66 58
35 67 56
35 68 10
35 69 45
35 70 34
35 71 58
35 72 57
35 73 59
35 74 37
35 75 79
35 76 31
35 77 27
35 78 28
35 79 39
35 80 85
35 81 3
35 82 81
35 83 34
35 84 72
35 85 3
35 86 81
35 87 11
35 88 11
35 89 26
35 90 53
36 37 65
36 38 75
36 39 11
36 40 7
36 41 51
36 42 34
36 43 22
36 44 44
36 45 46
36 46 75
36 47 39
36 48 35
36 49 44
36 50 66
36 51 81
36 52 23
36 53 40
36 54 39
36 55 7
36 56 6
36 57 24
36 58 35
36 59 4
36 60 13
36 61 22
36 62 9
36 63 56
36 64 69
36 65 87
36 66 4
36 67 42
36 68 27
36 69 65
36 70 77
36 71 12
36 72 55
36 73 6
36 74 85
36 75 77
36 76 65
36 77 77
36 78 81
36 79 15
36 80 0
36 81 14
36 82 89
36 83 16
36 84 82
36 85 7
36 86 2
36 87 87
36 88 83
36 89 30
36 90 3
37 38 79
37 39 25
37 40 54
37 41 88
37 42 23
37 43 68
37 44 49
37 45 28
37 46 13
37 47 33
37 48 59
37 49 76
37 50 86
37 51 36
37 52 70
37 53 5
37 54 76
37 55 23
37 56 20
37 57 40
37 58 39
37 59 75
37 60 11
37 61 3
37 62 3
37 63 49
37 64 3
37 65 24
37 66 7
37 67 11
37 68 89
37 69 81
37 70 56
37 71 72
37 72 28
37 73 10
37 74 71
37 75 53
37 76 31
37 77 78
37 78 29
37 79 17
37 80 66
37 81 89
37 82 5
37 83 70
37 84 37
37 85 77
37 86 40
37 87 24
37 88 45
37 89 30
37 90 46
38 39 39
38 40 37
38 41 26
38 42 41
38 43 64
38 44 27
38 45 36
38 46 18
38 47 58
38 48 26
38 49 51
38 50 39
38 51 63
38 52 0
38 53 2
38 54 68
38 55 64
38 56 55
38 57 22
38 58 63
38 59 23
38 60 74
38 61 37
38 62 39
38 63 39
38 64 36
38 65 23
38 66 22
38 67 54
38 68 85
38 69 16
38 70 71
38 71 33
38 72 22
38 73 28
38 74 32
38 75 49
38 76 30
38 77 72
38 78 65
38 79 75
38 80 88
38 81 38
38 82 60
38 83 30
38 84 14
38 85 21
38 86 69
38 87 60
38 88 0
38 89 74
38 90 46
39 40 84
39 41 50
39 42 2
39 43 33
39 44 75
39 45 59
39 46 12
39 47 81
39 48 47
39 49 57
39 50 22
39 51 82
39 52 3
39 53 30
39 54 27
39 55 30
39 56 32
39 57 74
39 58 84
39 59 6
39 60 51
39 61 24
39 62 18
39 63 55
39 64 81
39 65 58
39 66 60
39 67 60
39 68 58
39 69 64
39 70 33
39 71 40
39 72 45
39 73 62
39 74 66
39 75 9
39 76 74
39 77 49
39 78 18
39 79 63
39 80 3
39 81 19
39 82 46
39 83 72
39 84 25
39 85 10
39 86 51
39 87 16
39 88 88
39 89 58
39 90 30
40 41 88
40 42 30
40 43 85
40 44 59
40 45 6
40 46 55
40 47 8
40 48 51
40 49 75
40 50 56
40 51 12
40 52 74
40 53 56
40 54 60
40 55 63
40 56 78
40 57 62
40 58 29
40 59 7
40 60 72
40 61 20
40 62 0
40 63 81
40 64 81
40 65 63
40 66 23
40 67 43
40 68 20
40 69 54
40 70 67
40 71 64
40 72 60
40 73 70
40 74 36
40 75 70
40 76 3
40 77 42
40 78 24
40 79 87
40 80 50
40 81 85
40 82 44
40 83 16
40 84 73
40 85 73
40 86 48
40 87 79
40 88 73
40 89 36
40 90 87
41 42 50
41 43 58
41 44 22
41 45 4
41 46 32
41 47 7
41 48 0
41 49 79
41 50 68
41 51 50
41 52 64
41 53 19
41 54 13
41 55 24
41 56 23
41 57 54
41 58 47
41 59 15
41 60 84
41 61 75
41 62 60
41 63 87
41 64 6
41 65 57
41 66 75
41 67 65
41 68 48
41 69 11
41 70 78
41 71 45
41 72 53
41 73 18
41 74 24
41 75 69
41 76 0
41 77 14
41 78 54
41 79 53
41 80 72
41 81 37
41 82 18
41 83 46
41 84 7
41 85 12
41 86 80
41 87 65
41 88 61
41 89 48
41 90 45
42 43 52
42 44 56
42 45 74
42 46 8
42 47 27
42 48 5
42 49 9
42 50 68
42 51 3
42 52 8
42 53 48
42 54 27
42 55 22
42 56 54
42 57 59
42 58 60
42 59 3
42 60 1
42 61 50
42 62 53
42 63 6
42 64 61
42 65 89
42 66 51
42 67 37
42 68 33
42 69 13
42 70 51
42 71 18
42 72 61
42 73 31
42 74 81
42 75 14
42 76 48
42 77 77
42 78 88
42 79 19
42 80 37
42 81 81
42 82 78
42 83 40
42 84 49
42 85 49
42 86 69
42 87 21
42 88 61
42 89 37
42 90 46
43 44 61
43 45 73
43 46 79
43 47 62
43 48 14
43 49 7
43 50 5
43 51 81
43 52 57
43 53 73
43 54 56
43 55 44
43 56 19
43 57 57
43 58 10
43 59 77
43 60 27
43 61 63
43 62 2
43 63 51
43 64 37
43 65 17
43 66 77
43 67 8
43 68 10
43 69 32
43 70 56
43 71 44
43 72 23
43 73 7
43 74 24
43 75 64
43 76 75
43 77 50
43 78 41
43 79 67
43 80 34
43 81 18
43 82 45
43 83 51
43 84 56
43 85 82
43 86 63
43 87 8
43 88 72
43 89 18
43 90 89
44 45 8
44 46 59
44 47 12
44 48 77
44 49 47
44 50 25
44 51 21
44 52 53
44 53 57
44 54 83
44 55 42
44 56 79
44 57 11
44 58 68
44 59 57
44 60 68
44 61 54
44 62 22
44 63 86
44 64 23
44 65 57
44 66 15
44 67 41
44 68 43
44 69 41
44 70 60
44 71 26
44 72 28
44 73 37
44 74 10
44 75 2
44 76 24
44 77 27
44 78 9
44 79 77
44 80 36
44 81 23
44 82 7
44 83 41
44 84 29
44 85 66
44 86 17
44 87 4
44 88 86
44 89 83
44 90 22
45 46 65
45 47 67
45 48 63
45 49 14
45 50 42
45 51 8
45 52 79
45 53 56
45 54 11
45 55 84
45 56 75
45 57 32
45 58 82
45 59 40
45 60 67
45 61 44
45 62 59
45 63 6
45 64 85
45 65 71
45 66 61
45 67 86
45 68 63
45 69 32
45 70 64
45 71 79
45 72 38
45 73 73
45 74 6
45 75 68
45 76 57
45 77 33
45 78 18
45 79 73
45 80 88
45 81 59
45 82 65
45 83 18
45 84 11
45 85 53
45 86 3
45 87 32
45 88 21
45 89 13
45 90 40
46 47 45
46 48 27
46 49 41
46 50 53
46 51 86
46 52 21
46 53 41
46 54 89
46 55 40
46 56 31
46 57 41
46 58 50
46 59 60
46 60 66
46 61 0
46 62 37
46 63 27
46 64 15
46 65 15
46 66 23
46 67 11
46 68 14
46 69 65
46 70 63
46 71 40
46 72 46
46 73 41
46 74 83
46 75 43
46 76 54
46 77 37
46 78 59
46 79 72
46 80 63
46 81 86
46 82 0
46 83 47
46 84 68
46 85 15
46 86 1
46 87 84
46 88 14
46 89 38
46 90 70
47 48 89
47 49 32
47 50 25
47 51 40
47 52 74
47 53 55
47 54 73
47 55 33
47 56 87
47 57 33
47 58 61
47 59 47
47 60 68
47 61 84
47 62 51
47 63 42
47 64 36
47 65 5
47 66 9
47 67 89
47 68 69
47 69 32
47 70 58
47 71 80
47 72 3
47 73 79
47 74 27
47 75 86
47 76 8
47 77 84
47 78 51
47 79 4
47 80 49
47 81 8
47 82 52
47 83 62
47 84 34
47 85 0
47 86 19
47 87 36
47 88 48
47 89 18
47 90 2
48 49 82
48 50 49
48 51 12
48 52 23
48 53 77
48 54 49
48 55 44
48 56 12
48 57 72
48 58 4
48 59 35
48 60 26
48 61 78
48 62 83
48 63 63
48 64 6
48 65 60
48 66 7
48 67 19
48 68 73
48 69 22
48 70 71
48 71 47
48 72 31
48 73 14
48 74 3
48 75 68
48 76 39
48 77 78
48 78 24
48 79 66
48 80 66
48 81 0
48 82 38
48 83 60
48 84 64
48 85 50
48 86 60
48 87 71
48 88 71
48 89 57
48 90 42
49 50 35
49 51 44
49 52 87
49 53 85
49 54 41
49 55 40
49 56 85
49 57 15
49 58 12
49 59 58
49 60 41
49 61 36
49 62 22
49 63 37
49 64 3
49 65 84
49 66 87
49 67 23
49 68 23
49 69 10
49 70 87
49 71 30
49 72 80
49 73 79
49 74 13
49 75 56
49 76 88
49 77 2
49 78 9
49 79 1
49 80 85
49 81 12
49 82 37
49 83 1
49 84 28
49 85 60
49 86 16
49 87 82
49 88 72
49 89 65
49 90 25
50 51 11
50 52 34
50 53 47
50 54 33
50 55 85
50 56 62
50 57 71
50 58 78
50 59 73
50 60 2
50 61 30
50 62 1
50 63 21
50 64 11
50 65 18
50 66 54
50 67 50
50 68 85
50 69 8
50 70 12
50 71 73
50 72 34
50 73 29
50 74 34
50 75 45
50 76 87
50 77 11
50 78 62
50 79 84
50 80 4
50 81 8
50 82 18
50 83 42
50 84 21
50 85 4
50 86 59
50 87 4
50 88 71
50 89 5
50 90 38
51 52 79
51 53 20
51 54 15
51 55 10
51 56 26
51 57 77
51 58 53
51 59 1
51 60 39
51 61 56
51 62 21
51 63 10
51 64 28
51 65 19
51 66 79
51 67 36
51 68 87
51 69 31
51 70 28
51 71 32
51 72 43
51 73 27
51 74 37
51 75 74
51 76 55
51 77 67
51 78 3
51 79 9
51 80 15
51 81 12
51 82 78
51 83 52
51 84 47
51 85 48
51 86 71
51 87 76
51 88 69
51 89 79
51 90 10
52 53 85
52 54 29
52 55 13
52 56 53
52 57 46
52 58 65
52 59 36
52 60 37
52 61 59
52 62 7
52 63 2
52 64 30
52 65 42
52 66 34
52 67 8
52 68 75
52 69 19
52 70 39
52 71 54
52 72 54
52 73 35
52 74 39
52 75 41
52 76 27
52 77 5
52 78 69
52 79 7
52 80 29
52 81 49
52 82 46
52 83 82
52 84 27
52 85 68
52 86 31
52 87 6
52 88 31
52 89 85
52 90 25
53 54 40
53 55 61
53 56 50
53 57 16
53 58 9
53 59 85
53 60 39
53 61 89
53 62 28
53 63 29
53 64 22
53 65 67
53 66 8
53 67 37
53 68 87
53 69 32
53 70 44
53 71 1
53 72 7
53 73 39
53 74 82
53 75 14
53 76 84
53 77 13
53 78 72
53 79 81
53 80 34
53 81 51
53 82 47
53 83 86
53 84 35
53 85 32
53 86 34
53 87 19
53 88 39
53 89 54
53 90 69
54 55 77
54 56 10
54 57 88
54 58 32
54 59 54
54 60 61
54 61 19
54 62 50
54 63 76
54 64 75
54 65 24
54 66 55
54 67 82
54 68 58
54 69 78
54 70 23
54 71 87
54 72 41
54 73 45
54 74 88
54 75 13
54 76 5
54 77 7
54 78 59
54 79 24
54 80 3
54 81 67
54 82 9
54 83 16
54 84 20
54 85 87
54 86 31
54 87 34
54 88 40
54 89 52
54 90 46
55 56 81
55 57 86
55 58 10
55 59 61
55 60 73
55 61 13
55 62 78
55 63 33
55 64 0
55 65 29
55 66 38
55 67 78
55 68 75
55 69 84
55 70 15
55 71 9
55 72 77
55 73 29
55 74 42
55 75 21
55 76 85
55 77 18
55 78 51
55 79 51
55 80 36
55 81 86
55 82 77
55 83 54
55 84 55
55 85 0
55 86 6
55 87 69
55 88 25
55 89 34
55 90 7
56 57 14
56 58 15
56 59 47
56 60 78
56 61 38
56 62 6
56 63 7
56 64 23
56 65 14
56 66 65
56 67 34
56 68 0
56 69 29
56 70 84
56 71 16
56 72 24
56 73 79
56 74 25
56 75 34
56 76 83
56 77 34
56 78 83
56 79 57
56 80 34
56 81 47
56 82 53
56 83 78
56 84 76
56 85 0
56 86 59
56 87 10
56 88 8
56 89 83
56 90 18
57 58 18
57 59 56
57 60 60
57 61 22
57 62 87
57 63 14
57 64 77
57 65 48
57 66 30
57 67 57
57 68 10
57 69 66
57 70 7
57 71 23
57 72 22
57 73 8
57 74 4
57 75 22
57 76 40
57 77 5
57 78 12
57 79 3
57 80 48
57 81 69
57 82 35
57 83 3
57 84 14
57 85 6
57 86 78
57 87 69
57 88 73
57 89 16
57 90 11
58 59 9
58 60 55
58 61 17
58 62 37
58 63 72
58 64 14
58 65 10
58 66 85
58 67 14
58 68 60
58 69 41
58 70 47
58 71 42
58 72 15
58 73 22
58 74 15
58 75 49
58 76 64
58 77 12
58 78 32
58 79 26
58 80 43
58 81 43
58 82 46
58 83 42
58 84 13
58 85 73
58 86 65
58 87 72
58 88 74
58 89 5
58 90 88
59 60 29
59 61 11
59 62 10
59 63 35
59 64 69
59 65 69
59 66 21
59 67 29
59 68 43
59 69 63
59 70 45
59 71 60
59 72 14
59 73 35
59 74 72
59 75 79
59 76 42
59 77 87
59 78 73
59 79 65
59 80 21
59 81 79
59 82 18
59 83 57
59 84 9
59 85 11
59 86 71
59 87 48
59 88 75
59 89 49
59 90 3
60 61 59
60 62 67
60 63 69
60 64 65
60 65 35
60 66 15
60 67 88
60 68 2
60 69 60
60 70 48
60 71 16
60 72 89
60 73 13
60 74 89
60 75 77
60 76 6
60 77 13
60 78 21
60 79 28
60 80 6
60 81 50
60 82 41
60 83 34
60 84 80
60 85 82
60 86 48
60 87 14
60 88 23
60 89 5
60 90 66
61 62 28
61 63 44
61 64 11
61 65 41
61 66 22
61 67 35
61 68 74
61 69 52
61 70 4
61 71 75
61 72 62
61 73 23
61 74 59
61 75 54
61 76 72
61 77 45
61 78 22
61 79 19
61 80 74
61 81 70
61 82 77
61 83 79
61 84 36
61 85 65
61 86 61
61 87 64
61 88 14
61 89 52
61 90 5
62 63 86
62 64 51
62 65 58
62 66 40
62 67 7
62 68 27
62 69 45
62 70 40
62 71 23
62 72 21
62 73 28
62 74 35
62 75 47
62 76 55
62 77 40
62 78 44
62 79 32
62 80 10
62 81 57
62 82 3
62 83 8
62 84 9
62 85 38
62 86 38
62 87 58
62 88 28
62 89 29
62 90 76
63 64 77
63 65 43
63 66 44
63 67 11
63 68 83
63 69 64
63 70 17
63 71 60
63 72 49
63 73 77
63 74 31
63 75 10
63 76 67
63 77 46
63 78 33
63 79 50
63 80 2
63 81 53
63 82 26
63 83 30
63 84 42
63 85 5
63 86 11
63 87 7
63 88 9
63 89 56
63 90 80
64 65 72
64 66 23
64 67 83
64 68 26
64 69 58
64 70 60
64 71 29
64 72 71
64 73 4
64 74 29
64 75 72
64 76 79
64 77 19
64 78 19
64 79 53
64 80 29
64 81 44
64 82 11
64 83 9
64 84 1
64 85 32
64 86 78
64 87 28
64 88 18
64 89 31
64 90 23
65 66 40
65 67 58
65 68 5
65 69 61
65 70 25
65 71 34
65 72 51
65 73 73
65 74 29
65 75 39
65 76 14
65 77 34
65 78 22
65 79 57
65 80 35
65 81 71
65 82 20
65 83 82
65 84 81
65 85 67
65 86 45
65 87 39
65 88 2
65 89 51
65 90 13
66 67 21
66 68 42
66 69 55
66 70 30
66 71 28
66 72 10
66 73 44
66 74 42
66 75 72
66 76 85
66 77 83
66 78 85
66 79 45
66 80 69
66 81 73
66 82 3
66 83 17
66 84 84
66 85 55
66 86 17
66 87 10
66 88 40
66 89 31
66 90 76
67 68 21
67 69 30
67 70 11
67 71 76
67 72 48
67 73 18
67 74 63
67 75 79
67 76 65
67 77 48
67 78 43
67 79 3
67 80 3
67 81 85
67 82 3
67 83 19
67 84 11
67 85 27
67 86 27
67 87 40
67 88 81
67 89 16
67 90 61
68 69 89
68 70 30
68 71 16
68 72 13
68 73 58
68 74 41
68 75 28
68 76 18
68 77 84
68 78 16
68 79 43
68 80 61
68 81 3
68 82 89
68 83 65
68 84 35
68 85 14
68 86 37
68 87 73
68 88 28
68 89 23
68 90 69
69 70 63
69 71 20
69 72 9
69 73 68
69 74 15
69 75 67
69 76 39
69 77 3
69 78 10
69 79 40
69 80 15
69 81 67
69 82 10
69 83 12
69 84 38
69 85 17
69 86 82
69 87 22
69 88 29
69 89 4
69 90 15
70 71 32
70 72 74
70 73 54
70 74 45
70 75 22
70 76 10
70 77 39
70 78 29
70 79 16
70 80 23
70 81 64
70 82 27
70 83 12
70 84 74
70 85 38
70 86 6
70 87 23
70 88 9
70 89 42
70 90 16
71 72 66
71 73 83
71 74 32
71 75 33
71 76 87
71 77 20
71 78 13
71 79 35
71 80 41
71 81 2
71 82 83
71 83 49
71 84 19
71 85 70
71 86 26
71 87 49
71 88 78
71 89 3
71 90 87
72 73 14
72 74 87
72 75 35
72 76 81
72 77 48
72 78 13
72 79 33
72 80 73
72 81 3
72 82 17
72 83 24
72 84 30
72 85 85
72 86 16
72 87 4
72 88 1
72 89 80
72 90 21
73 74 3
73 75 60
73 76 11
73 77 70
73 78 59
73 79 15
73 80 58
73 81 40
73 82 28
73 83 34
73 84 46
73 85 84
73 86 20
73 87 12
73 88 2
73 89 30
73 90 23
74 75 1
74 76 2
74 77 44
74 78 34
74 79 76
74 80 60
74 81 31
74 82 43
74 83 45
74 84 38
74 85 46
74 86 43
74 87 21
74 88 18
74 89 29
74 90 31
75 76 28
75 77 67
75 78 64
75 79 55
75 80 38
75 81 44
75 82 48
75 83 79
75 84 13
75 85 66
75 86 72
75 87 21
75 88 4
75 89 14
75 90 2
76 77 79
76 78 25
76 79 69
76 80 40
76 81 86
76 82 15
76 83 73
76 84 65
76 85 76
76 86 43
76 87 55
76 88 16
76 89 71
76 90 72
77 78 47
77 79 57
77 80 39
77 81 18
77 82 6
77 83 48
77 84 0
77 85 18
77 86 36
77 87 61
77 88 63
77 89 35
77 90 86
78 79 8
78 80 39
78 81 76
78 82 40
78 83 26
78 84 0
78 85 5
78 86 35
78 87 66
78 88 23
78 89 28
78 90 38
79 80 70
79 81 42
79 82 58
79 83 53
79 84 19
79 85 50
79 86 37
79 87 19
79 88 4
79 89 63
79 90 31
80 81 65
80 82 9
80 83 37
80 84 4
80 85 34
80 86 79
80 87 23
80 88 89
80 89 31
80 90 15
81 82 57
81 83 87
81 84 39
81 85 66
81 86 30
81 87 66
81 88 41
81 89 57
81 90 83
82 83 68
82 84 23
82 85 62
82 86 57
82 87 16
82 88 54
82 89 19
82 90 49
83 84 3
83 85 4
83 86 7
83 87 15
83 88 60
83 89 25
83 90 32
84 85 55
84 86 61
84 87 27
84 88 6
84 89 3
84 90 55
85 86 5
85 87 32
85 88 87
85 89 36
85 90 76
86 87 50
86 88 67
86 89 37
86 90 23
87 88 51
87 89 18
87 90 49
88 89 10
88 90 58
89 90 81
