100 4950
1 2 59
1 3 81
1 4 60
1 5 83
1 6 67
1 7 28
1 8 51
1 9 25
1 10 44
1 11 51
1 12 92
1 13 93
1 14 85
1 15 36
1 16 60
1 17 20
1 18 82
1 19 44
1 20 71
1 21 91
1 22 30
1 23 85
1 24 18
1 25 87
1 26 19
1 27 64
1 28 0
1 29 63
1 30 21
1 31 62
1 32 82
1 33 6
1 34 77
1 35 84
1 36 98
1 37 72
1 38 9
1 39 0
1 40 58
1 41 69
1 42 79
1 43 88
1 44 4
1 45 77
1 46 41
1 47 91
1 48 81
1 49 17
1 50 35
1 51 77
1 52 45
1 53 17
1 54 88
1 55 82
1 56 29
1 57 39
1 58 87
1 59 62
1 60 37
1 61 16
1 62 2
1 63 45
1 64 24
1 65 68
1 66 53
1 67 31
1 68 36
1 69 1
1 70 75
1 71 55
1 72 82
1 73 99
1 74 51
1 75 5
1 76 97
1 77 80
1 78 14
1 79 34
1 80 33
1 81 78
1 82 16
1 83 18
1 84 45
1 85 22
1 86 28
1 87 43
1 88 0
1 89 45
1 90 1
1 91 61
1 92 90
1 93 53
1 94 35
1 95 76
1 96 60
1 97 74
1 98 46
1 99 35
1 100 7
2 3 68
2 4 0
2 5 97
2 6 81
2 7 68
2 8 33
2 9 98
2 10 2
2 11 42
2 12 59
2 13 54
2 14 7
2 15 87
2 16 76
2 17 93
2 18 99
2 19 65
2 20 55
2 21 23
2 22 59
2 23 73
2 24 43
2 25 7
2 26 56
2 27 8
2 28 90
2 29 94
2 30 82
2 31 53
2 32 27
2 33 40
2 34 25
2 35 95
2 36 83
2 37 19
2 38 45
2 39 40
2 40 63
2 41 84
2 42 83
2 43 29
2 44 7
2 45 74
2 46 73
2 47 84
2 48 87
2 49 70
2 50 42
2 51 28
2 52 11
2 53 64
2 54 75
2 55 76
2 56 77
2 57 22
2 58 75
2 59 54
2 60 56
2 61 87
2 62 93
2 63 84
2 64 54
2 65 87
2 66 78
2 67 68
2 68 74
2 69 56
2 70 87
2 71 58
2 72 33
2 73 28
2 74 75
2 75 9
2 76 10
2 77 62
2 78 77
2 79 55
2 80 73
2 81 79
2 82 11
2 83 76
2 84 82
2 85 22
2 86 8
2 87 68
2 88 30
2 89 34
2 90 67
2 91 1
2 92 57
2 93 17
2 94 14
2 95 39
2 96 40
2 97 87
2 98 25
2 99 21
2 100 32
3 4 74
3 5 81
3 6 14
3 7 21
3 8 12
3 9 20
3 10 19
3 11 63
3 12 1
3 13 92
3 14 33
3 15 43
3 16 32
3 17 38
3 18 84
3 19 41
3 20 84
3 21 35
3 22 20
3 23 70
3 24 2
3 25 96
3 26 9
3 27 24
3 28 23
3 29 86
3 30 55
3 31 58
3 32 55
3 33 47
3 34 85
3 35 92
3 36 58
3 37 44
3 38 41
3 39 11
3 40 68
3 41 29
3 42 81
3 43 42
3 44 31
3 45 74
3 46 51
3 47 40
3 48 57
3 49 89
3 50 92
3 51 59
3 52 63
3 53 56
3 54 86
3 55 45
3 56 98
3 57 56
3 58 34
3 59 89
3 60 90
3 61 76
3 62 7
3 63 91
3 64 7
3 65 7
3 66 94
3 67 80
3 68 20
3 69 99
3 70 94
3 71 19
3 72 66
3 73 43
3 74 82
3 75 67
3 76 94
3 77 38
3 78 10
3 79 57
3 80 30
3 81 24
3 82 30
3 83 53
3 84 90
3 85 60
3 86 76
3 87 75
3 88 86
3 89 59
3 90 57
3 91 84
3 92 26
3 93 95
3 94 16
3 95 37
3 96 72
3 97 1
3 98 94
3 99 81
3 100 21
4 5 63
4 6 65
4 7 94
4 8 33
4 9 72
4 10 80
4 11 15
4 12 42
4 13 25
4 14 44
4 15 25
4 16 72
4 17 4
4 18 96
4 19 36
4 20 33
4 21 64
4 22 62
4 23 98
4 24 59
4 25 93
4 26 41
4 27 29
4 28 5
4 29 64
4 30 21
4 31 31
4 32 45
4 33 57
4 34 63
4 35 61
4 36 30
4 37 51
4 38 6
4 39 4
4 40 68
4 41 51
4 42 97
4 43 79
4 44 13
4 45 18
4 46 95
4 47 25
4 48 49
4 49 51
4 50 96
4 51 35
4 52 58
4 53 75
4 54 29
4 55 42
4 56 36
4 57 94
4 58 74
4 59 68
4 60 13
4 61 39
4 62 67
4 63 96
4 64 13
4 65 50
4 66 78
4 67 6
4 68 98
4 69 3
4 70 69
4 71 52
4 72 30
4 73 74
4 74 17
4 75 88
4 76 25
4 77 7
4 78 86
4 79 88
4 80 19
4 81 25
4 82 3
4 83 94
4 84 8
4 85 6
4 86 66
4 87 28
4 88 45
4 89 23
4 90 38
4 91 95
4 92 85
4 93 92
4 94 32
4 95 86
4 96 36
4 97 3
4 98 12
4 99 58
4 100 21
5 6 89
5 7 78
5 8 54
5 9 51
5 10 45
5 11 72
5 12 48
5 13 33
5 14 82
5 15 13
5 16 47
5 17 69
5 18 77
5 19 38
5 20 16
5 21 49
5 22 68
5 23 96
5 24 33
5 25 1
5 26 31
5 27 83
5 28 45
5 29 23
5 30 46
5 31 89
5 32 35
5 33 23
5 34 96
5 35 95
5 36 54
5 37 52
5 38 92
5 39 85
5 40 79
5 41 14
5 42 15
5 43 84
5 44 17
5 45 92
5 46 15
5 47 68
5 48 53
5 49 44
5 50 45
5 51 58
5 52 5
5 53 81
5 54 90
5 55 48
5 56 64
5 57 20
5 58 73
5 59 27
5 60 37
5 61 26
5 62 74
5 63 15
5 64 67
5 65 87
5 66 46
5 67 31
5 68 20
5 69 6
5 70 11
5 71 6
5 72 42
5 73 45
5 74 89
5 75 0
5 76 3
5 77 9
5 78 12
5 79 56
5 80 4
5 81 13
5 82 73
5 83 32
5 84 70
5 85 68
5 86 49
5 87 47
5 88 45
5 89 57
5 90 85
5 91 0
5 92 64
5 93 72
5 94 70
5 95 89
5 96 99
5 97 45
5 98 74
5 99 82
5 100 54
6 7 46
6 8 66
6 9 65
6 10 15
6 11 56
6 12 47
6 13 88
6 14 66
6 15 88
6 16 71
6 17 14
6 18 34
6 19 69
6 20 56
6 21 9
6 22 71
6 23 72
6 24 19
6 25 44
6 26 78
6 27 33
6 28 0
6 29 93
6 30 91
6 31 53
6 32 20
6 33 45
6 34 11
6 35 17
6 36 5
6 37 64
6 38 42
6 39 17
6 40 87
6 41 55
6 42 60
6 43 24
6 44 73
6 45 39
6 46 78
6 47 91
6 48 86
6 49 10
6 50 36
6 51 24
6 52 68
6 53 27
6 54 70
6 55 79
6 56 35
6 57 31
6 58 62
6 59 12
6 60 48
6 61 9
6 62 14
6 63 43
6 64 71
6 65 49
6 66 59
6 67 90
6 68 40
6 69 64
6 70 85
6 71 48
6 72 80
6 73 97
6 74 96
6 75 13
6 76 32
6 77 81
6 78 78
6 79 28
6 80 9
6 81 23
6 82 45
6 83 81
6 84 69
6 85 97
6 86 0
6 87 83
6 88 0
6 89 66
6 90 39
6 91 2
6 92 79
6 93 61
6 94 8
6 95 72
6 96 18
6 97 11
6 98 84
6 99 6
6 100 10
7 8 44
7 9 3
7 10 86
7 11 98
7 12 78
7 13 75
7 14 65
7 15 3
7 16 94
7 17 83
7 18 56
7 19 73
7 20 94
7 21 62
7 22 67
7 23 36
7 24 41
7 25 80
7 26 49
7 27 2
7 28 24
7 29 62
7 30 28
7 31 3
7 32 34
7 33 24
7 34 41
7 35 1
7 36 9
7 37 73
7 38 21
7 39 81
7 40 82
7 41 6
7 42 73
7 43 34
7 44 25
7 45 35
7 46 7
7 47 10
7 48 13
7 49 99
7 50 24
7 51 43
7 52 6
7 53 95
7 54 97
7 55 32
7 56 29
7 57 20
7 58 78
7 59 4
7 60 25
7 61 43
7 62 95
7 63 91
7 64 43
7 65 55
7 66 99
7 67 31
7 68 71
7 69 36
7 70 23
7 71 22
7 72 56
7 73 81
7 74 3
7 75 94
7 76 82
7 77 8
7 78 11
7 79 70
7 80 27
7 81 96
7 82 66
7 83 91
7 84 96
7 85 11
7 86 2
7 87 9
7 88 94
7 89 20
7 90 81
7 91 71
7 92 12
7 93 21
7 94 2
7 95 46
7 96 44
7 97 3
7 98 76
7 99 89
7 100 42
8 9 10
8 10 97
8 11 66
8 12 11
8 13 31
8 14 81
8 15 11
8 16 96
8 17 12
8 18 97
8 19 44
8 20 2
8 21 29
8 22 12
8 23 70
8 24 35
8 25 54
8 26 90
8 27 82
8 28 45
8 29 68
8 30 67
8 31 33
8 32 69
8 33 94
8 34 22
8 35 77
8 36 83
8 37 63
8 38 95
8 39 41
8 40 58
8 41 43
8 42 38
8 43 71
8 44 61
8 45 12
8 46 67
8 47 98
8 48 30
8 49 62
8 50 89
8 51 13
8 52 50
8 53 13
8 54 95
8 55 73
8 56 42
8 57 97
8 58 48
8 59 63
8 60 55
8 61 79
8 62 9
8 63 25
8 64 81
8 65 5
8 66 83
8 67 0
8 68 13
8 69 1
8 70 34
8 71 70
8 72 26
8 73 63
8 74 87
8 75 15
8 76 33
8 77 38
8 78 30
8 79 72
8 80 84
8 81 49
8 82 27
8 83 97
8 84 69
8 85 75
8 86 21
8 87 30
8 88 13
8 89 32
8 90 42
8 91 3
8 92 29
8 93 65
8 94 19
8 95 33
8 96 52
8 97 44
8 98 58
8 99 59
8 100 27
9 10 98
9 11 57
9 12 17
9 13 65
9 14 82
9 15 0
9 16 21
9 17 38
9 18 87
9 19 27
9 20 96
9 21 34
9 22 74
9 23 86
9 24 30
9 25 4
9 26 86
9 27 39
9 28 75
9 29 55
9 30 27
9 31 80
9 32 37
9 33 34
9 34 31
9 35 77
9 36 82
9 37 15
9 38 66
9 39 93
9 40 17
9 41 84
9 42 67
9 43 3
9 44 31
9 45 93
9 46 89
9 47 92
9 48 91
9 49 98
9 50 75
9 51 48
9 52 39
9 53 74
9 54 33
9 55 19
9 56 19
9 57 97
9 58 39
9 59 75
9 60 32
9 61 63
9 62 9
9 63 33
9 64 92
9 65 51
9 66 78
9 67 7
9 68 72
9 69 69
9 70 35
9 71 95
9 72 6
9 73 30
9 74 9
9 75 2
9 76 55
9 77 12
9 78 45
9 79 57
9 80 34
9 81 73
9 82 20
9 83 44
9 84 66
9 85 63
9 86 5
9 87 30
9 88 55
9 89 10
9 90 75
9 91 46
9 92 44
9 93 20
9 94 55
9 95 20
9 96 10
9 97 79
9 98 42
9 99 26
9 100 67
10 11 0
10 12 27
10 13 47
10 14 15
10 15 72
10 16 9
10 17 46
10 18 67
10 19 60
10 20 87
10 21 61
10 22 37
10 23 57
10 24 56
10 25 87
10 26 68
10 27 53
10 28 19
10 29 86
10 30 76
10 31 37
10 32 8
10 33 17
10 34 95
10 35 29
10 36 41
10 37 36
10 38 38
10 39 53
10 40 91
10 41 40
10 42 99
10 43 45
10 44 80
10 45 17
10 46 90
10 47 21
10 48 50
10 49 64
10 50 63
10 51 83
10 52 34
10 53 24
10 54 13
10 55 1
10 56 88
10 57 22
10 58 31
10 59 62
10 60 56
10 61 61
10 62 84
10 63 5
10 64 55
10 65 41
10 66 38
10 67 59
10 68 39
10 69 56
10 70 89
10 71 12
10 72 55
10 73 11
10 74 16
10 75 90
10 76 41
10 77 32
10 78 26
10 79 29
10 80 21
10 81 66
10 82 41
10 83 24
10 84 67
10 85 10
10 86 64
10 87 33
10 88 14
10 89 21
10 90 61
10 91 3
10 92 50
10 93 9
10 94 27
10 95 18
10 96 45
10 97 16
10 98 44
10 99 24
10 100 48
11 12 57
11 13 18
11 14 87
11 15 83
11 16 34
11 17 78
11 18 45
11 19 67
11 20 93
11 21 42
11 22 85
11 23 14
11 24 10
11 25 39
11 26 38
11 27 49
11 28 19
11 29 35
11 30 25
11 31 92
11 32 48
11 33 23
11 34 35
11 35 59
11 36 53
11 37 71
11 38 43
11 39 82
11 40 80
11 41 30
11 42 76
11 43 89
11 44 28
11 45 90
11 46 19
11 47 56
11 48 72
11 49 46
11 50 84
11 51 86
11 52 45
11 53 66
11 54 43
11 55 25
11 56 27
11 57 22
11 58 58
11 59 16
11 60 7
11 61 96
11 62 1
11 63 42
11 64 41
11 65 29
11 66 19
11 67 19
11 68 48
11 69 57
11 70 91
11 71 12
11 72 61
11 73 8
11 74 81
11 75 83
11 76 70
11 77 0
11 78 73
11 79 70
11 80 79
11 81 57
11 82 64
11 83 73
11 84 64
11 85 79
11 86 73
11 87 68
11 88 39
11 89 97
11 90 52
11 91 99
11 92 93
11 93 18
11 94 77
11 95 0
11 96 37
11 97 75
11 98 29
11 99 70
11 100 90
12 13 76
12 14 48
12 15 32
12 16 60
12 17 4
12 18 61
12 19 47
12 20 94
12 21 69
12 22 82
12 23 67
12 24 4
12 25 43
12 26 99
12 27 23
12 28 32
12 29 93
12 30 20
12 31 30
12 32 29
12 33 55
12 34 96
12 35 56
12 36 72
12 37 20
12 38 21
12 39 41
12 40 64
12 41 30
12 42 98
12 43 61
12 44 85
12 45 67
12 46 30
12 47 31
12 48 59
12 49 39
12 50 85
12 51 56
12 52 47
12 53 12
12 54 37
12 55 44
12 56 50
12 57 27
12 58 60
12 59 66
12 60 88
12 61 90
12 62 21
12 63 24
12 64 68
12 65 75
12 66 66
12 67 9
12 68 19
12 69 45
12 70 29
12 71 69
12 72 71
12 73 33
12 74 1
12 75 0
12 76 33
12 77 98
12 78 5
12 79 82
12 80 36
12 81 87
12 82 96
12 83 38
12 84 87
12 85 37
12 86 21
12 87 24
12 88 31
12 89 2
12 90 50
12 91 98
12 92 57
12 93 64
12 94 26
12 95 22
12 96 59
12 97 33
12 98 0
12 99 55
12 100 0
13 14 31
13 15 60
13 16 24
13 17 56
13 18 77
13 19 55
13 20 4
13 21 93
13 22 7
13 23 39
13 24 29
13 25 61
13 26 16
13 27 74
13 28 66
13 29 90
13 30 68
13 31 33
13 32 79
13 33 39
13 34 97
13 35 44
13 36 82
13 37 78
13 38 31
13 39 94
13 40 91
13 41 8
13 42 14
13 43 73
13 44 75
13 45 17
13 46 11
13 47 10
13 48 64
13 49 42
13 50 92
13 51 95
13 52 8
13 53 52
13 54 34
13 55 78
13 56 56
13 57 24
13 58 95
13 59 86
13 60 8
13 61 24
13 62 23
13 63 14
13 64 57
13 65 55
13 66 57
13 67 51
13 68 11
13 69 33
13 70 96
13 71 85
13 72 74
13 73 5
13 74 97
13 75 15
13 76 92
13 77 87
13 78 90
13 79 52
13 80 1
13 81 81
13 82 73
13 83 22
13 84 7
13 85 3
13 86 17
13 87 56
13 88 33
13 89 85
13 90 19
13 91 53
13 92 27
13 93 22
13 94 9
13 95 20
13 96 29
13 97 91
13 98 57
13 99 28
13 100 62
14 15 6
14 16 85
14 17 23
14 18 92
14 19 27
14 20 88
14 21 42
14 22 5
14 23 19
14 24 87
14 25 63
14 26 62
14 27 93
14 28 32
14 29 26
14 30 90
14 31 11
14 32 18
14 33 68
14 34 21
14 35 71
14 36 56
14 37 36
14 38 31
14 39 50
14 40 39
14 41 83
14 42 72
14 43 92
14 44 93
14 45 61
14 46 7
14 47 25
14 48 62
14 49 63
14 50 30
14 51 38
14 52 91
14 53 77
14 54 40
14 55 50
14 56 78
14 57 49
14 58 67
14 59 19
14 60 32
14 61 54
14 62 58
14 63 56
14 64 86
14 65 2
14 66 63
14 67 34
14 68 23
14 69 37
14 70 98
14 71 42
14 72 49
14 73 91
14 74 91
14 75 38
14 76 94
14 77 10
14 78 91
14 79 95
14 80 40
14 81 29
14 82 37
14 83 10
14 84 14
14 85 76
14 86 75
14 87 90
14 88 74
14 89 91
14 90 62
14 91 51
14 92 45
14 93 48
14 94 7
14 95 10
14 96 37
14 97 63
14 98 83
14 99 55
14 100 37
15 16 1
15 17 8
15 18 25
15 19 41
15 20 98
15 21 53
15 22 46
15 23 48
15 24 53
15 25 76
15 26 26
15 27 10
15 28 1
15 29 82
15 30 38
15 31 73
15 32 50
15 33 64
15 34 58
15 35 72
15 36 68
15 37 24
15 38 19
15 39 96
15 40 15
15 41 10
15 42 45
15 43 24
15 44 52
15 45 56
15 46 82
15 47 69
15 48 36
15 49 27
15 50 97
15 51 6
15 52 72
15 53 38
15 54 5
15 55 43
15 56 59
15 57 47
15 58 74
15 59 71
15 60 1
15 61 29
15 62 34
15 63 97
15 64 21
15 65 91
15 66 38
15 67 66
15 68 85
15 69 92
15 70 27
15 71 99
15 72 58
15 73 70
15 74 0
15 75 98
15 76 14
15 77 45
15 78 32
15 79 34
15 80 85
15 81 21
15 82 25
15 83 44
15 84 41
15 85 92
15 86 58
15 87 21
15 88 74
15 89 74
15 90 4
15 91 58
15 92 12
15 93 58
15 94 62
15 95 6
15 96 24
15 97 82
15 98 82
15 99 13
15 100 92
16 17 91
16 18 34
16 19 65
16 20 91
16 21 4
16 22 98
16 23 5
16 24 0
16 25 93
16 26 1
16 27 19
16 28 26
16 29 1
16 30 50
16 31 98
16 32 35
16 33 86
16 34 16
16 35 3
16 36 36
16 37 44
16 38 97
16 39 88
16 40 37
16 41 66
16 42 78
16 43 23
16 44 46
16 45 2
16 46 88
16 47 94
16 48 93
16 49 0
16 50 30
16 51 84
16 52 20
16 53 25
16 54 0
16 55 7
16 56 47
16 57 1
16 58 61
16 59 78
16 60 70
16 61 71
16 62 0
16 63 64
16 64 13
16 65 23
16 66 16
16 67 27
16 68 34
16 69 41
16 70 64
16 71 93
16 72 95
16 73 26
16 74 17
16 75 59
16 76 44
16 77 42
16 78 74
16 79 67
16 80 47
16 81 82
16 82 32
16 83 88
16 84 31
16 85 18
16 86 12
16 87 75
16 88 61
16 89 31
16 90 7
16 91 35
16 92 78
16 93 20
16 94 91
16 95 42
16 96 43
16 97 50
16 98 99
16 99 45
16 100 57
17 18 80
17 19 27
17 20 59
17 21 6
17 22 98
17 23 47
17 24 27
17 25 66
17 26 38
17 27 52
17 28 37
17 29 7
17 30 52
17 31 84
17 32 13
17 33 12
17 34 14
17 35 31
17 36 23
17 37 39
17 38 41
17 39 30
17 40 65
17 41 90
17 42 2
17 43 34
17 44 73
17 45 10
17 46 72
17 47 18
17 48 99
17 49 34
17 50 48
17 51 22
17 52 58
17 53 56
17 54 80
17 55 28
17 56 13
17 57 61
17 58 46
17 59 3
17 60 80
17 61 13
17 62 45
17 63 1
17 64 62
17 65 1
17 66 65
17 67 66
17 68 41
17 69 53
17 70 7
17 71 30
17 72 62
17 73 67
17 74 18
17 75 84
17 76 8
17 77 85
17 78 36
17 79 62
17 80 99
17 81 62
17 82 88
17 83 71
17 84 16
17 85 85
17 86 98
17 87 29
17 88 13
17 89 13
17 90 8
17 91 48
17 92 70
17 93 88
17 94 86
17 95 44
17 96 77
17 97 32
17 98 20
17 99 41
17 100 64
18 19 0
18 20 81
18 21 12
18 22 93
18 23 55
18 24 24
18 25 79
18 26 70
18 27 53
18 28 9
18 29 40
18 30 91
18 31 35
18 32 61
18 33 17
18 34 60
18 35 13
18 36 54
18 37 37
18 38 1
18 39 67
18 40 2
18 41 63
18 42 14
18 43 43
18 44 79
18 45 12
18 46 23
18 47 53
18 48 83
18 49 79
18 50 59
18 51 41
18 52 73
18 53 16
18 54 7
18 55 33
18 56 38
18 57 54
18 58 34
18 59 48
18 60 33
18 61 55
18 62 52
18 63 31
18 64 60
18 65 3
18 66 12
18 67 43
18 68 95
18 69 35
18 70 20
18 71 9
18 72 4
18 73 87
18 74 59
18 75 95
18 76 57
18 77 83
18 78 90
18 79 76
18 80 4
18 81 9
18 82 35
18 83 93
18 84 40
18 85 82
18 86 12
18 87 58
18 88 91
18 89 51
18 90 1
18 91 64
18 92 5
18 93 28
18 94 18
18 95 4
18 96 2
18 97 63
18 98 28
18 99 52
18 100 82
19 20 9
19 21 88
19 22 51
19 23 47
19 24 29
19 25 10
19 26 43
19 27 31
19 28 72
19 29 84
19 30 49
19 31 56
19 32 17
19 33 18
19 34 42
19 35 11
19 36 88
19 37 45
19 38 89
19 39 29
19 40 51
19 41 17
19 42 90
19 43 63
19 44 0
19 45 4
19 46 70
19 47 52
19 48 35
19 49 83
19 50 75
19 51 84
19 52 13
19 53 28
19 54 13
19 55 10
19 56 26
19 57 2
19 58 0
19 59 34
19 60 36
19 61 89
19 62 11
19 63 92
19 64 30
19 65 38
19 66 48
19 67 64
19 68 10
19 69 33
19 70 42
19 71 26
19 72 45
19 73 79
19 74 19
19 75 92
19 76 62
19 77 79
19 78 52
19 79 18
19 80 45
19 81 7
19 82 10
19 83 73
19 84 9
19 85 52
19 86 11
19 87 76
19 88 5
19 89 18
19 90 53
19 91 81
19 92 5
19 93 52
19 94 46
19 95 10
19 96 89
19 97 80
19 98 21
19 99 48
19 100 44
20 21 7
20 22 99
20 23 39
20 24 80
20 25 27
20 26 47
20 27 2
20 28 42
20 29 10
20 30 85
20 31 17
20 32 53
20 33 28
20 34 45
20 35 60
20 36 79
20 37 58
20 38 2
20 39 91
20 40 34
20 41 99
20 42 41
20 43 39
20 44 89
20 45 54
20 46 88
20 47 33
20 48 46
20 49 96
20 50 57
20 51 5
20 52 11
20 53 5
20 54 2
20 55 13
20 56 58
20 57 52
20 58 5
20 59 72
20 60 68
20 61 96
20 62 14
20 63 86
20 64 24
20 65 70
20 66 28
20 67 22
20 68 85
20 69 8
20 70 60
20 71 28
20 72 40
20 73 3
20 74 53
20 75 54
20 76 72
20 77 28
20 78 23
20 79 38
20 80 55
20 81 20
20 82 81
20 83 30
20 84 3
20 85 77
20 86 79
20 87 69
20 88 83
20 89 26
20 90 80
20 91 4
20 92 71
20 93 88
20 94 44
20 95 78
20 96 59
20 97 46
20 98 20
20 99 2
20 100 69
21 22 20
21 23 41
21 24 88
21 25 79
21 26 44
21 27 4
21 28 41
21 29 85
21 30 44
21 31 8
21 32 41
21 33 38
21 34 3
21 35 66
21 36 10
21 37 78
21 38 56
21 39 19
21 40 59
21 41 21
21 42 55
21 43 76
21 44 73
21 45 99
21 46 6
21 47 65
21 48 75
21 49 54
21 50 86
21 51 91
21 52 25
21 53 29
21 54 33
21 55 81
21 56 45
21 57 76
21 58 5
21 59 12
21 60 62
21 61 38
21 62 61
21 63 24
21 64 30
21 65 4
21 66 12
21 67 9
21 68 31
21 69 65
21 70 41
21 71 18
21 72 90
21 73 41
21 74 60
21 75 58
21 76 37
21 77 8
21 78 51
21 79 38
21 80 87
21 81 3
21 82 53
21 83 19
21 84 91
21 85 17
21 86 62
21 87 99
21 88 65
21 89 75
21 90 95
21 91 88
21 92 83
21 93 9
21 94 97
21 95 85
21 96 68
21 97 25
21 98 94
21 99 17
21 100 84
22 23 44
22 24 63
22 25 3
22 26 26
22 27 34
22 28 77
22 29 46
22 30 95
22 31 79
22 32 92
22 33 24
22 34 67
22 35 61
22 36 63
22 37 61
22 38 99
22 39 4
22 40 74
22 41 15
22 42 33
22 43 32
22 44 36
22 45 3
22 46 98
22 47 35
22 48 66
22 49 59
22 50 10
22 51 5
22 52 71
22 53 76
22 54 7
22 55 14
22 56 26
22 57 25
22 58 24
22 59 89
22 60 11
22 61 84
22 62 81
22 63 74
22 64 31
22 65 80
22 66 91
22 67 15
22 68 8
22 69 68
22 70 64
22 71 24
22 72 25
22 73 73
22 74 1
22 75 68
22 76 58
22 77 46
22 78 78
22 79 58
22 80 14
22 81 37
22 82 47
22 83 47
22 84 34
22 85 28
22 86 60
22 87 87
22 88 5
22 89 11
22 90 65
22 91 15
22 92 17
22 93 8
22 94 59
22 95 89
22 96 32
22 97 7
22 98 12
22 99 39
22 100 71
23 24 92
23 25 8
23 26 74
23 27 80
23 28 4
23 29 86
23 30 83
23 31 93
23 32 28
23 33 65
23 34 49
23 35 92
23 36 93
23 37 35
23 38 85
23 39 98
23 40 32
23 41 74
23 42 56
23 43 28
23 44 59
23 45 2
23 46 97
23 47 85
23 48 32
23 49 67
23 50 82
23 51 72
23 52 83
23 53 32
23 54 96
23 55 79
23 56 78
23 57 77
23 58 13
23 59 7
23 60 61
23 61 63
23 62 92
23 63 62
23 64 76
23 65 62
23 66 36
23 67 89
23 68 41
23 69 73
23 70 82
23 71 73
23 72 82
23 73 38
23 74 30
23 75 35
23 76 31
23 77 4
23 78 56
23 79 76
23 80 83
23 81 21
23 82 29
23 83 79
23 84 7
23 85 43
23 86 61
23 87 13
23 88 0
23 89 99
23 90 23
23 91 51
23 92 8
23 93 17
23 94 98
23 95 99
23 96 99
23 97 33
23 98 18
23 99 14
23 100 22
24 25 12
24 26 48
24 27 53
24 28 81
24 29 5
24 30 38
24 31 79
24 32 42
24 33 60
24 34 72
24 35 73
24 36 93
24 37 5
24 38 37
24 39 16
24 40 75
24 41 50
24 42 63
24 43 6
24 44 73
24 45 52
24 46 20
24 47 45
24 48 78
24 49 39
24 50 46
24 51 88
24 52 38
24 53 37
24 54 39
24 55 59
24 56 58
24 57 18
24 58 1
24 59 30
24 60 98
24 61 67
24 62 37
24 63 6
24 64 72
24 65 77
24 66 56
24 67 98
24 68 72
24 69 44
24 70 47
24 71 8
24 72 49
24 73 69
24 74 76
24 75 67
24 76 20
24 77 15
24 78 33
24 79 45
24 80 26
24 81 89
24 82 2
24 83 75
24 84 21
24 85 98
24 86 16
24 87 7
24 88 7
24 89 19
24 90 98
24 91 25
24 92 12
24 93 26
24 94 26
24 95 47
24 96 11
24 97 17
24 98 43
24 99 34
24 100 72
25 26 79
25 27 38
25 28 75
25 29 23
25 30 47
25 31 76
25 32 5
25 33 67
25 34 44
25 35 50
25 36 41
25 37 45
25 38 29
25 39 83
25 40 32
25 41 81
25 42 46
25 43 41
25 44 44
25 45 63
25 46 26
25 47 29
25 48 44
25 49 41
25 50 39
25 51 36
25 52 80
25 53 42
25 54 74
25 55 56
25 56 94
25 57 86
25 58 8
25 59 76
25 60 17
25 61 30
25 62 95
25 63 19
25 64 74
25 65 81
25 66 48
25 67 49
25 68 27
25 69 5
25 70 9
25 71 77
25 72 94
25 73 41
25 74 71
25 75 70
25 76 31
25 77 90
25 78 18
25 79 74
25 80 47
25 81 35
25 82 54
25 83 54
25 84 94
25 85 81
25 86 7
25 87 38
25 88 70
25 89 31
25 90 49
25 91 72
25 92 4
25 93 33
25 94 64
25 95 2
25 96 69
25 97 24
25 98 6
25 99 48
25 100 6
26 27 27
26 28 77
26 29 52
26 30 54
26 31 4
26 32 20
26 33 55
26 34 71
26 35 87
26 36 51
26 37 87
26 38 87
26 39 69
26 40 49
26 41 40
26 42 14
26 43 74
26 44 86
26 45 34
26 46 4
26 47 49
26 48 21
26 49 16
26 50 31
26 51 41
26 52 65
26 53 92
26 54 90
26 55 91
26 56 30
26 57 96
26 58 35
26 59 72
26 60 18
26 61 87
26 62 17
26 63 46
26 64 96
26 65 0
26 66 71
26 67 55
26 68 91
26 69 74
26 70 70
26 71 50
26 72 40
26 73 14
26 74 64
26 75 78
26 76 70
26 77 91
26 78 29
26 79 85
26 80 73
26 81 0
26 82 3
26 83 93
26 84 16
26 85 51
26 86 5
26 87 82
26 88 90
26 89 27
26 90 76
26 91 91
26 92 35
26 93 11
26 94 37
26 95 71
26 96 86
26 97 29
26 98 71
26 99 41
26 100 26
27 28 9
27 29 29
27 30 94
27 31 76
27 32 12
27 33 70
27 34 70
27 35 89
27 36 50
27 37 95
27 38 56
27 39 90
27 40 58
27 41 66
27 42 68
27 43 40
27 44 28
27 45 68
27 46 43
27 47 58
27 48 95
27 49 22
27 50 35
27 51 45
27 52 0
27 53 96
27 54 5
27 55 40
27 56 33
27 57 46
27 58 88
27 59 53
27 60 17
27 61 56
27 62 69
27 63 52
27 64 85
27 65 49
27 66 77
27 67 74
27 68 75
27 69 76
27 70 85
27 71 23
27 72 71
27 73 17
27 74 70
27 75 99
27 76 29
27 77 35
27 78 0
27 79 83
27 80 36
27 81 46
27 82 78
27 83 7
27 84 39
27 85 27
27 86 66
27 87 90
27 88 58
27 89 4
27 90 23
27 91 76
27 92 57
27 93 44
27 94 99
27 95 91
27 96 86
27 97 47
27 98 66
27 99 53
27 100 45
28 29 97
28 30 64
28 31 93
28 32 81
28 33 97
28 34 87
28 35 22
28 36 8
28 37 99
28 38 58
28 39 75
28 40 77
28 41 26
28 42 35
28 43 85
28 44 86
28 45 25
28 46 18
28 47 14
28 48 17
28 49 37
28 50 10
28 51 96
28 52 18
28 53 66
28 54 21
28 55 4
28 56 13
28 57 47
28 58 90
28 59 15
28 60 99
28 61 17
28 62 9
28 63 68
28 64 38
28 65 83
28 66 24
28 67 57
28 68 17
28 69 56
28 70 26
28 71 4
28 72 33
28 73 79
28 74 48
28 75 49
28 76 48
28 77 28
28 78 39
28 79 63
28 80 47
28 81 15
28 82 32
28 83 3
28 84 91
28 85 81
28 86 98
28 87 43
28 88 32
28 89 67
28 90 79
28 91 51
28 92 93
28 93 24
28 94 68
28 95 40
28 96 34
28 97 71
28 98 4
28 99 1
28 100 59
29 30 14
29 31 63
29 32 57
29 33 95
29 34 13
29 35 78
29 36 18
29 37 87
29 38 58
29 39 66
29 40 85
29 41 52
29 42 50
29 43 94
29 44 8
29 45 80
29 46 93
29 47 98
29 48 11
29 49 60
29 50 92
29 51 31
29 52 49
29 53 96
29 54 78
29 55 25
29 56 90
29 57 36
29 58 47
29 59 81
29 60 75
29 61 32
29 62 45
29 63 94
29 64 3
29 65 8
29 66 20
29 67 14
29 68 41
29 69 79
29 70 64
29 71 28
29 72 5
29 73 42
29 74 82
29 75 92
29 76 69
29 77 43
29 78 54
29 79 51
29 80 69
29 81 62
29 82 62
29 83 98
29 84 21
29 85 7
29 86 53
29 87 12
29 88 74
29 89 78
29 90 35
29 91 46
29 92 40
29 93 62
29 94 93
29 95 33
29 96 61
29 97 73
29 98 94
29 99 89
29 100 95
30 31 73
30 32 22
30 33 16
30 34 16
30 35 23
30 36 8
30 37 24
30 38 13
30 39 23
30 40 95
30 41 43
30 42 12
30 43 51
30 44 90
30 45 83
30 46 91
30 47 12
30 48 49
30 49 89
30 50 73
30 51 2
30 52 12
30 53 59
30 54 49
30 55 43
30 56 70
30 57 42
30 58 12
30 59 92
30 60 21
30 61 3
30 62 95
30 63 79
30 64 12
30 65 83
30 66 96
30 67 66
30 68 34
30 69 18
30 70 77
30 71 22
30 72 23
30 73 44
30 74 62
30 75 96
30 76 67
30 77 10
30 78 82
30 79 57
30 80 47
30 81 17
30 82 43
30 83 20
30 84 38
30 85 60
30 86 62
30 87 63
30 88 7
30 89 45
30 90 51
30 91 65
30 92 16
30 93 20
30 94 84
30 95 94
30 96 70
30 97 80
30 98 58
30 99 52
30 100 79
31 32 68
31 33 82
31 34 48
31 35 47
31 36 80
31 37 41
31 38 58
31 39 56
31 40 6
31 41 9
31 42 91
31 43 99
31 44 84
31 45 7
31 46 60
31 47 72
31 48 75
31 49 53
31 50 6
31 51 11
31 52 10
31 53 62
31 54 26
31 55 64
31 56 47
31 57 55
31 58 35
31 59 24
31 60 14
31 61 98
31 62 88
31 63 31
31 64 59
31 65 5
31 66 81
31 67 39
31 68 23
31 69 12
31 70 39
31 71 95
31 72 52
31 73 81
31 74 84
31 75 45
31 76 80
31 77 96
31 78 62
31 79 35
31 80 8
31 81 77
31 82 44
31 83 8
31 84 89
31 85 26
31 86 58
31 87 10
31 88 86
31 89 29
31 90 61
31 91 73
31 92 3
31 93 28
31 94 99
31 95 70
31 96 40
31 97 79
31 98 25
31 99 42
31 100 13
32 33 87
32 34 84
32 35 87
32 36 73
32 37 34
32 38 2
32 39 57
32 40 25
32 41 99
32 42 20
32 43 82
32 44 9
32 45 28
32 46 78
32 47 20
32 48 15
32 49 88
32 50 16
32 51 71
32 52 32
32 53 69
32 54 98
32 55 16
32 56 9
32 57 62
32 58 27
32 59 51
32 60 10
32 61 78
32 62 67
32 63 69
32 64 33
32 65 1
32 66 37
32 67 65
32 68 34
32 69 96
32 70 63
32 71 94
32 72 16
32 73 1
32 74 74
32 75 47
32 76 3
32 77 37
32 78 61
32 79 5
32 80 43
32 81 86
32 82 70
32 83 69
32 84 20
32 85 65
32 86 92
32 87 55
32 88 93
32 89 60
32 90 97
32 91 92
32 92 20
32 93 16
32 94 34
32 95 90
32 96 8
32 97 93
32 98 7
32 99 62
32 100 14
33 34 64
33 35 89
33 36 45
33 37 22
33 38 87
33 39 42
33 40 86
33 41 37
33 42 28
33 43 85
33 44 24
33 45 41
33 46 91
33 47 87
33 48 85
33 49 88
33 50 7
33 51 13
33 52 21
33 53 65
33 54 29
33 55 3
33 56 50
33 57 61
33 58 31
33 59 45
33 60 65
33 61 48
33 62 3
33 63 3
33 64 87
33 65 46
33 66 60
33 67 63
33 68 78
33 69 84
33 70 19
33 71 35
33 72 54
33 73 27
33 74 64
33 75 82
33 76 72
33 77 10
33 78 28
33 79 60
33 80 28
33 81 36
33 82 85
33 83 89
33 84 6
33 85 32
33 86 95
33 87 46
33 88 68
33 89 69
33 90 95
33 91 96
33 92 74
33 93 16
33 94 67
33 95 28
33 96 44
33 97 83
33 98 13
33 99 0
33 100 73
34 35 98
34 36 24
34 37 74
34 38 73
34 39 88
34 40 40
34 41 3
34 42 55
34 43 54
34 44 33
34 45 50
34 46 93
34 47 39
34 48 31
34 49 86
34 50 40
34 51 1
34 52 32
34 53 76
34 54 16
34 55 76
34 56 25
34 57 30
34 58 71
34 59 31
34 60 99
34 61 96
34 62 36
34 63 51
34 64 96
34 65 8
34 66 54
34 67 54
34 68 47
34 69 1
34 70 77
34 71 72
34 72 23
34 73 42
34 74 31
34 75 21
34 76 48
34 77 5
34 78 11
34 79 57
34 80 7
34 81 72
34 82 50
34 83 27
34 84 98
34 85 38
34 86 69
34 87 80
34 88 73
34 89 19
34 90 42
34 91 99
34 92 82
34 93 70
34 94 89
34 95 90
34 96 65
34 97 91
34 98 59
34 99 51
34 100 13
35 36 58
35 37 43
35 38 55
35 39 70
35 40 89
35 41 82
35 42 8
35 43 91
35 44 51
35 45 62
35 46 8
35 47 32
35 48 15
35 49 16
35 50 19
35 51 7
35 52 60
35 53 46
35 54 5
35 55 19
35 56 6
35 57 23
35 58 60
35 59 51
35 60 20
35 61 98
35 62 39
35 63 90
35 64 94
35 65 53
35 66 35
35 67 3
35 68 79
35 69 97
35 70 95
35 71 78
35 72 69
35 73 66
35 74 0
35 75 17
35 76 0
35 77 77
35 78 91
35 79 4
35 80 1
35 81 80
35 82 28
35 83 28
35 84 8
35 85 10
35 86 17
35 87 77
35 88 62
35 89 63
35 90 14
35 91 13
35 92 97
35 93 5
35 94 76
35 95 33
35 96 71
35 97 6
35 98 56
35 99 44
35 100 25
36 37 50
36 38 85
36 39 20
36 40 27
36 41 78
36 42 37
36 43 35
36 44 29
36 45 74
36 46 53
36 47 0
36 48 89
36 49 17
36 50 37
36 51 1
36 52 40
36 53 96
36 54 32
36 55 63
36 56 42
36 57 57
36 58 96
36 59 80
36 60 7
36 61 78
36 62 67
36 63 61
36 64 26
36 65 73
36 66 9
36 67 46
36 68 74
36 69 91
36 70 54
36 71 40
36 72 42
36 73 75
36 74 15
36 75 4
36 76 16
36 77 2
36 78 92
36 79 1
36 80 60
36 81 12
36 82 99
36 83 38
36 84 39
36 85 98
36 86 22
36 87 7
36 88 90
36 89 99
36 90 55
36 91 73
36 92 52
36 93 13
36 94 64
36 95 96
36 96 1
36 97 75
36 98 31
36 99 60
36 100 64
37 38 75
37 39 82
37 40 77
37 41 77
37 42 68
37 43 13
37 44 58
37 45 12
37 46 75
37 47 34
37 48 27
37 49 77
37 50 13
37 51 15
37 52 83
37 53 64
37 54 31
37 55 25
37 56 49
37 57 14
37 58 34
37 59 86
37 60 5
37 61 55
37 62 89
37 63 77
37 64 8
37 65 73
37 66 63
37 67 71
37 68 73
37 69 22
37 70 28
37 71 22
37 72 2
37 73 0
37 74 58
37 75 74
37 76 74
37 77 83
37 78 6
37 79 22
37 80 50
37 81 39
37 82 67
37 83 27
37 84 16
37 85 24
37 86 40
37 87 94
37 88 35
37 89 86
37 90 69
37 91 98
37 92 72
37 93 95
37 94 9
37 95 14
37 96 32
37 97 46
37 98 99
37 99 44
37 100 40
38 39 85
38 40 10
38 41 14
38 42 57
38 43 32
38 44 59
38 45 30
38 46 67
38 47 28
38 48 42
38 49 9
38 50 77
38 51 82
38 52 76
38 53 86
38 54 52
38 55 84
38 56 34
38 57 92
38 58 83
38 59 67
38 60 68
38 61 37
38 62 52
38 63 12
38 64 9
38 65 8
38 66 53
38 67 92
38 68 43
38 69 94
38 70 74
38 71 47
38 72 60
38 73 8
38 74 83
38 75 29
38 76 30
38 77 62
38 78 22
38 79 40
38 80 59
38 81 34
38 82 5
38 83 25
38 84 63
38 85 14
38 86 9
38 87 66
38 88 9
38 89 29
38 90 18
38 91 83
38 92 79
38 93 92
38 94 74
38 95 58
38 96 25
38 97 67
38 98 12
38 99 36
38 100 68
39 40 87
39 41 58
39 42 5
39 43 56
39 44 31
39 45 16
39 46 47
39 47 88
39 48 51
39 49 95
39 50 14
39 51 95
39 52 44
39 53 5
39 54 20
39 55 53
39 56 99
39 57 22
39 58 86
39 59 33
39 60 95
39 61 78
39 62 21
39 63 66
39 64 6
39 65 72
39 66 28
39 67 34
39 68 76
39 69 31
39 70 4
39 71 58
39 72 2
39 73 97
39 74 56
39 75 17
39 76 1
39 77 49
39 78 86
39 79 77
39 80 72
39 81 56
39 82 77
39 83 11
39 84 21
39 85 37
39 86 77
39 87 7
39 88 15
39 89 52
39 90 98
39 91 9
39 92 69
39 93 56
39 94 39
39 95 16
39 96 68
39 97 34
39 98 94
39 99 57
39 100 57
40 41 92
40 42 33
40 43 87
40 44 92
40 45 56
40 46 58
40 47 89
40 48 95
40 49 97
40 50 22
40 51 34
40 52 74
40 53 94
40 54 94
40 55 1
40 56 32
40 57 50
40 58 41
40 59 35
40 60 51
40 61 59
40 62 42
40 63 81
40 64 84
40 65 23
40 66 25
40 67 6
40 68 87
40 69 83
40 70 23
40 71 18
40 72 12
40 73 10
40 74 32
40 75 31
40 76 90
40 77 19
40 78 67
40 79 68
40 80 33
40 81 4
40 82 11
40 83 39
40 84 62
40 85 34
40 86 44
40 87 19
40 88 34
40 89 65
40 90 71
40 91 71
40 92 7
40 93 1
40 94 70
40 95 69
40 96 12
40 97 80
40 98 59
40 99 32
40 100 42
41 42 37
41 43 81
41 44 17
41 45 11
41 46 1
41 47 19
41 48 56
41 49 39
41 50 77
41 51 19
41 52 67
41 53 98
41 54 93
41 55 97
41 56 9
41 57 26
41 58 17
41 59 96
41 60 99
41 61 9
41 62 19
41 63 59
41 64 76
41 65 41
41 66 95
41 67 96
41 68 3
41 69 38
41 70 55
41 71 53
41 72 41
41 73 88
41 74 87
41 75 76
41 76 56
41 77 40
41 78 1
41 79 32
41 80 2
41 81 82
41 82 10
41 83 41
41 84 91
41 85 16
41 86 90
41 87 10
41 88 73
41 89 44
41 90 87
41 91 70
41 92 44
41 93 93
41 94 13
41 95 82
41 96 8
41 97 4
41 98 59
41 99 53
41 100 91
42 43 6
42 44 88
42 45 81
42 46 33
42 47 25
42 48 85
42 49 73
42 50 74
42 51 17
42 52 2
42 53 35
42 54 77
42 55 68
42 56 26
42 57 15
42 58 34
42 59 57
42 60 59
42 61 33
42 62 53
42 63 98
42 64 77
42 65 33
42 66 86
42 67 36
42 68 81
42 69 93
42 70 72
42 71 89
42 72 79
42 73 98
42 74 5
42 75 33
42 76 60
42 77 93
42 78 82
42 79 37
42 80 34
42 81 34
42 82 31
42 83 30
42 84 84
42 85 24
42 86 56
42 87 28
42 88 46
42 89 20
42 90 79
42 91 5
42 92 15
42 93 56
42 94 82
42 95 7
42 96 49
42 97 26
42 98 18
42 99 46
42 100 90
43 44 57
43 45 59
43 46 20
43 47 35
43 48 93
43 49 7
43 50 66
43 51 92
43 52 16
43 53 77
43 54 67
43 55 69
43 56 74
43 57 78
43 58 82
43 59 45
43 60 36
43 61 25
43 62 22
43 63 23
43 64 80
43 65 0
43 66 58
43 67 99
43 68 35
43 69 54
43 70 37
43 71 31
43 72 33
43 73 34
43 74 59
43 75 97
43 76 93
43 77 70
43 78 67
43 79 47
43 80 48
43 81 82
43 82 66
43 83 32
43 84 60
43 85 94
43 86 60
43 87 83
43 88 15
43 89 22
43 90 24
43 91 52
43 92 80
43 93 99
43 94 80
43 95 21
43 96 20
43 97 40
43 98 86
43 99 82
43 100 5
44 45 35
44 46 31
44 47 19
44 48 42
44 49 80
44 50 21
44 51 30
44 52 71
44 53 12
44 54 88
44 55 59
44 56 37
44 57 62
44 58 51
44 59 2
44 60 47
44 61 26
44 62 25
44 63 68
44 64 80
44 65 78
44 66 25
44 67 89
44 68 19
44 69 63
44 70 88
44 71 23
44 72 86
44 73 66
44 74 20
44 75 43
44 76 96
44 77 69
44 78 70
44 79 90
44 80 42
44 81 10
44 82 42
44 83 44
44 84 11
44 85 47
44 86 71
44 87 93
44 88 45
44 89 21
44 90 9
44 91 40
44 92 87
44 93 29
44 94 7
44 95 13
44 96 56
44 97 52
44 98 17
44 99 92
44 100 90
45 46 32
45 47 98
45 48 21
45 49 59
45 50 8
45 51 11
45 52 71
45 53 54
45 54 94
45 55 82
45 56 41
45 57 6
45 58 7
45 59 67
45 60 6
45 61 5
45 62 10
45 63 94
45 64 94
45 65 33
45 66 96
45 67 48
45 68 31
45 69 30
45 70 59
45 71 90
45 72 96
45 73 33
45 74 87
45 75 85
45 76 75
45 77 35
45 78 5
45 79 97
45 80 66
45 81 48
45 82 17
45 83 81
45 84 62
45 85 32
45 86 92
45 87 28
45 88 56
45 89 28
45 90 63
45 91 15
45 92 22
45 93 15
45 94 92
45 95 27
45 96 65
45 97 48
45 98 83
45 99 80
45 100 57
46 47 36
46 48 45
46 49 1
46 50 55
46 51 79
46 52 5
46 53 90
46 54 82
46 55 63
46 56 84
46 57 0
46 58 36
46 59 74
46 60 37
46 61 80
46 62 93
46 63 25
46 64 26
46 65 24
46 66 19
46 67 24
46 68 45
46 69 29
46 70 5
46 71 27
46 72 35
46 73 6
46 74 7
46 75 90
46 76 20
46 77 75
46 78 12
46 79 58
46 80 97
46 81 20
46 82 48
46 83 91
46 84 81
46 85 33
46 86 80
46 87 13
46 88 7
46 89 26
46 90 10
46 91 9
46 92 45
46 93 28
46 94 71
46 95 76
46 96 74
46 97 97
46 98 42
46 99 9
46 100 2
47 48 94
47 49 50
47 50 79
47 51 79
47 52 53
47 53 48
47 54 97
47 55 15
47 56 54
47 57 88
47 58 80
47 59 96
47 60 11
47 61 10
47 62 81
47 63 88
47 64 28
47 65 16
47 66 17
47 67 87
47 68 7
47 69 26
47 70 22
47 71 40
47 72 73
47 73 70
47 74 85
47 75 82
47 76 10
47 77 39
47 78 91
47 79 44
47 80 21
47 81 82
47 82 41
47 83 95
47 84 51
47 85 20
47 86 84
47 87 12
47 88 73
47 89 26
47 90 47
47 91 55
47 92 1
47 93 71
47 94 30
47 95 47
47 96 68
47 97 97
47 98 7
47 99 3
47 100 50
48 49 10
48 50 60
48 51 37
48 52 65
48 53 13
48 54 51
48 55 44
48 56 95
48 57 85
48 58 69
48 59 46
48 60 50
48 61 69
48 62 15
48 63 12
48 64 55
48 65 57
48 66 20
48 67 58
48 68 50
48 69 67
48 70 39
48 71 69
48 72 90
48 73 67
48 74 2
48 75 14
48 76 36
48 77 54
48 78 51
48 79 7
48 80 94
48 81 63
48 82 76
48 83 60
48 84 30
48 85 53
48 86 26
48 87 48
48 88 66
48 89 41
48 90 92
48 91 75
48 92 22
48 93 19
48 94 91
48 95 59
48 96 5
48 97 45
48 98 1
48 99 84
48 100 49
49 50 11
49 51 13
49 52 48
49 53 42
49 54 19
49 55 76
49 56 56
49 57 24
49 58 50
49 59 84
49 60 4
49 61 76
49 62 6
49 63 93
49 64 41
49 65 85
49 66 23
49 67 76
49 68 56
49 69 82
49 70 71
49 71 40
49 72 18
49 73 77
49 74 57
49 75 62
49 76 82
49 77 82
49 78 57
49 79 13
49 80 71
49 81 46
49 82 8
49 83 64
49 84 39
49 85 46
49 86 14
49 87 56
49 88 24
49 89 62
49 90 21
49 91 78
49 92 61
49 93 4
49 94 39
49 95 79
49 96 39
49 97 48
49 98 97
49 99 74
49 100 12
50 51 86
50 52 59
50 53 83
50 54 49
50 55 53
50 56 2
50 57 21
50 58 17
50 59 47
50 60 30
50 61 86
50 62 95
50 63 59
50 64 7
50 65 25
50 66 35
50 67 96
50 68 75
50 69 65
50 70 6
50 71 24
50 72 69
50 73 67
50 74 30
50 75 24
50 76 15
50 77 76
50 78 15
50 79 28
50 80 2
50 81 53
50 82 26
50 83 73
50 84 78
50 85 60
50 86 52
50 87 15
50 88 3
50 89 44
50 90 8
50 91 8
50 92 85
50 93 0
50 94 73
50 95 88
50 96 2
50 97 59
50 98 96
50 99 49
50 100 67
51 52 63
51 53 15
51 54 31
51 55 84
51 56 13
51 57 83
51 58 93
51 59 96
51 60 55
51 61 24
51 62 71
51 63 48
51 64 10
51 65 32
51 66 12
51 67 37
51 68 62
51 69 53
51 70 72
51 71 42
51 72 77
51 73 94
51 74 3
51 75 47
51 76 82
51 77 33
51 78 62
51 79 73
51 80 62
51 81 54
51 82 7
51 83 32
51 84 38
51 85 2
51 86 16
51 87 64
51 88 3
51 89 75
51 90 8
51 91 34
51 92 60
51 93 78
51 94 55
51 95 8
51 96 28
51 97 26
51 98 7
51 99 92
51 100 47
52 53 94
52 54 70
52 55 54
52 56 20
52 57 49
52 58 25
52 59 0
52 60 32
52 61 69
52 62 96
52 63 45
52 64 93
52 65 37
52 66 25
52 67 92
52 68 0
52 69 33
52 70 91
52 71 31
52 72 39
52 73 78
52 74 36
52 75 65
52 76 72
52 77 36
52 78 36
52 79 61
52 80 28
52 81 75
52 82 16
52 83 89
52 84 85
52 85 76
52 86 7
52 87 46
52 88 5
52 89 47
52 90 45
52 91 26
52 92 54
52 93 90
52 94 8
52 95 79
52 96 61
52 97 72
52 98 54
52 99 18
52 100 22
53 54 58
53 55 10
53 56 29
53 57 32
53 58 60
53 59 94
53 60 72
53 61 95
53 62 33
53 63 61
53 64 45
53 65 49
53 66 63
53 67 98
53 68 12
53 69 97
53 70 56
53 71 43
53 72 86
53 73 78
53 74 63
53 75 23
53 76 38
53 77 67
53 78 75
53 79 92
53 80 29
53 81 23
53 82 18
53 83 38
53 84 5
53 85 48
53 86 2
53 87 31
53 88 3
53 89 2
53 90 20
53 91 67
53 92 44
53 93 20
53 94 86
53 95 13
53 96 92
53 97 86
53 98 16
53 99 76
53 100 4
54 55 43
54 56 94
54 57 34
54 58 66
54 59 95
54 60 51
54 61 13
54 62 80
54 63 31
54 64 96
54 65 56
54 66 74
54 67 86
54 68 53
54 69 14
54 70 85
54 71 9
54 72 86
54 73 97
54 74 46
54 75 8
54 76 48
54 77 78
54 78 6
54 79 40
54 80 12
54 81 82
54 82 65
54 83 37
54 84 25
54 85 50
54 86 4
54 87 13
54 88 36
54 89 39
54 90 20
54 91 31
54 92 79
54 93 52
54 94 46
54 95 83
54 96 0
54 97 39
54 98 37
54 99 45
54 100 32
55 56 58
55 57 43
55 58 9
55 59 47
55 60 49
55 61 43
55 62 42
55 63 78
55 64 13
55 65 26
55 66 71
55 67 53
55 68 31
55 69 36
55 70 53
55 71 77
55 72 34
55 73 14
55 74 86
55 75 97
55 76 42
55 77 18
55 78 60
55 79 51
55 80 44
55 81 39
55 82 8
55 83 62
55 84 65
55 85 46
55 86 25
55 87 97
55 88 50
55 89 70
55 90 75
55 91 97
55 92 53
55 93 49
55 94 41
55 95 34
55 96 11
55 97 21
55 98 5
55 99 46
55 100 35
56 57 95
56 58 43
56 59 94
56 60 41
56 61 69
56 62 6
56 63 99
56 64 98
56 65 8
56 66 16
56 67 13
56 68 15
56 69 16
56 70 19
56 71 59
56 72 11
56 73 29
56 74 18
56 75 23
56 76 52
56 77 91
56 78 71
56 79 65
56 80 21
56 81 49
56 82 85
56 83 77
56 84 14
56 85 30
56 86 34
56 87 64
56 88 56
56 89 89
56 90 51
56 91 12
56 92 9
56 93 84
56 94 61
56 95 72
56 96 4
56 97 16
56 98 46
56 99 67
56 100 24
57 58 68
57 59 11
57 60 48
57 61 33
57 62 29
57 63 76
57 64 60
57 65 39
57 66 92
57 67 59
57 68 84
57 69 5
57 70 77
57 71 67
57 72 65
57 73 7
57 74 96
57 75 4
57 76 39
57 77 48
57 78 81
57 79 89
57 80 72
57 81 45
57 82 88
57 83 8
57 84 95
57 85 19
57 86 86
57 87 18
57 88 44
57 89 5
57 90 94
57 91 65
57 92 62
57 93 37
57 94 22
57 95 20
57 96 32
57 97 40
57 98 23
57 99 86
57 100 66
58 59 17
58 60 70
58 61 20
58 62 12
58 63 62
58 64 36
58 65 97
58 66 28
58 67 75
58 68 24
58 69 39
58 70 61
58 71 2
58 72 56
58 73 72
58 74 45
58 75 81
58 76 92
58 77 58
58 78 88
58 79 5
58 80 85
58 81 19
58 82 77
58 83 86
58 84 48
58 85 66
58 86 80
58 87 84
58 88 36
58 89 0
58 90 35
58 91 16
58 92 49
58 93 26
58 94 2
58 95 45
58 96 15
58 97 18
58 98 99
58 99 65
58 100 48
59 60 53
59 61 53
59 62 18
59 63 1
59 64 61
59 65 83
59 66 52
59 67 41
59 68 21
59 69 40
59 70 68
59 71 15
59 72 96
59 73 58
59 74 69
59 75 28
59 76 4
59 77 54
59 78 50
59 79 99
59 80 54
59 81 53
59 82 11
59 83 6
59 84 22
59 85 74
59 86 79
59 87 34
59 88 36
59 89 13
59 90 84
59 91 47
59 92 46
59 93 34
59 94 31
59 95 30
59 96 45
59 97 28
59 98 36
59 99 69
59 100 43
60 61 64
60 62 51
60 63 68
60 64 25
60 65 26
60 66 99
60 67 8
60 68 29
60 69 42
60 70 39
60 71 40
60 72 55
60 73 99
60 74 72
60 75 26
60 76 29
60 77 47
60 78 24
60 79 30
60 80 61
60 81 28
60 82 28
60 83 17
60 84 5
60 85 82
60 86 69
60 87 76
60 88 98
60 89 65
60 90 23
60 91 91
60 92 34
60 93 60
60 94 27
60 95 76
60 96 62
60 97 53
60 98 62
60 99 35
60 100 83
61 62 54
61 63 91
61 64 22
61 65 7
61 66 32
61 67 57
61 68 1
61 69 3
61 70 60
61 71 5
61 72 61
61 73 82
61 74 4
61 75 32
61 76 77
61 77 21
61 78 51
61 79 52
61 80 47
61 81 30
61 82 89
61 83 78
61 84 40
61 85 81
61 86 89
61 87 16
61 88 71
61 89 70
61 90 31
61 91 48
61 92 38
61 93 31
61 94 88
61 95 68
61 96 51
61 97 75
61 98 24
61 99 64
61 100 55
62 63 16
62 64 75
62 65 11
62 66 1
62 67 38
62 68 97
62 69 28
62 70 62
62 71 61
62 72 95
62 73 83
62 74 54
62 75 85
62 76 95
62 77 65
62 78 16
62 79 46
62 80 99
62 81 71
62 82 60
62 83 88
62 84 89
62 85 10
62 86 6
62 87 49
62 88 33
62 89 90
62 90 46
62 91 57
62 92 53
62 93 96
62 94 92
62 95 28
62 96 88
62 97 52
62 98 18
62 99 28
62 100 47
63 64 94
63 65 95
63 66 91
63 67 35
63 68 50
63 69 93
63 70 70
63 71 77
63 72 6
63 73 44
63 74 18
63 75 77
63 76 47
63 77 20
63 78 75
63 79 84
63 80 53
63 81 90
63 82 83
63 83 12
63 84 77
63 85 52
63 86 75
63 87 95
63 88 50
63 89 23
63 90 91
63 91 63
63 92 50
63 93 14
63 94 60
63 95 80
63 96 52
63 97 16
63 98 22
63 99 3
63 100 33
64 65 26
64 66 67
64 67 63
64 68 88
64 69 53
64 70 99
64 71 58
64 72 35
64 73 51
64 74 5
64 75 34
64 76 20
64 77 99
64 78 60
64 79 38
64 80 49
64 81 48
64 82 47
64 83 19
64 84 86
64 85 82
64 86 47
64 87 81
64 88 3
64 89 32
64 90 25
64 91 76
64 92 24
64 93 24
64 94 32
64 95 18
64 96 66
64 97 14
64 98 23
64 99 17
64 100 45
65 66 34
65 67 63
65 68 51
65 69 97
65 70 61
65 71 15
65 72 91
65 73 2
65 74 52
65 75 8
65 76 24
65 77 27
65 78 6
65 79 75
65 80 84
65 81 85
65 82 29
65 83 24
65 84 78
65 85 61
65 86 70
65 87 26
65 88 70
65 89 76
65 90 81
65 91 62
65 92 48
65 93 64
65 94 89
65 95 18
65 96 27
65 97 25
65 98 48
65 99 81
65 100 44
66 67 83
66 68 63
66 69 10
66 70 79
66 71 73
66 72 80
66 73 57
66 74 25
66 75 23
66 76 33
66 77 13
66 78 88
66 79 38
66 80 95
66 81 10
66 82 12
66 83 44
66 84 22
66 85 73
66 86 18
66 87 87
66 88 87
66 89 79
66 90 20
66 91 64
66 92 36
66 93 6
66 94 66
66 95 0
66 96 82
66 97 47
66 98 50
66 99 62
66 100 89
67 68 91
67 69 57
67 70 18
67 71 15
67 72 46
67 73 3
67 74 10
67 75 7
67 76 65
67 77 93
67 78 64
67 79 33
67 80 84
67 81 54
67 82 71
67 83 48
67 84 48
67 85 78
67 86 42
67 87 36
67 88 3
67 89 96
67 90 30
67 91 17
67 92 48
67 93 52
67 94 52
67 95 69
67 96 67
67 97 84
67 98 4
67 99 56
67 100 20
68 69 57
68 70 17
68 71 65
68 72 18
68 73 44
68 74 5
68 75 35
68 76 92
68 77 64
68 78 57
68 79 85
68 80 46
68 81 10
68 82 48
68 83 27
68 84 54
68 85 22
68 86 57
68 87 35
68 88 41
68 89 63
68 90 95
68 91 9
68 92 76
68 93 23
68 94 80
68 95 75
68 96 39
68 97 74
68 98 33
68 99 36
68 100 37
69 70 98
69 71 21
69 72 17
69 73 95
69 74 67
69 75 66
69 76 37
69 77 62
69 78 20
69 79 33
69 80 1
69 81 41
69 82 72
69 83 70
69 84 29
69 85 20
69 86 49
69 87 93
69 88 38
69 89 47
69 90 0
69 91 45
69 92 90
69 93 81
69 94 29
69 95 92
69 96 87
69 97 2
69 98 7
69 99 4
69 100 75
70 71 70
70 72 8
70 73 9
70 74 13
70 75 29
70 76 51
70 77 70
70 78 80
70 79 50
70 80 62
70 81 27
70 82 93
70 83 19
70 84 21
70 85 7
70 86 56
70 87 98
70 88 66
70 89 46
70 90 48
70 91 93
70 92 33
70 93 27
70 94 22
70 95 21
70 96 12
70 97 1
70 98 86
70 99 7
70 100 21
71 72 69
71 73 32
71 74 20
71 75 7
71 76 81
71 77 27
71 78 62
71 79 32
71 80 93
71 81 84
71 82 90
71 83 31
71 84 91
71 85 8
71 86 61
71 87 78
71 88 29
71 89 42
71 90 2
71 91 44
71 92 32
71 93 15
71 94 65
71 95 29
71 96 93
71 97 67
71 98 0
71 99 12
71 100 0
72 73 31
72 74 23
72 75 15
72 76 15
72 77 65
72 78 29
72 79 83
72 80 59
72 81 50
72 82 5
72 83 59
72 84 72
72 85 13
72 86 22
72 87 21
72 88 36
72 89 63
72 90 20
72 91 52
72 92 26
72 93 71
72 94 64
72 95 78
72 96 60
72 97 24
72 98 88
72 99 49
72 100 42
73 74 9
73 75 31
73 76 47
73 77 79
73 78 46
73 79 34
73 80 76
73 81 21
73 82 36
73 83 96
73 84 97
73 85 6
73 86 74
73 87 35
73 88 24
73 89 3
73 90 75
73 91 10
73 92 8
73 93 89
73 94 92
73 95 23
73 96 48
73 97 84
73 98 84
73 99 98
73 100 11
74 75 29
74 76 60
74 77 19
74 78 98
74 79 10
74 80 46
74 81 83
74 82 68
74 83 28
74 84 40
74 85 97
74 86 48
74 87 45
74 88 38
74 89 71
74 90 63
74 91 41
74 92 8
74 93 35
74 94 68
74 95 92
74 96 91
74 97 59
74 98 45
74 99 93
74 100 35
75 76 29
75 77 92
75 78 54
75 79 70
75 80 9
75 81 96
75 82 64
75 83 90
75 84 16
75 85 59
75 86 5
75 87 22
75 88 8
75 89 46
75 90 90
75 91 42
75 92 71
75 93 27
75 94 22
75 95 85
75 96 45
75 97 33
75 98 15
75 99 9
75 100 64
76 77 99
76 78 53
76 79 33
76 80 47
76 81 87
76 82 50
76 83 80
76 84 22
76 85 43
76 86 43
76 87 45
76 88 16
76 89 19
76 90 43
76 91 13
76 92 18
76 93 29
76 94 37
76 95 92
76 96 49
76 97 2
76 98 88
76 99 33
76 100 82
77 78 11
77 79 87
77 80 41
77 81 7
77 82 59
77 83 9
77 84 96
77 85 44
77 86 79
77 87 62
77 88 74
77 89 23
77 90 75
77 91 91
77 92 14
77 93 68
77 94 85
77 95 28
77 96 55
77 97 54
77 98 71
77 99 69
77 100 57
78 79 60
78 80 53
78 81 97
78 82 91
78 83 27
78 84 51
78 85 47
78 86 10
78 87 26
78 88 28
78 89 79
78 90 62
78 91 31
78 92 85
78 93 51
78 94 11
78 95 72
78 96 62
78 97 44
78 98 34
78 99 16
78 100 58
79 80 26
79 81 90
79 82 82
79 83 38
79 84 22
79 85 66
79 86 0
79 87 9
79 88 2
79 89 15
79 90 28
79 91 44
79 92 30
79 93 12
79 94 9
79 95 59
79 96 87
79 97 54
79 98 93
79 99 93
79 100 0
80 81 19
80 82 26
80 83 1
80 84 86
80 85 80
80 86 85
80 87 75
80 88 31
80 89 26
80 90 4
80 91 78
80 92 14
80 93 51
80 94 67
80 95 9
80 96 7
80 97 73
80 98 98
80 99 64
80 100 53
81 82 30
81 83 31
81 84 21
81 85 81
81 86 91
81 87 82
81 88 64
81 89 60
81 90 45
81 91 60
81 92 74
81 93 71
81 94 65
81 95 11
81 96 28
81 97 53
81 98 18
81 99 51
81 100 13
82 83 63
82 84 36
82 85 79
82 86 24
82 87 95
82 88 29
82 89 77
82 90 56
82 91 1
82 92 25
82 93 17
82 94 56
82 95 78
82 96 16
82 97 47
82 98 58
82 99 19
82 100 73
83 84 70
83 85 13
83 86 18
83 87 69
83 88 79
83 89 7
83 90 76
83 91 76
83 92 65
83 93 14
83 94 98
83 95 94
83 96 10
83 97 19
83 98 26
83 99 3
83 100 48
84 85 49
84 86 68
84 87 13
84 88 94
84 89 50
84 90 53
84 91 10
84 92 69
84 93 24
84 94 15
84 95 53
84 96 81
84 97 93
84 98 9
84 99 24
84 100 0
85 86 89
85 87 31
85 88 44
85 89 77
85 90 51
85 91 10
85 92 38
85 93 89
85 94 7
85 95 89
85 96 3
85 97 85
85 98 39
85 99 15
85 100 31
86 87 91
86 88 85
86 89 54
86 90 65
86 91 70
86 92 75
86 93 13
86 94 39
86 95 33
86 96 59
86 97 47
86 98 6
86 99 1
86 100 52
87 88 25
87 89 94
87 90 91
87 91 86
87 92 27
87 93 31
87 94 47
87 95 12
87 96 36
87 97 80
87 98 72
87 99 89
87 100 75
88 89 6
88 90 39
88 91 88
88 92 99
88 93 23
88 94 63
88 95 78
88 96 87
88 97 41
88 98 1
88 99 59
88 100 19
89 90 67
89 91 84
89 92 89
89 93 99
89 94 12
89 95 37
89 96 44
89 97 35
89 98 94
89 99 68
89 100 41
90 91 25
90 92 9
90 93 14
90 94 94
90 95 11
90 96 62
90 97 81
90 98 53
90 99 15
90 100 50
91 92 75
91 93 44
91 94 97
91 95 91
91 96 33
91 97 13
91 98 21
91 99 75
91 100 61
92 93 32
92 94 54
92 95 62
92 96 75
92 97 20
92 98 32
92 99 34
92 100 64
93 94 56
93 95 56
93 96 67
93 97 75
93 98 89
93 99 64
93 100 25
94 95 57
94 96 43
94 97 4
94 98 22
94 99 75
94 100 73
95 96 56
95 97 59
95 98 12
95 99 39
95 100 67
96 97 32
96 98 24
96 99 6
96 100 61
97 98 1
97 99 27
97 100 77
98 99 37
98 100 39
99 100 0
