60 1770
1 2 56
1 3 48
1 4 7
1 5 48
1 6 19
1 7 15
1 8 37
1 9 32
1 10 21
1 11 56
1 12 43
1 13 32
1 14 39
1 15 30
1 16 36
1 17 31
1 18 22
1 19 19
1 20 34
1 21 21
1 22 17
1 23 59
1 24 17
1 25 53
1 26 55
1 27 0
1 28 21
1 29 55
1 30 43
1 31 46
1 32 31
1 33 38
1 34 43
1 35 6
1 36 50
1 37 33
1 38 32
1 39 22
1 40 25
1 41 48
1 42 14
1 43 25
1 44 49
1 45 1
1 46 2
1 47 9
1 48 16
1 49 7
1 50 52
1 51 49
1 52 23
1 53 0
1 54 25
1 55 17
1 56 57
1 57 8
1 58 11
1 59 26
1 60 15
2 3 50
2 4 42
2 5 38
2 6 56
2 7 39
2 8 21
2 9 7
2 10 53
2 11 10
2 12 12
2 13 34
2 14 0
2 15 6
2 16 57
2 17 49
2 18 13
2 19 2
2 20 52
2 21 20
2 22 54
2 23 31
2 24 31
2 25 45
2 26 59
2 27 12
2 28 4
2 29 11
2 30 3
2 31 12
2 32 23
2 33 23
2 34 20
2 35 17
2 36 32
2 37 32
2 38 26
2 39 24
2 40 18
2 41 46
2 42 32
2 43 42
2 44 12
2 45 9
2 46 27
2 47 12
2 48 42
2 49 18
2 50 4
2 51 24
2 52 15
2 53 24
2 54 44
2 55 31
2 56 44
2 57 43
2 58 46
2 59 3
2 60 45
3 4 59
3 5 27
3 6 53
3 7 25
3 8 30
3 9 52
3 10 45
3 11 49
3 12 46
3 13 2
3 14 39
3 15 50
3 16 53
3 17 24
3 18 45
3 19 22
3 20 32
3 21 38
3 22 22
3 23 28
3 24 11
3 25 28
3 26 48
3 27 21
3 28 48
3 29 1
3 30 18
3 31 51
3 32 29
3 33 36
3 34 28
3 35 14
3 36 20
3 37 24
3 38 45
3 39 36
3 40 0
3 41 49
3 42 9
3 43 7
3 44 29
3 45 13
3 46 19
3 47 30
3 48 31
3 49 38
3 50 53
3 51 34
3 52 40
3 53 42
3 54 19
3 55 59
3 56 39
3 57 11
3 58 36
3 59 38
3 60 38
4 5 32
4 6 30
4 7 52
4 8 10
4 9 18
4 10 16
4 11 55
4 12 58
4 13 38
4 14 1
4 15 48
4 16 21
4 17 25
4 18 50
4 19 46
4 20 59
4 21 25
4 22 52
4 23 22
4 24 48
4 25 44
4 26 51
4 27 17
4 28 17
4 29 54
4 30 56
4 31 27
4 32 12
4 33 52
4 34 52
4 35 9
4 36 18
4 37 41
4 38 12
4 39 52
4 40 25
4 41 34
4 42 2
4 43 18
4 44 38
4 45 39
4 46 38
4 47 38
4 48 35
4 49 33
4 50 23
4 51 59
4 52 39
4 53 31
4 54 5
4 55 11
4 56 52
4 57 41
4 58 48
4 59 18
4 60 26
5 6 2
5 7 4
5 8 39
5 9 54
5 10 52
5 11 54
5 12 19
5 13 23
5 14 21
5 15 51
5 16 24
5 17 43
5 18 17
5 19 31
5 20 47
5 21 5
5 22 1
5 23 5
5 24 32
5 25 34
5 26 52
5 27 58
5 28 0
5 29 30
5 30 46
5 31 51
5 32 41
5 33 19
5 34 31
5 35 31
5 36 36
5 37 3
5 38 15
5 39 8
5 40 19
5 41 3
5 42 46
5 43 40
5 44 53
5 45 36
5 46 50
5 47 27
5 48 54
5 49 11
5 50 7
5 51 34
5 52 53
5 53 5
5 54 28
5 55 5
5 56 57
5 57 11
5 58 41
5 59 48
5 60 4
6 7 19
6 8 57
6 9 20
6 10 4
6 11 4
6 12 48
6 13 24
6 14 30
6 15 42
6 16 57
6 17 43
6 18 36
6 19 12
6 20 11
6 21 42
6 22 12
6 23 15
6 24 15
6 25 33
6 26 44
6 27 8
6 28 20
6 29 11
6 30 37
6 31 46
6 32 29
6 33 50
6 34 56
6 35 18
6 36 3
6 37 46
6 38 50
6 39 38
6 40 42
6 41 40
6 42 35
6 43 53
6 44 6
6 45 15
6 46 15
6 47 45
6 48 46
6 49 6
6 50 33
6 51 23
6 52 5
6 53 34
6 54 53
6 55 27
6 56 51
6 57 39
6 58 20
6 59 59
6 60 11
7 8 31
7 9 48
7 10 30
7 11 0
7 12 16
7 13 42
7 14 38
7 15 2
7 16 29
7 17 28
7 18 20
7 19 50
7 20 10
7 21 35
7 22 18
7 23 12
7 24 47
7 25 29
7 26 41
7 27 20
7 28 38
7 29 44
7 30 7
7 31 15
7 32 14
7 33 26
7 34 51
7 35 11
7 36 51
7 37 59
7 38 37
7 39 17
7 40 24
7 41 20
7 42 49
7 43 55
7 44 49
7 45 56
7 46 59
7 47 42
7 48 39
7 49 11
7 50 48
7 51 14
7 52 26
7 53 13
7 54 15
7 55 1
7 56 27
7 57 43
7 58 26
7 59 36
7 60 19
8 9 58
8 10 11
8 11 15
8 12 59
8 13 27
8 14 2
8 15 21
8 16 10
8 17 14
8 18 6
8 19 29
8 20 56
8 21 29
8 22 41
8 23 18
8 24 39
8 25 56
8 26 26
8 27 57
8 28 24
8 29 35
8 30 11
8 31 56
8 32 56
8 33 3
8 34 43
8 35 46
8 36 32
8 37 23
8 38 19
8 39 49
8 40 56
8 41 37
8 42 46
8 43 12
8 44 28
8 45 43
8 46 59
8 47 42
8 48 23
8 49 44
8 50 17
8 51 12
8 52 21
8 53 49
8 54 18
8 55 54
8 56 22
8 57 24
8 58 20
8 59 59
8 60 54
9 10 28
9 11 11
9 12 34
9 13 10
9 14 39
9 15 57
9 16 13
9 17 26
9 18 52
9 19 35
9 20 30
9 21 4
9 22 47
9 23 48
9 24 36
9 25 26
9 26 6
9 27 39
9 28 52
9 29 24
9 30 2
9 31 1
9 32 8
9 33 30
9 34 5
9 35 27
9 36 12
9 37 43
9 38 25
9 39 21
9 40 1
9 41 36
9 42 6
9 43 29
9 44 19
9 45 46
9 46 54
9 47 11
9 48 22
9 49 38
9 50 8
9 51 49
9 52 22
9 53 1
9 54 4
9 55 40
9 56 27
9 57 38
9 58 0
9 59 6
9 60 58
10 11 30
10 12 46
10 13 52
10 14 3
10 15 16
10 16 43
10 17 15
10 18 40
10 19 23
10 20 32
10 21 31
10 22 52
10 23 38
10 24 15
10 25 52
10 26 40
10 27 18
10 28 47
10 29 5
10 30 49
10 31 37
10 32 51
10 33 11
10 34 36
10 35 33
10 36 31
10 37 18
10 38 1
10 39 30
10 40 24
10 41 31
10 42 29
10 43 51
10 44 30
10 45 53
10 46 20
10 47 51
10 48 47
10 49 53
10 50 45
10 51 43
10 52 14
10 53 25
10 54 48
10 55 21
10 56 21
10 57 50
10 58 57
10 59 29
10 60 33
11 12 39
11 13 4
11 14 29
11 15 51
11 16 17
11 17 5
11 18 3
11 19 53
11 20 21
11 21 20
11 22 11
11 23 29
11 24 18
11 25 7
11 26 38
11 27 28
11 28 0
11 29 55
11 30 18
11 31 39
11 32 43
11 33 49
11 34 57
11 35 0
11 36 18
11 37 31
11 38 14
11 39 0
11 40 6
11 41 32
11 42 4
11 43 7
11 44 5
11 45 59
11 46 46
11 47 26
11 48 34
11 49 5
11 50 57
11 51 1
11 52 11
11 53 53
11 54 20
11 55 13
11 56 42
11 57 43
11 58 28
11 59 59
11 60 59
12 13 56
12 14 57
12 15 40
12 16 49
12 17 12
12 18 12
12 19 31
12 20 35
12 21 30
12 22 30
12 23 56
12 24 7
12 25 55
12 26 38
12 27 47
12 28 0
12 29 51
12 30 51
12 31 58
12 32 38
12 33 7
12 34 50
12 35 30
12 36 54
12 37 46
12 38 29
12 39 27
12 40 57
12 41 20
12 42 21
12 43 53
12 44 15
12 45 6
12 46 42
12 47 41
12 48 55
12 49 34
12 50 7
12 51 43
12 52 44
12 53 19
12 54 50
12 55 23
12 56 3
12 57 42
12 58 16
12 59 1
12 60 6
13 14 5
13 15 37
13 16 44
13 17 3
13 18 15
13 19 10
13 20 32
13 21 3
13 22 26
13 23 47
13 24 50
13 25 0
13 26 15
13 27 26
13 28 39
13 29 4
13 30 43
13 31 8
13 32 45
13 33 54
13 34 32
13 35 42
13 36 50
13 37 21
13 38 28
13 39 49
13 40 29
13 41 17
13 42 55
13 43 58
13 44 14
13 45 20
13 46 25
13 47 48
13 48 56
13 49 54
13 50 26
13 51 56
13 52 29
13 53 1
13 54 37
13 55 26
13 56 52
13 57 38
13 58 12
13 59 40
13 60 3
14 15 2
14 16 59
14 17 50
14 18 34
14 19 29
14 20 30
14 21 24
14 22 41
14 23 43
14 24 47
14 25 43
14 26 59
14 27 56
14 28 29
14 29 25
14 30 18
14 31 26
14 32 29
14 33 47
14 34 50
14 35 1
14 36 19
14 37 13
14 38 36
14 39 13
14 40 47
14 41 1
14 42 59
14 43 20
14 44 47
14 45 9
14 46 51
14 47 26
14 48 36
14 49 55
14 50 26
14 51 17
14 52 7
14 53 23
14 54 9
14 55 54
14 56 35
14 57 9
14 58 0
14 59 17
14 60 14
15 16 38
15 17 59
15 18 28
15 19 46
15 20 23
15 21 39
15 22 31
15 23 37
15 24 5
15 25 48
15 26 50
15 27 57
15 28 30
15 29 29
15 30 55
15 31 28
15 32 57
15 33 43
15 34 31
15 35 2
15 36 49
15 37 6
15 38 49
15 39 59
15 40 28
15 41 43
15 42 30
15 43 45
15 44 52
15 45 7
15 46 5
15 47 34
15 48 0
15 49 6
15 50 26
15 51 38
15 52 25
15 53 28
15 54 31
15 55 24
15 56 2
15 57 49
15 58 59
15 59 0
15 60 5
16 17 59
16 18 55
16 19 1
16 20 1
16 21 38
16 22 9
16 23 47
16 24 34
16 25 30
16 26 13
16 27 46
16 28 15
16 29 39
16 30 36
16 31 35
16 32 49
16 33 39
16 34 40
16 35 10
16 36 1
16 37 11
16 38 37
16 39 41
16 40 21
16 41 23
16 42 28
16 43 8
16 44 41
16 45 54
16 46 14
16 47 18
16 48 43
16 49 44
16 50 58
16 51 16
16 52 4
16 53 50
16 54 13
16 55 31
16 56 58
16 57 52
16 58 44
16 59 48
16 60 33
17 18 58
17 19 0
17 20 1
17 21 6
17 22 56
17 23 59
17 24 9
17 25 47
17 26 28
17 27 2
17 28 0
17 29 32
17 30 10
17 31 39
17 32 20
17 33 11
17 34 23
17 35 41
17 36 55
17 37 41
17 38 53
17 39 17
17 40 12
17 41 43
17 42 47
17 43 50
17 44 47
17 45 56
17 46 12
17 47 19
17 48 37
17 49 39
17 50 51
17 51 39
17 52 22
17 53 36
17 54 33
17 55 19
17 56 35
17 57 44
17 58 25
17 59 51
17 60 42
18 19 8
18 20 1
18 21 18
18 22 6
18 23 15
18 24 1
18 25 54
18 26 30
18 27 4
18 28 34
18 29 8
18 30 14
18 31 44
18 32 6
18 33 3
18 34 17
18 35 47
18 36 44
18 37 23
18 38 2
18 39 29
18 40 31
18 41 6
18 42 42
18 43 58
18 44 22
18 45 16
18 46 18
18 47 4
18 48 8
18 49 16
18 50 29
18 51 55
18 52 4
18 53 20
18 54 34
18 55 34
18 56 31
18 57 41
18 58 17
18 59 8
18 60 4
19 20 0
19 21 39
19 22 35
19 23 23
19 24 45
19 25 18
19 26 47
19 27 29
19 28 19
19 29 31
19 30 57
19 31 15
19 32 33
19 33 31
19 34 25
19 35 29
19 36 21
19 37 42
19 38 8
19 39 22
19 40 22
19 41 29
19 42 4
19 43 24
19 44 31
19 45 1
19 46 10
19 47 36
19 48 39
19 49 50
19 50 26
19 51 42
19 52 8
19 53 17
19 54 56
19 55 0
19 56 46
19 57 19
19 58 31
19 59 9
19 60 52
20 21 12
20 22 39
20 23 8
20 24 32
20 25 59
20 26 10
20 27 55
20 28 30
20 29 9
20 30 41
20 31 33
20 32 37
20 33 5
20 34 6
20 35 41
20 36 3
20 37 16
20 38 35
20 39 55
20 40 50
20 41 10
20 42 23
20 43 15
20 44 20
20 45 26
20 46 34
20 47 27
20 48 51
20 49 51
20 50 55
20 51 20
20 52 39
20 53 7
20 54 0
20 55 58
20 56 53
20 57 30
20 58 54
20 59 12
20 60 53
21 22 39
21 23 37
21 24 54
21 25 5
21 26 13
21 27 7
21 28 43
21 29 30
21 30 27
21 31 58
21 32 24
21 33 37
21 34 33
21 35 56
21 36 18
21 37 33
21 38 11
21 39 40
21 40 56
21 41 48
21 42 45
21 43 35
21 44 3
21 45 45
21 46 29
21 47 1
21 48 30
21 49 24
21 50 24
21 51 27
21 52 35
21 53 24
21 54 21
21 55 17
21 56 40
21 57 7
21 58 14
21 59 39
21 60 26
22 23 38
22 24 13
22 25 31
22 26 36
22 27 42
22 28 8
22 29 43
22 30 13
22 31 20
22 32 46
22 33 23
22 34 44
22 35 1
22 36 8
22 37 21
22 38 42
22 39 55
22 40 25
22 41 7
22 42 26
22 43 27
22 44 18
22 45 52
22 46 38
22 47 46
22 48 44
22 49 4
22 50 33
22 51 33
22 52 28
22 53 2
22 54 9
22 55 1
22 56 16
22 57 6
22 58 26
22 59 46
22 60 52
23 24 34
23 25 39
23 26 59
23 27 58
23 28 46
23 29 7
23 30 46
23 31 22
23 32 29
23 33 17
23 34 2
23 35 59
23 36 12
23 37 53
23 38 2
23 39 16
23 40 10
23 41 9
23 42 37
23 43 52
23 44 38
23 45 53
23 46 30
23 47 55
23 48 59
23 49 37
23 50 21
23 51 52
23 52 4
23 53 40
23 54 2
23 55 1
23 56 23
23 57 43
23 58 31
23 59 54
23 60 0
24 25 47
24 26 24
24 27 5
24 28 37
24 29 55
24 30 41
24 31 30
24 32 56
24 33 55
24 34 29
24 35 25
24 36 55
24 37 22
24 38 55
24 39 7
24 40 46
24 41 16
24 42 16
24 43 22
24 44 47
24 45 29
24 46 41
24 47 42
24 48 22
24 49 11
24 50 23
24 51 20
24 52 39
24 53 29
24 54 52
24 55 19
24 56 38
24 57 55
24 58 43
24 59 21
24 60 13
25 26 6
25 27 48
25 28 36
25 29 8
25 30 1
25 31 59
25 32 42
25 33 20
25 34 2
25 35 34
25 36 17
25 37 16
25 38 18
25 39 55
25 40 11
25 41 22
25 42 12
25 43 36
25 44 55
25 45 48
25 46 25
25 47 27
25 48 8
25 49 7
25 50 3
25 51 58
25 52 23
25 53 18
25 54 17
25 55 12
25 56 1
25 57 35
25 58 2
25 59 49
25 60 54
26 27 0
26 28 32
26 29 56
26 30 48
26 31 20
26 32 10
26 33 54
26 34 31
26 35 45
26 36 49
26 37 20
26 38 11
26 39 27
26 40 11
26 41 29
26 42 33
26 43 27
26 44 51
26 45 3
26 46 41
26 47 52
26 48 42
26 49 57
26 50 40
26 51 4
26 52 14
26 53 50
26 54 24
26 55 33
26 56 31
26 57 1
26 58 34
26 59 46
26 60 32
27 28 43
27 29 40
27 30 20
27 31 13
27 32 15
27 33 33
27 34 18
27 35 39
27 36 46
27 37 7
27 38 59
27 39 13
27 40 8
27 41 51
27 42 48
27 43 20
27 44 51
27 45 5
27 46 22
27 47 35
27 48 25
27 49 44
27 50 17
27 51 43
27 52 37
27 53 50
27 54 36
27 55 22
27 56 47
27 57 29
27 58 28
27 59 31
27 60 9
28 29 2
28 30 25
28 31 56
28 32 18
28 33 3
28 34 10
28 35 15
28 36 46
28 37 12
28 38 53
28 39 14
28 40 43
28 41 45
28 42 21
28 43 50
28 44 50
28 45 56
28 46 11
28 47 29
28 48 52
28 49 40
28 50 48
28 51 7
28 52 26
28 53 42
28 54 18
28 55 53
28 56 17
28 57 43
28 58 53
28 59 48
28 60 35
29 30 23
29 31 12
29 32 26
29 33 15
29 34 43
29 35 49
29 36 23
29 37 36
29 38 36
29 39 21
29 40 35
29 41 43
29 42 27
29 43 16
29 44 37
29 45 45
29 46 0
29 47 37
29 48 6
29 49 26
29 50 22
29 51 34
29 52 56
29 53 39
29 54 12
29 55 1
29 56 6
29 57 19
29 58 21
29 59 47
29 60 43
30 31 54
30 32 11
30 33 35
30 34 36
30 35 40
30 36 21
30 37 5
30 38 39
30 39 44
30 40 25
30 41 1
30 42 36
30 43 1
30 44 29
30 45 40
30 46 44
30 47 27
30 48 8
30 49 52
30 50 4
30 51 53
30 52 43
30 53 17
30 54 53
30 55 48
30 56 15
30 57 0
30 58 26
30 59 47
30 60 38
31 32 29
31 33 51
31 34 14
31 35 7
31 36 13
31 37 29
31 38 20
31 39 43
31 40 5
31 41 48
31 42 46
31 43 29
31 44 16
31 45 36
31 46 22
31 47 54
31 48 20
31 49 33
31 50 2
31 51 41
31 52 17
31 53 27
31 54 38
31 55 47
31 56 3
31 57 42
31 58 45
31 59 19
31 60 10
32 33 38
32 34 34
32 35 41
32 36 10
32 37 33
32 38 46
32 39 30
32 40 52
32 41 55
32 42 49
32 43 57
32 44 19
32 45 3
32 46 21
32 47 17
32 48 58
32 49 53
32 50 25
32 51 28
32 52 58
32 53 12
32 54 40
32 55 46
32 56 11
32 57 44
32 58 24
32 59 14
32 60 29
33 34 33
33 35 40
33 36 21
33 37 27
33 38 34
33 39 40
33 40 15
33 41 54
33 42 47
33 43 12
33 44 20
33 45 12
33 46 21
33 47 31
33 48 32
33 49 25
33 50 9
33 51 5
33 52 2
33 53 55
33 54 58
33 55 50
33 56 27
33 57 55
33 58 43
33 59 47
33 60 49
34 35 39
34 36 57
34 37 37
34 38 3
34 39 54
34 40 12
34 41 55
34 42 48
34 43 29
34 44 37
34 45 35
34 46 51
34 47 11
34 48 19
34 49 58
34 50 51
34 51 57
34 52 20
34 53 22
34 54 59
34 55 18
34 56 47
34 57 45
34 58 24
34 59 16
34 60 16
35 36 17
35 37 44
35 38 18
35 39 18
35 40 48
35 41 56
35 42 50
35 43 29
35 44 40
35 45 21
35 46 6
35 47 35
35 48 34
35 49 0
35 50 13
35 51 59
35 52 28
35 53 43
35 54 9
35 55 59
35 56 9
35 57 32
35 58 37
35 59 24
35 60 1
36 37 3
36 38 9
36 39 29
36 40 1
36 41 0
36 42 36
36 43 35
36 44 32
36 45 56
36 46 31
36 47 29
36 48 40
36 49 11
36 50 45
36 51 37
36 52 8
36 53 12
36 54 0
36 55 48
36 56 41
36 57 52
36 58 30
36 59 0
36 60 53
37 38 3
37 39 40
37 40 0
37 41 30
37 42 22
37 43 27
37 44 48
37 45 33
37 46 4
37 47 40
37 48 21
37 49 13
37 50 33
37 51 25
37 52 43
37 53 11
37 54 29
37 55 20
37 56 23
37 57 40
37 58 6
37 59 6
37 60 5
38 39 50
38 40 11
38 41 32
38 42 15
38 43 39
38 44 48
38 45 32
38 46 19
38 47 6
38 48 32
38 49 21
38 50 39
38 51 44
38 52 26
38 53 48
38 54 7
38 55 23
38 56 45
38 57 2
38 58 12
38 59 4
38 60 49
39 40 19
39 41 16
39 42 22
39 43 38
39 44 49
39 45 35
39 46 33
39 47 53
39 48 24
39 49 8
39 50 59
39 51 6
39 52 42
39 53 14
39 54 59
39 55 17
39 56 35
39 57 5
39 58 56
39 59 40
39 60 38
40 41 21
40 42 44
40 43 27
40 44 10
40 45 8
40 46 5
40 47 59
40 48 20
40 49 1
40 50 23
40 51 23
40 52 27
40 53 59
40 54 31
40 55 22
40 56 4
40 57 36
40 58 18
40 59 24
40 60 20
41 42 46
41 43 25
41 44 47
41 45 42
41 46 19
41 47 56
41 48 8
41 49 47
41 50 45
41 51 32
41 52 59
41 53 10
41 54 55
41 55 42
41 56 3
41 57 43
41 58 19
41 59 33
41 60 34
42 43 10
42 44 59
42 45 38
42 46 23
42 47 50
42 48 11
42 49 24
42 50 54
42 51 13
42 52 26
42 53 26
42 54 46
42 55 19
42 56 24
42 57 48
42 58 43
42 59 46
42 60 19
43 44 15
43 45 24
43 46 15
43 47 47
43 48 14
43 49 2
43 50 50
43 51 23
43 52 56
43 53 57
43 54 17
43 55 39
43 56 14
43 57 41
43 58 39
43 59 27
43 60 24
44 45 39
44 46 43
44 47 2
44 48 28
44 49 27
44 50 45
44 51 8
44 52 7
44 53 57
44 54 55
44 55 25
44 56 58
44 57 33
44 58 6
44 59 32
44 60 50
45 46 46
45 47 30
45 48 53
45 49 48
45 50 14
45 51 38
45 52 57
45 53 37
45 54 5
45 55 15
45 56 5
45 57 3
45 58 43
45 59 23
45 60 23
46 47 15
46 48 33
46 49 18
46 50 38
46 51 23
46 52 14
46 53 28
46 54 26
46 55 49
46 56 11
46 57 53
46 58 45
46 59 15
46 60 25
47 48 57
47 49 45
47 50 18
47 51 54
47 52 54
47 53 49
47 54 12
47 55 3
47 56 23
47 57 29
47 58 0
47 59 35
47 60 34
48 49 32
48 50 0
48 51 33
48 52 4
48 53 0
48 54 49
48 55 16
48 56 50
48 57 7
48 58 46
48 59 33
48 60 29
49 50 35
49 51 25
49 52 15
49 53 31
49 54 32
49 55 6
49 56 24
49 57 7
49 58 33
49 59 22
49 60 58
50 51 50
50 52 10
50 53 39
50 54 37
50 55 54
50 56 27
50 57 56
50 58 40
50 59 41
50 60 53
51 52 13
51 53 52
51 54 46
51 55 18
51 56 10
51 57 42
51 58 7
51 59 40
51 60 24
52 53 55
52 54 55
52 55 0
52 56 50
52 57 50
52 58 28
52 59 21
52 60 42
53 54 56
53 55 39
53 56 51
53 57 24
53 58 47
53 59 31
53 60 6
54 55 35
54 56 39
54 57 9
54 58 27
54 59 31
54 60 7
55 56 43
55 57 56
55 58 29
55 59 3
55 60 6
56 57 27
56 58 0
56 59 42
56 60 14
57 58 55
57 59 37
57 60 51
58 59 18
58 60 5
59 60 58
