90 4005
1 2 17
1 3 29
1 4 38
1 5 45
1 6 70
1 7 29
1 8 55
1 9 18
1 10 88
1 11 18
1 12 22
1 13 64
1 14 4
1 15 62
1 16 30
1 17 54
1 18 71
1 19 74
1 20 61
1 21 18
1 22 23
1 23 42
1 24 85
1 25 89
1 26 47
1 27 55
1 28 35
1 29 82
1 30 4
1 31 7
1 32 80
1 33 68
1 34 56
1 35 89
1 36 67
1 37 35
1 38 12
1 39 63
1 40 24
1 41 69
1 42 61
1 43 43
1 44 46
1 45 32
1 46 40
1 47 86
1 48 9
1 49 3
1 50 60
1 51 37
1 52 15
1 53 68
1 54 72
1 55 0
1 56 84
1 57 44
1 58 46
1 59 70
1 60 24
1 61 8
1 62 72
1 63 11
1 64 3
1 65 50
1 66 83
1 67 56
1 68 58
1 69 18
1 70 80
1 71 77
1 72 76
1 73 42
1 74 20
1 75 29
1 76 4
1 77 63
1 78 19
1 79 44
1 80 44
1 81 83
1 82 16
1 83 86
1 84 2
1 85 46
1 86 88
1 87 82
1 88 0
1 89 30
1 90 89
2 3 20
2 4 87
2 5 79
2 6 85
2 7 33
2 8 27
2 9 46
2 10 83
2 11 6
2 12 77
2 13 45
2 14 58
2 15 26
2 16 38
2 17 32
2 18 31
2 19 59
2 20 12
2 21 61
2 22 7
2 23 40
2 24 15
2 25 22
2 26 38
2 27 31
2 28 59
2 29 4
2 30 24
2 31 30
2 32 35
2 33 51
2 34 3
2 35 31
2 36 7
2 37 46
2 38 73
2 39 65
2 40 47
2 41 68
2 42 10
2 43 28
2 44 24
2 45 35
2 46 43
2 47 47
2 48 18
2 49 55
2 50 67
2 51 59
2 52 23
2 53 2
2 54 69
2 55 28
2 56 69
2 57 12
2 58 16
2 59 3
2 60 66
2 61 19
2 62 34
2 63 30
2 64 72
2 65 49
2 66 28
2 67 7
2 68 28
2 69 11
2 70 83
2 71 39
2 72 69
2 73 63
2 74 21
2 75 19
2 76 47
2 77 78
2 78 8
2 79 70
2 80 17
2 81 37
2 82 22
2 83 72
2 84 22
2 85 77
2 86 76
2 87 85
2 88 25
2 89 70
2 90 8
3 4 88
3 5 41
3 6 18
3 7 36
3 8 88
3 9 31
3 10 33
3 11 34
3 12 53
3 13 88
3 14 61
3 15 22
3 16 33
3 17 39
3 18 51
3 19 80
3 20 43
3 21 9
3 22 79
3 23 81
3 24 40
3 25 37
3 26 6
3 27 77
3 28 51
3 29 20
3 30 42
3 31 42
3 32 8
3 33 74
3 34 3
3 35 52
3 36 82
3 37 62
3 38 1
3 39 65
3 40 19
3 41 82
3 42 56
3 43 86
3 44 87
3 45 31
3 46 33
3 47 83
3 48 48
3 49 27
3 50 75
3 51 76
3 52 37
3 53 45
3 54 49
3 55 32
3 56 86
3 57 27
3 58 48
3 59 58
3 60 41
3 61 70
3 62 56
3 63 28
3 64 36
3 65 28
3 66 4
3 67 65
3 68 35
3 69 2
3 70 75
3 71 75
3 72 51
3 73 80
3 74 5
3 75 41
3 76 76
3 77 57
3 78 84
3 79 70
3 80 56
3 81 53
3 82 41
3 83 8
3 84 87
3 85 30
3 86 79
3 87 9
3 88 67
3 89 82
3 90 6
4 5 59
4 6 32
4 7 17
4 8 74
4 9 52
4 10 0
4 11 36
4 12 4
4 13 83
4 14 0
4 15 74
4 16 58
4 17 20
4 18 37
4 19 74
4 20 12
4 21 68
4 22 78
4 23 29
4 24 2
4 25 39
4 26 44
4 27 59
4 28 62
4 29 57
4 30 76
4 31 83
4 32 88
4 33 59
4 34 70
4 35 8
4 36 88
4 37 29
4 38 50
4 39 75
4 40 77
4 41 27
4 42 63
4 43 20
4 44 46
4 45 3
4 46 87
4 47 25
4 48 78
4 49 59
4 50 60
4 51 86
4 52 56
4 53 12
4 54 51
4 55 77
4 56 73
4 57 46
4 58 24
4 59 9
4 60 64
4 61 54
4 62 88
4 63 62
4 64 38
4 65 65
4 66 44
4 67 21
4 68 73
4 69 49
4 70 39
4 71 52
4 72 84
4 73 77
4 74 46
4 75 76
4 76 83
4 77 81
4 78 2
4 79 58
4 80 31
4 81 78
4 82 13
4 83 49
4 84 3
4 85 48
4 86 77
4 87 34
4 88 0
4 89 1
4 90 3
5 6 59
5 7 89
5 8 70
5 9 37
5 10 66
5 11 85
5 12 60
5 13 82
5 14 26
5 15 47
5 16 43
5 17 24
5 18 6
5 19 31
5 20 38
5 21 46
5 22 66
5 23 44
5 24 15
5 25 20
5 26 35
5 27 32
5 28 89
5 29 33
5 30 23
5 31 86
5 32 19
5 33 23
5 34 36
5 35 18
5 36 10
5 37 72
5 38 87
5 39 34
5 40 25
5 41 26
5 42 24
5 43 57
5 44 26
5 45 82
5 46 10
5 47 52
5 48 57
5 49 66
5 50 80
5 51 4
5 52 18
5 53 70
5 54 61
5 55 26
5 56 21
5 57 5
5 58 44
5 59 2
5 60 77
5 61 89
5 62 80
5 63 66
5 64 32
5 65 27
5 66 41
5 67 58
5 68 75
5 69 15
5 70 5
5 71 44
5 72 53
5 73 80
5 74 59
5 75 36
5 76 26
5 77 2
5 78 14
5 79 12
5 80 79
5 81 78
5 82 19
5 83 27
5 84 15
5 85 76
5 86 81
5 87 67
5 88 63
5 89 16
5 90 65
6 7 80
6 8 10
6 9 70
6 10 5
6 11 53
6 12 39
6 13 60
6 14 52
6 15 4
6 16 0
6 17 33
6 18 55
6 19 49
6 20 15
6 21 45
6 22 9
6 23 74
6 24 85
6 25 87
6 26 17
6 27 13
6 28 0
6 29 8
6 30 42
6 31 35
6 32 13
6 33 23
6 34 85
6 35 60
6 36 37
6 37 48
6 38 28
6 39 7
6 40 8
6 41 4
6 42 36
6 43 14
6 44 11
6 45 9
6 46 34
6 47 60
6 48 52
6 49 54
6 50 74
6 51 42
6 52 14
6 53 72
6 54 72
6 55 3
6 56 7
6 57 54
6 58 38
6 59 55
6 60 36
6 61 80
6 62 41
6 63 62
6 64 66
6 65 74
6 66 35
6 67 39
6 68 34
6 69 70
6 70 75
6 71 17
6 72 39
6 73 31
6 74 51
6 75 53
6 76 79
6 77 33
6 78 78
6 79 2
6 80 60
6 81 34
6 82 72
6 83 77
6 84 36
6 85 43
6 86 88
6 87 35
6 88 45
6 89 33
6 90 56
7 8 2
7 9 12
7 10 59
7 11 75
7 12 88
7 13 41
7 14 30
7 15 89
7 16 25
7 17 27
7 18 20
7 19 20
7 20 16
7 21 5
7 22 46
7 23 16
7 24 58
7 25 69
7 26 30
7 27 72
7 28 40
7 29 83
7 30 27
7 31 23
7 32 78
7 33 3
7 34 13
7 35 79
7 36 29
7 37 3
7 38 67
7 39 49
7 40 37
7 41 31
7 42 78
7 43 82
7 44 81
7 45 24
7 46 31
7 47 46
7 48 21
7 49 70
7 50 34
7 51 74
7 52 50
7 53 29
7 54 67
7 55 40
7 56 17
7 57 8
7 58 79
7 59 75
7 60 80
7 61 69
7 62 73
7 63 72
7 64 76
7 65 37
7 66 77
7 67 72
7 68 45
7 69 67
7 70 62
7 71 73
7 72 0
7 73 30
7 74 65
7 75 34
7 76 2
7 77 1
7 78 1
7 79 2
7 80 31
7 81 38
7 82 74
7 83 68
7 84 58
7 85 3
7 86 17
7 87 30
7 88 48
7 89 23
7 90 39
8 9 55
8 10 26
8 11 80
8 12 11
8 13 60
8 14 67
8 15 51
8 16 54
8 17 88
8 18 67
8 19 50
8 20 20
8 21 32
8 22 87
8 23 32
8 24 85
8 25 38
8 26 8
8 27 52
8 28 63
8 29 69
8 30 48
8 31 58
8 32 75
8 33 75
8 34 7
8 35 79
8 36 82
8 37 39
8 38 68
8 39 33
8 40 72
8 41 11
8 42 72
8 43 72
8 44 12
8 45 57
8 46 39
8 47 3
8 48 1
8 49 68
8 50 37
8 51 21
8 52 29
8 53 89
8 54 52
8 55 46
8 56 0
8 57 67
8 58 15
8 59 35
8 60 79
8 61 67
8 62 31
8 63 23
8 64 25
8 65 63
8 66 15
8 67 71
8 68 15
8 69 4
8 70 76
8 71 15
8 72 69
8 73 33
8 74 27
8 75 86
8 76 52
8 77 16
8 78 89
8 79 65
8 80 10
8 81 75
8 82 43
8 83 31
8 84 32
8 85 8
8 86 82
8 87 50
8 88 6
8 89 5
8 90 82
9 10 77
9 11 12
9 12 62
9 13 51
9 14 8
9 15 6
9 16 88
9 17 45
9 18 40
9 19 17
9 20 4
9 21 22
9 22 38
9 23 68
9 24 53
9 25 14
9 26 63
9 27 55
9 28 8
9 29 18
9 30 33
9 31 1
9 32 70
9 33 80
9 34 32
9 35 13
9 36 25
9 37 37
9 38 84
9 39 72
9 40 19
9 41 28
9 42 27
9 43 75
9 44 10
9 45 15
9 46 14
9 47 32
9 48 48
9 49 12
9 50 24
9 51 35
9 52 51
9 53 16
9 54 58
9 55 57
9 56 43
9 57 6
9 58 50
9 59 63
9 60 76
9 61 44
9 62 64
9 63 4
9 64 68
9 65 0
9 66 44
9 67 72
9 68 83
9 69 46
9 70 57
9 71 46
9 72 69
9 73 4
9 74 73
9 75 41
9 76 22
9 77 4
9 78 14
9 79 6
9 80 70
9 81 59
9 82 23
9 83 68
9 84 65
9 85 86
9 86 51
9 87 0
9 88 42
9 89 57
9 90 54
10 11 19
10 12 39
10 13 18
10 14 24
10 15 76
10 16 75
10 17 49
10 18 63
10 19 20
10 20 5
10 21 59
10 22 8
10 23 59
10 24 7
10 25 33
10 26 56
10 27 28
10 28 46
10 29 27
10 30 15
10 31 52
10 32 15
10 33 16
10 34 27
10 35 46
10 36 89
10 37 37
10 38 84
10 39 31
10 40 56
10 41 38
10 42 75
10 43 85
10 44 21
10 45 43
10 46 28
10 47 52
10 48 18
10 49 28
10 50 1
10 51 79
10 52 22
10 53 40
10 54 4
10 55 33
10 56 88
10 57 1
10 58 27
10 59 65
10 60 0
10 61 14
10 62 65
10 63 45
10 64 13
10 65 9
10 66 77
10 67 77
10 68 26
10 69 62
10 70 70
10 71 81
10 72 8
10 73 37
10 74 17
10 75 30
10 76 51
10 77 67
10 78 49
10 79 3
10 80 3
10 81 41
10 82 46
10 83 56
10 84 42
10 85 8
10 86 26
10 87 34
10 88 61
10 89 11
10 90 58
11 12 46
11 13 60
11 14 54
11 15 23
11 16 65
11 17 75
11 18 45
11 19 6
11 20 62
11 21 36
11 22 78
11 23 86
11 24 65
11 25 73
11 26 62
11 27 51
11 28 62
11 29 24
11 30 29
11 31 57
11 32 81
11 33 39
11 34 52
11 35 4
11 36 82
11 37 79
11 38 39
11 39 24
11 40 84
11 41 27
11 42 61
11 43 87
11 44 44
11 45 45
11 46 74
11 47 55
11 48 69
11 49 61
11 50 55
11 51 37
11 52 50
11 53 57
11 54 54
11 55 24
11 56 58
11 57 58
11 58 53
11 59 83
11 60 57
11 61 25
11 62 7
11 63 13
11 64 72
11 65 57
11 66 47
11 67 13
11 68 52
11 69 17
11 70 15
11 71 85
11 72 87
11 73 2
11 74 41
11 75 2
11 76 14
11 77 57
11 78 82
11 79 14
11 80 1
11 81 16
11 82 5
11 83 41
11 84 39
11 85 24
11 86 40
11 87 62
11 88 56
11 89 46
11 90 57
12 13 0
12 14 81
12 15 52
12 16 65
12 17 11
12 18 14
12 19 83
12 20 12
12 21 55
12 22 1
12 23 40
12 24 35
12 25 44
12 26 11
12 27 12
12 28 87
12 29 8
12 30 86
12 31 86
12 32 17
12 33 42
12 34 75
12 35 86
12 36 72
12 37 31
12 38 63
12 39 68
12 40 20
12 41 0
12 42 45
12 43 69
12 44 18
12 45 41
12 46 89
12 47 59
12 48 63
12 49 25
12 50 73
12 51 14
12 52 67
12 53 14
12 54 15
12 55 62
12 56 49
12 57 24
12 58 86
12 59 80
12 60 33
12 61 73
12 62 47
12 63 59
12 64 4
12 65 78
12 66 71
12 67 39
12 68 81
12 69 74
12 70 25
12 71 86
12 72 79
12 73 73
12 74 88
12 75 71
12 76 58
12 77 55
12 78 49
12 79 27
12 80 45
12 81 12
12 82 44
12 83 46
12 84 79
12 85 20
12 86 5
12 87 6
12 88 72
12 89 82
12 90 88
13 14 32
13 15 8
13 16 76
13 17 11
13 18 13
13 19 69
13 20 61
13 21 26
13 22 76
13 23 49
13 24 26
13 25 43
13 26 51
13 27 88
13 28 7
13 29 58
13 30 84
13 31 74
13 32 55
13 33 14
13 34 24
13 35 53
13 36 68
13 37 11
13 38 23
13 39 32
13 40 24
13 41 56
13 42 39
13 43 6
13 44 71
13 45 85
13 46 15
13 47 16
13 48 69
13 49 38
13 50 12
13 51 53
13 52 19
13 53 86
13 54 74
13 55 71
13 56 59
13 57 39
13 58 26
13 59 50
13 60 63
13 61 79
13 62 70
13 63 50
13 64 53
13 65 46
13 66 15
13 67 87
13 68 10
13 69 55
13 70 13
13 71 83
13 72 4
13 73 77
13 74 50
13 75 41
13 76 41
13 77 21
13 78 0
13 79 89
13 80 86
13 81 10
13 82 51
13 83 53
13 84 15
13 85 75
13 86 1
13 87 5
13 88 8
13 89 32
13 90 50
14 15 33
14 16 77
14 17 81
14 18 73
14 19 42
14 20 64
14 21 89
14 22 40
14 23 3
14 24 4
14 25 66
14 26 28
14 27 41
14 28 71
14 29 53
14 30 72
14 31 89
14 32 14
14 33 13
14 34 33
14 35 69
14 36 52
14 37 77
14 38 13
14 39 70
14 40 51
14 41 12
14 42 88
14 43 11
14 44 27
14 45 79
14 46 24
14 47 2
14 48 65
14 49 47
14 50 59
14 51 85
14 52 54
14 53 27
14 54 18
14 55 16
14 56 54
14 57 5
14 58 31
14 59 66
14 60 70
14 61 64
14 62 52
14 63 35
14 64 64
14 65 76
14 66 30
14 67 37
14 68 47
14 69 89
14 70 45
14 71 54
14 72 21
14 73 73
14 74 29
14 75 25
14 76 25
14 77 58
14 78 86
14 79 75
14 80 15
14 81 47
14 82 54
14 83 21
14 84 27
14 85 54
14 86 69
14 87 71
14 88 2
14 89 20
14 90 63
15 16 86
15 17 6
15 18 57
15 19 39
15 20 1
15 21 74
15 22 42
15 23 12
15 24 76
15 25 84
15 26 39
15 27 43
15 28 10
15 29 49
15 30 75
15 31 67
15 32 62
15 33 15
15 34 43
15 35 29
15 36 3
15 37 43
15 38 41
15 39 11
15 40 69
15 41 83
15 42 88
15 43 70
15 44 15
15 45 61
15 46 76
15 47 11
15 48 23
15 49 80
15 50 77
15 51 74
15 52 24
15 53 51
15 54 78
15 55 19
15 56 30
15 57 88
15 58 11
15 59 61
15 60 34
15 61 86
15 62 63
15 63 62
15 64 40
15 65 6
15 66 14
15 67 57
15 68 36
15 69 37
15 70 14
15 71 40
15 72 75
15 73 64
15 74 19
15 75 68
15 76 12
15 77 33
15 78 30
15 79 2
15 80 51
15 81 70
15 82 52
15 83 7
15 84 42
15 85 59
15 86 44
15 87 79
15 88 13
15 89 68
15 90 34
16 17 85
16 18 83
16 19 55
16 20 64
16 21 4
16 22 24
16 23 36
16 24 85
16 25 43
16 26 54
16 27 74
16 28 53
16 29 45
16 30 14
16 31 88
16 32 70
16 33 52
16 34 3
16 35 72
16 36 79
16 37 4
16 38 29
16 39 48
16 40 85
16 41 24
16 42 49
16 43 89
16 44 59
16 45 68
16 46 79
16 47 71
16 48 81
16 49 73
16 50 33
16 51 43
16 52 16
16 53 38
16 54 1
16 55 9
16 56 78
16 57 60
16 58 45
16 59 24
16 60 40
16 61 61
16 62 1
16 63 9
16 64 19
16 65 14
16 66 42
16 67 72
16 68 75
16 69 32
16 70 27
16 71 53
16 72 4
16 73 18
16 74 10
16 75 50
16 76 42
16 77 67
16 78 26
16 79 4
16 80 54
16 81 82
16 82 78
16 83 54
16 84 23
16 85 31
16 86 82
16 87 81
16 88 74
16 89 79
16 90 16
17 18 26
17 19 33
17 20 73
17 21 47
17 22 2
17 23 41
17 24 45
17 25 11
17 26 71
17 27 61
17 28 36
17 29 10
17 30 80
17 31 75
17 32 83
17 33 85
17 34 40
17 35 48
17 36 60
17 37 14
17 38 31
17 39 78
17 40 53
17 41 39
17 42 43
17 43 34
17 44 47
17 45 58
17 46 41
17 47 44
17 48 71
17 49 55
17 50 9
17 51 81
17 52 13
17 53 55
17 54 46
17 55 33
17 56 36
17 57 78
17 58 58
17 59 7
17 60 60
17 61 55
17 62 77
17 63 38
17 64 53
17 65 41
17 66 43
17 67 57
17 68 37
17 69 34
17 70 19
17 71 8
17 72 57
17 73 59
17 74 74
17 75 47
17 76 29
17 77 49
17 78 53
17 79 75
17 80 58
17 81 49
17 82 78
17 83 23
17 84 62
17 85 65
17 86 2
17 87 56
17 88 0
17 89 82
17 90 43
18 19 76
18 20 61
18 21 59
18 22 36
18 23 3
18 24 24
18 25 7
18 26 34
18 27 66
18 28 14
18 29 10
18 30 25
18 31 70
18 32 6
18 33 46
18 34 17
18 35 62
18 36 70
18 37 30
18 38 83
18 39 87
18 40 47
18 41 62
18 42 50
18 43 28
18 44 65
18 45 24
18 46 51
18 47 32
18 48 8
18 49 12
18 50 9
18 51 12
18 52 42
18 53 82
18 54 8
18 55 24
18 56 29
18 57 36
18 58 13
18 59 72
18 60 76
18 61 73
18 62 11
18 63 63
18 64 67
18 65 37
18 66 62
18 67 28
18 68 56
18 69 42
18 70 85
18 71 9
18 72 41
18 73 53
18 74 34
18 75 17
18 76 20
18 77 81
18 78 81
18 79 23
18 80 74
18 81 78
18 82 38
18 83 64
18 84 64
18 85 26
18 86 67
18 87 86
18 88 74
18 89 51
18 90 18
19 20 81
19 21 14
19 22 48
19 23 29
19 24 64
19 25 66
19 26 75
19 27 62
19 28 2
19 29 83
19 30 54
19 31 66
19 32 60
19 33 29
19 34 27
19 35 64
19 36 24
19 37 35
19 38 64
19 39 26
19 40 16
19 41 23
19 42 42
19 43 57
19 44 44
19 45 41
19 46 28
19 47 18
19 48 22
19 49 7
19 50 47
19 51 83
19 52 68
19 53 28
19 54 42
19 55 16
19 56 1
19 57 28
19 58 33
19 59 17
19 60 16
19 61 69
19 62 66
19 63 52
19 64 59
19 65 26
19 66 76
19 67 16
19 68 60
19 69 10
19 70 42
19 71 17
19 72 84
19 73 21
19 74 76
19 75 25
19 76 57
19 77 19
19 78 7
19 79 36
19 80 11
19 81 28
19 82 36
19 83 22
19 84 33
19 85 27
19 86 22
19 87 33
19 88 51
19 89 57
19 90 57
20 21 27
20 22 30
20 23 45
20 24 45
20 25 72
20 26 32
20 27 67
20 28 43
20 29 3
20 30 15
20 31 3
20 32 66
20 33 34
20 34 85
20 35 47
20 36 38
20 37 20
20 38 50
20 39 7
20 40 0
20 41 78
20 42 49
20 43 51
20 44 89
20 45 76
20 46 80
20 47 34
20 48 24
20 49 37
20 50 71
20 51 26
20 52 16
20 53 74
20 54 6
20 55 55
20 56 19
20 57 32
20 58 89
20 59 87
20 60 4
20 61 54
20 62 3
20 63 68
20 64 14
20 65 73
20 66 87
20 67 46
20 68 43
20 69 16
20 70 11
20 71 32
20 72 4
20 73 69
20 74 36
20 75 65
20 76 75
20 77 28
20 78 29
20 79 7
20 80 51
20 81 16
20 82 39
20 83 81
20 84 75
20 85 33
20 86 28
20 87 30
20 88 37
20 89 64
20 90 66
21 22 37
21 23 11
21 24 13
21 25 61
21 26 11
21 27 89
21 28 79
21 29 53
21 30 74
21 31 86
21 32 62
21 33 18
21 34 23
21 35 0
21 36 88
21 37 50
21 38 55
21 39 8
21 40 42
21 41 61
21 42 48
21 43 2
21 44 40
21 45 35
21 46 38
21 47 5
21 48 54
21 49 49
21 50 20
21 51 19
21 52 44
21 53 89
21 54 2
21 55 17
21 56 63
21 57 25
21 58 47
21 59 87
21 60 85
21 61 42
21 62 76
21 63 6
21 64 66
21 65 9
21 66 32
21 67 28
21 68 86
21 69 17
21 70 25
21 71 70
21 72 26
21 73 25
21 74 63
21 75 87
21 76 18
21 77 13
21 78 46
21 79 11
21 80 66
21 81 88
21 82 19
21 83 63
21 84 15
21 85 42
21 86 67
21 87 53
21 88 11
21 89 51
21 90 4
22 23 79
22 24 1
22 25 34
22 26 27
22 27 51
22 28 40
22 29 86
22 30 18
22 31 61
22 32 4
22 33 14
22 34 9
22 35 66
22 36 20
22 37 47
22 38 13
22 39 59
22 40 77
22 41 35
22 42 3
22 43 5
22 44 10
22 45 24
22 46 27
22 47 22
22 48 22
22 49 74
22 50 33
22 51 41
22 52 22
22 53 70
22 54 75
22 55 60
22 56 47
22 57 56
22 58 15
22 59 8
22 60 19
22 61 28
22 62 41
22 63 64
22 64 3
22 65 13
22 66 80
22 67 35
22 68 87
22 69 38
22 70 68
22 71 88
22 72 34
22 73 43
22 74 50
22 75 19
22 76 11
22 77 76
22 78 26
22 79 3
22 80 30
22 81 10
22 82 43
22 83 48
22 84 80
22 85 78
22 86 68
22 87 83
22 88 89
22 89 35
22 90 33
23 24 85
23 25 6
23 26 0
23 27 38
23 28 18
23 29 3
23 30 57
23 31 83
23 32 46
23 33 15
23 34 9
23 35 48
23 36 66
23 37 36
23 38 53
23 39 77
23 40 20
23 41 64
23 42 46
23 43 62
23 44 48
23 45 33
23 46 11
23 47 56
23 48 66
23 49 70
23 50 71
23 51 44
23 52 46
23 53 70
23 54 15
23 55 50
23 56 76
23 57 69
23 58 18
23 59 81
23 60 25
23 61 1
23 62 51
23 63 41
23 64 88
23 65 3
23 66 38
23 67 1
23 68 8
23 69 81
23 70 76
23 71 53
23 72 51
23 73 84
23 74 33
23 75 31
23 76 78
23 77 89
23 78 14
23 79 0
23 80 53
23 81 43
23 82 33
23 83 46
23 84 58
23 85 17
23 86 83
23 87 88
23 88 88
23 89 56
23 90 48
24 25 77
24 26 89
24 27 64
24 28 17
24 29 10
24 30 59
24 31 71
24 32 14
24 33 30
24 34 7
24 35 26
24 36 73
24 37 67
24 38 28
24 39 9
24 40 66
24 41 0
24 42 75
24 43 73
24 44 65
24 45 38
24 46 42
24 47 41
24 48 16
24 49 6
24 50 57
24 51 38
24 52 33
24 53 47
24 54 71
24 55 40
24 56 8
24 57 8
24 58 85
24 59 89
24 60 16
24 61 89
24 62 13
24 63 83
24 64 72
24 65 46
24 66 42
24 67 66
24 68 48
24 69 15
24 70 12
24 71 33
24 72 46
24 73 20
24 74 52
24 75 72
24 76 61
24 77 55
24 78 44
24 79 80
24 80 27
24 81 2
24 82 59
24 83 84
24 84 82
24 85 86
24 86 84
24 87 41
24 88 69
24 89 72
24 90 45
25 26 48
25 27 50
25 28 45
25 29 41
25 30 54
25 31 20
25 32 88
25 33 81
25 34 65
25 35 36
25 36 48
25 37 88
25 38 16
25 39 25
25 40 34
25 41 16
25 42 76
25 43 7
25 44 19
25 45 71
25 46 31
25 47 17
25 48 29
25 49 27
25 50 53
25 51 19
25 52 19
25 53 28
25 54 40
25 55 9
25 56 11
25 57 81
25 58 43
25 59 19
25 60 52
25 61 41
25 62 3
25 63 73
25 64 45
25 65 30
25 66 4
25 67 68
25 68 66
25 69 30
25 70 6
25 71 77
25 72 38
25 73 6
25 74 68
25 75 52
25 76 55
25 77 14
25 78 78
25 79 86
25 80 89
25 81 40
25 82 66
25 83 67
25 84 4
25 85 88
25 86 81
25 87 19
25 88 66
25 89 43
25 90 71
26 27 85
26 28 61
26 29 48
26 30 35
26 31 35
26 32 14
26 33 31
26 34 11
26 35 37
26 36 33
26 37 40
26 38 15
26 39 88
26 40 78
26 41 57
26 42 6
26 43 15
26 44 18
26 45 56
26 46 12
26 47 2
26 48 61
26 49 4
26 50 23
26 51 67
26 52 0
26 53 70
26 54 56
26 55 31
26 56 4
26 57 20
26 58 16
26 59 7
26 60 88
26 61 17
26 62 22
26 63 22
26 64 83
26 65 81
26 66 82
26 67 75
26 68 39
26 69 37
26 70 43
26 71 28
26 72 46
26 73 83
26 74 78
26 75 2
26 76 16
26 77 66
26 78 85
26 79 45
26 80 20
26 81 9
26 82 63
26 83 0
26 84 86
26 85 24
26 86 19
26 87 23
26 88 20
26 89 68
26 90 79
27 28 80
27 29 20
27 30 81
27 31 81
27 32 75
27 33 67
27 34 67
27 35 8
27 36 72
27 37 30
27 38 48
27 39 35
27 40 48
27 41 58
27 42 73
27 43 45
27 44 6
27 45 13
27 46 45
27 47 60
27 48 3
27 49 80
27 50 68
27 51 77
27 52 69
27 53 22
27 54 18
27 55 86
27 56 45
27 57 69
27 58 58
27 59 13
27 60 37
27 61 57
27 62 75
27 63 76
27 64 27
27 65 68
27 66 59
27 67 23
27 68 85
27 69 80
27 70 2
27 71 71
27 72 26
27 73 50
27 74 54
27 75 38
27 76 67
27 77 47
27 78 71
27 79 85
27 80 87
27 81 72
27 82 22
27 83 4
27 84 32
27 85 10
27 86 82
27 87 26
27 88 34
27 89 27
27 90 82
28 29 57
28 30 49
28 31 76
28 32 33
28 33 70
28 34 31
28 35 58
28 36 22
28 37 37
28 38 35
28 39 34
28 40 78
28 41 82
28 42 39
28 43 37
28 44 68
28 45 11
28 46 30
28 47 1
28 48 43
28 49 0
28 50 67
28 51 62
28 52 48
28 53 7
28 54 68
28 55 12
28 56 12
28 57 85
28 58 7
28 59 46
28 60 28
28 61 88
28 62 15
28 63 14
28 64 56
28 65 36
28 66 63
28 67 77
28 68 35
28 69 54
28 70 5
28 71 23
28 72 25
28 73 56
28 74 56
28 75 19
28 76 34
28 77 58
28 78 74
28 79 47
28 80 26
28 81 10
28 82 2
28 83 42
28 84 55
28 85 8
28 86 75
28 87 61
28 88 39
28 89 34
28 90 80
29 30 3
29 31 46
29 32 37
29 33 74
29 34 77
29 35 11
29 36 57
29 37 26
29 38 50
29 39 34
29 40 49
29 41 50
29 42 16
29 43 37
29 44 56
29 45 32
29 46 53
29 47 33
29 48 12
29 49 58
29 50 87
29 51 49
29 52 15
29 53 9
29 54 65
29 55 33
29 56 8
29 57 59
29 58 39
29 59 2
29 60 9
29 61 0
29 62 39
29 63 72
29 64 10
29 65 60
29 66 35
29 67 23
29 68 86
29 69 73
29 70 86
29 71 65
29 72 13
29 73 48
29 74 24
29 75 65
29 76 53
29 77 15
29 78 76
29 79 83
29 80 49
29 81 71
29 82 40
29 83 40
29 84 7
29 85 0
29 86 12
29 87 56
29 88 69
29 89 86
29 90 2
30 31 14
30 32 32
30 33 11
30 34 8
30 35 11
30 36 37
30 37 24
30 38 36
30 39 8
30 40 36
30 41 39
30 42 75
30 43 3
30 44 85
30 45 7
30 46 21
30 47 70
30 48 78
30 49 5
30 50 52
30 51 60
30 52 54
30 53 55
30 54 53
30 55 28
30 56 11
30 57 45
30 58 53
30 59 51
30 60 49
30 61 89
30 62 85
30 63 47
30 64 41
30 65 79
30 66 4
30 67 65
30 68 60
30 69 80
30 70 63
30 71 2
30 72 61
30 73 21
30 74 52
30 75 10
30 76 69
30 77 84
30 78 17
30 79 27
30 80 15
30 81 55
30 82 12
30 83 80
30 84 75
30 85 44
30 86 69
30 87 85
30 88 39
30 89 8
30 90 35
31 32 30
31 33 75
31 34 36
31 35 57
31 36 26
31 37 54
31 38 35
31 39 85
31 40 43
31 41 34
31 42 56
31 43 29
31 44 82
31 45 57
31 46 86
31 47 36
31 48 29
31 49 23
31 50 15
31 51 15
31 52 33
31 53 73
31 54 6
31 55 79
31 56 68
31 57 88
31 58 19
31 59 45
31 60 28
31 61 39
31 62 33
31 63 50
31 64 87
31 65 26
31 66 9
31 67 88
31 68 77
31 69 30
31 70 60
31 71 60
31 72 17
31 73 56
31 74 49
31 75 17
31 76 61
31 77 25
31 78 81
31 79 64
31 80 52
31 81 41
31 82 4
31 83 16
31 84 3
31 85 19
31 86 77
31 87 57
31 88 39
31 89 29
31 90 0
32 33 80
32 34 61
32 35 46
32 36 36
32 37 58
32 38 29
32 39 9
32 40 24
32 41 35
32 42 22
32 43 29
32 44 12
32 45 15
32 46 71
32 47 32
32 48 75
32 49 51
32 50 21
32 51 5
32 52 66
32 53 17
32 54 3
32 55 89
32 56 58
32 57 6
32 58 44
32 59 65
32 60 38
32 61 55
32 62 55
32 63 0
32 64 74
32 65 63
32 66 19
32 67 64
32 68 55
32 69 22
32 70 29
32 71 45
32 72 46
32 73 69
32 74 88
32 75 48
32 76 51
32 77 86
32 78 66
32 79 41
32 80 68
32 81 45
32 82 22
32 83 19
32 84 9
32 85 9
32 86 32
32 87 42
32 88 64
32 89 2
32 90 50
33 34 80
33 35 71
33 36 71
33 37 84
33 38 18
33 39 52
33 40 69
33 41 86
33 42 13
33 43 12
33 44 64
33 45 53
33 46 70
33 47 1
33 48 3
33 49 21
33 50 24
33 51 35
33 52 14
33 53 11
33 54 43
33 55 26
33 56 81
33 57 44
33 58 82
33 59 44
33 60 89
33 61 84
33 62 8
33 63 27
33 64 26
33 65 78
33 66 63
33 67 46
33 68 11
33 69 47
33 70 77
33 71 67
33 72 25
33 73 6
33 74 74
33 75 29
33 76 75
33 77 45
33 78 36
33 79 22
33 80 26
33 81 29
33 82 49
33 83 83
33 84 22
33 85 87
33 86 18
33 87 51
33 88 35
33 89 14
33 90 31
34 35 82
34 36 0
34 37 54
34 38 65
34 39 20
34 40 12
34 41 14
34 42 84
34 43 38
34 44 8
34 45 50
34 46 61
34 47 70
34 48 66
34 49 8
34 50 81
34 51 85
34 52 52
34 53 32
34 54 8
34 55 55
34 56 73
34 57 31
34 58 19
34 59 13
34 60 38
34 61 63
34 62 58
34 63 2
34 64 26
34 65 16
34 66 9
34 67 53
34 68 55
34 69 77
34 70 75
34 71 61
34 72 60
34 73 3
34 74 21
34 75 81
34 76 40
34 77 29
34 78 32
34 79 29
34 80 84
34 81 4
34 82 51
34 83 15
34 84 9
34 85 82
34 86 85
34 87 15
34 88 49
34 89 74
34 90 60
35 36 41
35 37 88
35 38 33
35 39 76
35 40 6
35 41 29
35 42 30
35 43 19
35 44 50
35 45 47
35 46 41
35 47 42
35 48 3
35 49 89
35 50 53
35 51 74
35 52 60
35 53 44
35 54 77
35 55 0
35 56 81
35 57 54
35 58 36
35 59 63
35 60 70
35 61 13
35 62 77
35 63 57
35 64 78
35 65 39
35 66 33
35 67 16
35 68 14
35 69 86
35 70 65
35 71 76
35 72 68
35 73 62
35 74 60
35 75 65
35 76 85
35 77 53
35 78 63
35 79 57
35 80 67
35 81 59
35 82 84
35 83 14
35 84 1
35 85 74
35 86 80
35 87 48
35 88 52
35 89 3
35 90 23
36 37 53
36 38 75
36 39 8
36 40 10
36 41 44
36 42 7
36 43 32
36 44 27
36 45 0
36 46 88
36 47 54
36 48 60
36 49 56
36 50 33
36 51 52
36 52 37
36 53 19
36 54 59
36 55 83
36 56 82
36 57 56
36 58 6
36 59 9
36 60 73
36 61 86
36 62 63
36 63 34
36 64 58
36 65 18
36 66 81
36 67 74
36 68 51
36 69 35
36 70 43
36 71 85
36 72 56
36 73 65
36 74 30
36 75 13
36 76 0
36 77 19
36 78 11
36 79 37
36 80 53
36 81 34
36 82 59
36 83 30
36 84 39
36 85 84
36 86 58
36 87 36
36 88 76
36 89 64
36 90 52
37 38 29
37 39 35
37 40 40
37 41 59
37 42 64
37 43 51
37 44 28
37 45 60
37 46 63
37 47 64
37 48 87
37 49 69
37 50 86
37 51 47
37 52 34
37 53 89
37 54 87
37 55 81
37 56 84
37 57 18
37 58 28
37 59 50
37 60 46
37 61 15
37 62 48
37 63 29
37 64 84
37 65 0
37 66 6
37 67 48
37 68 39
37 69 23
37 70 49
37 71 9
37 72 9
37 73 62
37 74 18
37 75 10
37 76 8
37 77 51
37 78 79
37 79 63
37 80 69
37 81 17
37 82 62
37 83 57
37 84 13
37 85 36
37 86 72
37 87 61
37 88 85
37 89 4
37 90 51
38 39 10
38 40 71
38 41 49
38 42 26
38 43 76
38 44 85
38 45 35
38 46 54
38 47 14
38 48 70
38 49 58
38 50 47
38 51 0
38 52 76
38 53 79
38 54 71
38 55 17
38 56 75
38 57 8
38 58 15
38 59 44
38 60 87
38 61 18
38 62 88
38 63 89
38 64 46
38 65 85
38 66 84
38 67 4
38 68 21
38 69 67
38 70 21
38 71 34
38 72 77
38 73 46
38 74 52
38 75 85
38 76 7
38 77 17
38 78 66
38 79 54
38 80 82
38 81 64
38 82 85
38 83 17
38 84 7
38 85 65
38 86 19
38 87 34
38 88 79
38 89 69
38 90 3
39 40 54
39 41 19
39 42 75
39 43 4
39 44 38
39 45 61
39 46 42
39 47 9
39 48 59
39 49 48
39 50 52
39 51 19
39 52 60
39 53 43
39 54 74
39 55 81
39 56 76
39 57 70
39 58 58
39 59 57
39 60 33
39 61 13
39 62 82
39 63 15
39 64 70
39 65 14
39 66 37
39 67 60
39 68 37
39 69 1
39 70 19
39 71 12
39 72 35
39 73 83
39 74 0
39 75 18
39 76 44
39 77 28
39 78 80
39 79 43
39 80 41
39 81 16
39 82 85
39 83 75
39 84 79
39 85 24
39 86 82
39 87 58
39 88 15
39 89 19
39 90 66
40 41 13
40 42 42
40 43 27
40 44 25
40 45 84
40 46 37
40 47 42
40 48 86
40 49 84
40 50 85
40 51 79
40 52 36
40 53 21
40 54 62
40 55 59
40 56 69
40 57 23
40 58 89
40 59 86
40 60 70
40 61 67
40 62 19
40 63 66
40 64 43
40 65 26
40 66 25
40 67 75
40 68 47
40 69 42
40 70 51
40 71 28
40 72 9
40 73 62
40 74 83
40 75 4
40 76 87
40 77 68
40 78 39
40 79 40
40 80 73
40 81 69
40 82 79
40 83 5
40 84 28
40 85 62
40 86 8
40 87 76
40 88 16
40 89 33
40 90 47
41 42 50
41 43 84
41 44 36
41 45 47
41 46 54
41 47 6
41 48 36
41 49 77
41 50 72
41 51 55
41 52 43
41 53 70
41 54 25
41 55 71
41 56 9
41 57 50
41 58 25
41 59 46
41 60 24
41 61 44
41 62 69
41 63 4
41 64 42
41 65 89
41 66 70
41 67 11
41 68 58
41 69 15
41 70 57
41 71 35
41 72 40
41 73 29
41 74 85
41 75 76
41 76 67
41 77 55
41 78 21
41 79 59
41 80 52
41 81 23
41 82 38
41 83 31
41 84 19
41 85 16
41 86 67
41 87 61
41 88 23
41 89 19
41 90 57
42 43 30
42 44 75
42 45 48
42 46 30
42 47 22
42 48 54
42 49 10
42 50 25
42 51 56
42 52 81
42 53 17
42 54 88
42 55 13
42 56 5
42 57 56
42 58 28
42 59 36
42 60 23
42 61 51
42 62 3
42 63 83
42 64 11
42 65 70
42 66 51
42 67 32
42 68 6
42 69 81
42 70 47
42 71 84
42 72 56
42 73 31
42 74 41
42 75 51
42 76 88
42 77 89
42 78 88
42 79 89
42 80 48
42 81 36
42 82 50
42 83 44
42 84 24
42 85 80
42 86 6
42 87 79
42 88 2
42 89 9
42 90 87
43 44 44
43 45 86
43 46 9
43 47 50
43 48 75
43 49 17
43 50 82
43 51 4
43 52 25
43 53 4
43 54 84
43 55 18
43 56 25
43 57 84
43 58 83
43 59 24
43 60 76
43 61 55
43 62 70
43 63 63
43 64 3
43 65 72
43 66 74
43 67 1
43 68 13
43 69 75
43 70 51
43 71 63
43 72 24
43 73 33
43 74 22
43 75 6
43 76 65
43 77 78
43 78 16
43 79 13
43 80 88
43 81 41
43 82 21
43 83 68
43 84 20
43 85 10
43 86 51
43 87 8
43 88 44
43 89 55
43 90 16
44 45 6
44 46 72
44 47 65
44 48 85
44 49 58
44 50 50
44 51 1
44 52 2
44 53 42
44 54 27
44 55 50
44 56 79
44 57 72
44 58 60
44 59 36
44 60 50
44 61 32
44 62 44
44 63 59
44 64 3
44 65 9
44 66 34
44 67 23
44 68 50
44 69 79
44 70 30
44 71 47
44 72 1
44 73 78
44 74 69
44 75 54
44 76 23
44 77 13
44 78 81
44 79 74
44 80 45
44 81 87
44 82 48
44 83 9
44 84 30
44 85 30
44 86 25
44 87 77
44 88 35
44 89 54
44 90 77
45 46 52
45 47 1
45 48 82
45 49 60
45 50 74
45 51 44
45 52 67
45 53 77
45 54 8
45 55 20
45 56 62
45 57 66
45 58 8
45 59 34
45 60 62
45 61 48
45 62 45
45 63 14
45 64 6
45 65 85
45 66 0
45 67 33
45 68 55
45 69 23
45 70 57
45 71 16
45 72 43
45 73 47
45 74 18
45 75 22
45 76 18
45 77 75
45 78 69
45 79 58
45 80 14
45 81 58
45 82 8
45 83 71
45 84 35
45 85 12
45 86 29
45 87 86
45 88 39
45 89 32
45 90 5
46 47 0
46 48 13
46 49 0
46 50 83
46 51 18
46 52 20
46 53 87
46 54 27
46 55 30
46 56 24
46 57 44
46 58 44
46 59 22
46 60 19
46 61 31
46 62 70
46 63 7
46 64 41
46 65 26
46 66 28
46 67 4
46 68 26
46 69 52
46 70 46
46 71 13
46 72 31
46 73 15
46 74 42
46 75 37
46 76 15
46 77 3
46 78 26
46 79 63
46 80 56
46 81 50
46 82 26
46 83 5
46 84 39
46 85 40
46 86 63
46 87 78
46 88 77
46 89 11
46 90 16
47 48 27
47 49 78
47 50 53
47 51 48
47 52 20
47 53 1
47 54 19
47 55 25
47 56 15
47 57 50
47 58 27
47 59 74
47 60 53
47 61 54
47 62 65
47 63 33
47 64 8
47 65 62
47 66 67
47 67 57
47 68 61
47 69 81
47 70 29
47 71 5
47 72 27
47 73 39
47 74 52
47 75 86
47 76 78
47 77 38
47 78 36
47 79 57
47 80 44
47 81 32
47 82 24
47 83 43
47 84 58
47 85 9
47 86 3
47 87 38
47 88 36
47 89 28
47 90 81
48 49 76
48 50 41
48 51 43
48 52 6
48 53 22
48 54 85
48 55 61
48 56 58
48 57 54
48 58 89
48 59 51
48 60 77
48 61 5
48 62 24
48 63 32
48 64 55
48 65 35
48 66 34
48 67 1
48 68 54
48 69 89
48 70 32
48 71 33
48 72 25
48 73 87
48 74 46
48 75 7
48 76 8
48 77 17
48 78 35
48 79 86
48 80 15
48 81 26
48 82 88
48 83 41
48 84 17
48 85 1
48 86 62
48 87 86
48 88 46
48 89 64
48 90 89
49 50 63
49 51 0
49 52 33
49 53 79
49 54 12
49 55 69
49 56 59
49 57 35
49 58 75
49 59 83
49 60 43
49 61 13
49 62 49
49 63 40
49 64 11
49 65 20
49 66 88
49 67 32
49 68 89
49 69 50
49 70 70
49 71 59
49 72 63
49 73 29
49 74 85
49 75 25
49 76 5
49 77 73
49 78 82
49 79 38
49 80 82
49 81 21
49 82 60
49 83 21
49 84 48
49 85 54
49 86 50
49 87 11
49 88 50
49 89 70
49 90 59
50 51 64
50 52 34
50 53 89
50 54 76
50 55 34
50 56 12
50 57 13
50 58 5
50 59 66
50 60 21
50 61 69
50 62 23
50 63 74
50 64 2
50 65 0
50 66 22
50 67 57
50 68 76
50 69 49
50 70 55
50 71 76
50 72 74
50 73 12
50 74 11
50 75 18
50 76 28
50 77 10
50 78 28
50 79 46
50 80 5
50 81 19
50 82 1
50 83 71
50 84 22
50 85 39
50 86 73
50 87 75
50 88 35
50 89 3
50 90 77
51 52 18
51 53 72
51 54 27
51 55 32
51 56 78
51 57 44
51 58 56
51 59 3
51 60 5
51 61 36
51 62 32
51 63 14
51 64 22
51 65 85
51 66 28
51 67 24
51 68 9
51 69 57
51 70 49
51 71 88
51 72 72
51 73 82
51 74 6
51 75 9
51 76 22
51 77 57
51 78 10
51 79 0
51 80 12
51 81 32
51 82 81
51 83 16
51 84 74
51 85 35
51 86 48
51 87 65
51 88 74
51 89 75
51 90 63
52 53 82
52 54 59
52 55 68
52 56 42
52 57 16
52 58 35
52 59 70
52 60 88
52 61 67
52 62 65
52 63 68
52 64 76
52 65 19
52 66 27
52 67 72
52 68 55
52 69 21
52 70 66
52 71 29
52 72 9
52 73 82
52 74 22
52 75 4
52 76 84
52 77 82
52 78 80
52 79 60
52 80 69
52 81 29
52 82 87
52 83 86
52 84 28
52 85 6
52 86 71
52 87 48
52 88 58
52 89 48
52 90 62
53 54 84
53 55 11
53 56 17
53 57 9
53 58 46
53 59 53
53 60 68
53 61 3
53 62 8
53 63 3
53 64 56
53 65 33
53 66 55
53 67 38
53 68 31
53 69 67
53 70 15
53 71 46
53 72 32
53 73 35
53 74 74
53 75 87
53 76 18
53 77 44
53 78 75
53 79 41
53 80 12
53 81 24
53 82 48
53 83 31
53 84 2
53 85 81
53 86 84
53 87 87
53 88 31
53 89 30
53 90 55
54 55 26
54 56 56
54 57 46
54 58 27
54 59 16
54 60 46
54 61 33
54 62 39
54 63 26
54 64 42
54 65 60
54 66 32
54 67 66
54 68 73
54 69 73
54 70 54
54 71 78
54 72 40
54 73 36
54 74 31
54 75 64
54 76 0
54 77 37
54 78 85
54 79 67
54 80 20
54 81 53
54 82 74
54 83 48
54 84 35
54 85 55
54 86 29
54 87 12
54 88 47
54 89 75
54 90 34
55 56 84
55 57 82
55 58 88
55 59 63
55 60 34
55 61 51
55 62 80
55 63 34
55 64 69
55 65 69
55 66 7
55 67 7
55 68 21
55 69 84
55 70 9
55 71 83
55 72 25
55 73 42
55 74 4
55 75 53
55 76 55
55 77 57
55 78 6
55 79 1
55 80 26
55 81 70
55 82 68
55 83 49
55 84 50
55 85 48
55 86 2
55 87 15
55 88 32
55 89 79
55 90 64
56 57 1
56 58 14
56 59 67
56 60 15
56 61 39
56 62 71
56 63 81
56 64 20
56 65 53
56 66 0
56 67 58
56 68 77
56 69 63
56 70 88
56 71 28
56 72 51
56 73 81
56 74 17
56 75 50
56 76 71
56 77 10
56 78 76
56 79 5
56 80 72
56 81 77
56 82 83
56 83 2
56 84 85
56 85 64
56 86 20
56 87 36
56 88 35
56 89 36
56 90 29
57 58 69
57 59 62
57 60 16
57 61 34
57 62 78
57 63 67
57 64 78
57 65 2
57 66 41
57 67 38
57 68 48
57 69 2
57 70 41
57 71 52
57 72 51
57 73 6
57 74 38
57 75 88
57 76 60
57 77 69
57 78 61
57 79 17
57 80 31
57 81 26
57 82 62
57 83 26
57 84 65
57 85 31
57 86 1
57 87 51
57 88 5
57 89 86
57 90 48
58 59 30
58 60 74
58 61 23
58 62 40
58 63 20
58 64 80
58 65 21
58 66 73
58 67 72
58 68 21
58 69 63
58 70 69
58 71 74
58 72 51
58 73 27
58 74 48
58 75 23
58 76 48
58 77 65
58 78 88
58 79 88
58 80 18
58 81 14
58 82 50
58 83 58
58 84 25
58 85 19
58 86 38
58 87 44
58 88 74
58 89 34
58 90 40
59 60 78
59 61 34
59 62 80
59 63 87
59 64 52
59 65 89
59 66 72
59 67 19
59 68 10
59 69 62
59 70 42
59 71 8
59 72 16
59 73 1
59 74 11
59 75 66
59 76 56
59 77 43
59 78 41
59 79 5
59 80 53
59 81 81
59 82 49
59 83 2
59 84 12
59 85 28
59 86 6
59 87 38
59 88 35
59 89 42
59 90 73
60 61 62
60 62 20
60 63 20
60 64 17
60 65 73
60 66 85
60 67 5
60 68 47
60 69 38
60 70 58
60 71 14
60 72 2
60 73 74
60 74 74
60 75 10
60 76 34
60 77 56
60 78 4
60 79 38
60 80 2
60 81 26
60 82 3
60 83 0
60 84 66
60 85 37
60 86 61
60 87 81
60 88 33
60 89 53
60 90 10
61 62 44
61 63 6
61 64 34
61 65 12
61 66 56
61 67 11
61 68 27
61 69 76
61 70 85
61 71 83
61 72 45
61 73 23
61 74 71
61 75 68
61 76 54
61 77 38
61 78 9
61 79 73
61 80 69
61 81 35
61 82 1
61 83 31
61 84 57
61 85 71
61 86 77
61 87 13
61 88 78
61 89 79
61 90 30
62 63 89
62 64 60
62 65 11
62 66 89
62 67 36
62 68 76
62 69 33
62 70 46
62 71 62
62 72 65
62 73 31
62 74 58
62 75 23
62 76 65
62 77 5
62 78 79
62 79 77
62 80 4
62 81 73
62 82 62
62 83 64
62 84 21
62 85 46
62 86 63
62 87 24
62 88 82
62 89 54
62 90 48
63 64 66
63 65 10
63 66 23
63 67 78
63 68 34
63 69 38
63 70 71
63 71 39
63 72 29
63 73 86
63 74 10
63 75 34
63 76 21
63 77 46
63 78 73
63 79 17
63 80 63
63 81 54
63 82 29
63 83 8
63 84 73
63 85 78
63 86 35
63 87 19
63 88 16
63 89 9
63 90 72
64 65 9
64 66 42
64 67 26
64 68 47
64 69 12
64 70 11
64 71 74
64 72 29
64 73 88
64 74 60
64 75 56
64 76 15
64 77 37
64 78 89
64 79 74
64 80 61
64 81 61
64 82 49
64 83 66
64 84 46
64 85 31
64 86 68
64 87 46
64 88 15
64 89 31
64 90 71
65 66 11
65 67 61
65 68 44
65 69 58
65 70 71
65 71 80
65 72 78
65 73 63
65 74 60
65 75 70
65 76 2
65 77 54
65 78 33
65 79 18
65 80 42
65 81 87
65 82 76
65 83 14
65 84 68
65 85 39
65 86 89
65 87 55
65 88 36
65 89 72
65 90 71
66 67 49
66 68 1
66 69 19
66 70 26
66 71 80
66 72 51
66 73 39
66 74 68
66 75 2
66 76 18
66 77 52
66 78 34
66 79 8
66 80 69
66 81 6
66 82 38
66 83 37
66 84 62
66 85 1
66 86 68
66 87 26
66 88 89
66 89 11
66 90 78
67 68 43
67 69 68
67 70 80
67 71 53
67 72 86
67 73 12
67 74 23
67 75 80
67 76 46
67 77 29
67 78 76
67 79 26
67 80 49
67 81 30
67 82 25
67 83 39
67 84 54
67 85 88
67 86 68
67 87 11
67 88 14
67 89 68
67 90 72
68 69 58
68 70 9
68 71 44
68 72 77
68 73 45
68 74 34
68 75 16
68 76 52
68 77 11
68 78 33
68 79 84
68 80 75
68 81 5
68 82 6
68 83 63
68 84 72
68 85 64
68 86 25
68 87 31
68 88 6
68 89 4
68 90 75
69 70 11
69 71 33
69 72 56
69 73 27
69 74 63
69 75 49
69 76 67
69 77 41
69 78 76
69 79 46
69 80 14
69 81 0
69 82 41
69 83 56
69 84 7
69 85 49
69 86 4
69 87 30
69 88 76
69 89 49
69 90 60
70 71 77
70 72 13
70 73 70
70 74 58
70 75 66
70 76 14
70 77 35
70 78 4
70 79 30
70 80 50
70 81 17
70 82 15
70 83 64
70 84 70
70 85 47
70 86 39
70 87 54
70 88 1
70 89 19
70 90 42
71 72 23
71 73 2
71 74 20
71 75 40
71 76 86
71 77 78
71 78 59
71 79 49
71 80 64
71 81 78
71 82 23
71 83 85
71 84 33
71 85 66
71 86 19
71 87 34
71 88 45
71 89 79
71 90 76
72 73 29
72 74 57
72 75 41
72 76 32
72 77 4
72 78 85
72 79 42
72 80 15
72 81 27
72 82 27
72 83 19
72 84 59
72 85 51
72 86 82
72 87 37
72 88 69
72 89 62
72 90 36
73 74 76
73 75 33
73 76 75
73 77 51
73 78 42
73 79 87
73 80 46
73 81 87
73 82 2
73 83 17
73 84 19
73 85 25
73 86 87
73 87 48
73 88 11
73 89 55
73 90 7
74 75 25
74 76 69
74 77 6
74 78 53
74 79 16
74 80 42
74 81 69
74 82 21
74 83 46
74 84 9
74 85 18
74 86 69
74 87 20
74 88 29
74 89 59
74 90 68
75 76 54
75 77 26
75 78 20
75 79 43
75 80 72
75 81 5
75 82 13
75 83 64
75 84 47
75 85 10
75 86 27
75 87 87
75 88 0
75 89 32
75 90 6
76 77 6
76 78 31
76 79 73
76 80 42
76 81 79
76 82 31
76 83 48
76 84 9
76 85 19
76 86 52
76 87 57
76 88 15
76 89 57
76 90 72
77 78 2
77 79 39
77 80 1
77 81 30
77 82 2
77 83 40
77 84 49
77 85 81
77 86 59
77 87 75
77 88 28
77 89 75
77 90 56
78 79 29
78 80 84
78 81 57
78 82 18
78 83 6
78 84 52
78 85 21
78 86 77
78 87 1
78 88 31
78 89 66
78 90 44
79 80 88
79 81 0
79 82 42
79 83 64
79 84 63
79 85 18
79 86 73
79 87 61
79 88 84
79 89 36
79 90 79
80 81 56
80 82 22
80 83 50
80 84 11
80 85 18
80 86 28
80 87 7
80 88 59
80 89 62
80 90 44
81 82 31
81 83 43
81 84 52
81 85 66
81 86 44
81 87 80
81 88 34
81 89 65
81 90 16
82 83 55
82 84 14
82 85 21
82 86 77
82 87 49
82 88 24
82 89 38
82 90 40
83 84 37
83 85 45
83 86 22
83 87 80
83 88 11
83 89 15
83 90 80
84 85 77
84 86 59
84 87 54
84 88 34
84 89 66
84 90 76
85 86 80
85 87 0
85 88 24
85 89 29
85 90 6
86 87 43
86 88 72
86 89 33
86 90 21
87 88 86
87 89 4
87 90 61
88 89 55
88 90 6
89 90 39
