90 4005
1 2 81
1 3 0
1 4 89
1 5 66
1 6 73
1 7 85
1 8 45
1 9 31
1 10 61
1 11 43
1 12 28
1 13 17
1 14 80
1 15 41
1 16 41
1 17 48
1 18 38
1 19 5
1 20 19
1 21 14
1 22 84
1 23 64
1 24 8
1 25 74
1 26 27
1 27 2
1 28 52
1 29 64
1 30 42
1 31 70
1 32 37
1 33 39
1 34 17
1 35 32
1 36 81
1 37 26
1 38 28
1 39 1
1 40 65
1 41 27
1 42 89
1 43 3
1 44 86
1 45 49
1 46 75
1 47 6
1 48 50
1 49 41
1 50 84
1 51 84
1 52 57
1 53 72
1 54 70
1 55 33
1 56 77
1 57 57
1 58 15
1 59 26
1 60 79
1 61 31
1 62 33
1 63 39
1 64 84
1 65 76
1 66 79
1 67 67
1 68 4
1 69 26
1 70 36
1 71 22
1 72 77
1 73 3
1 74 2
1 75 83
1 76 67
1 77 57
1 78 54
1 79 88
1 80 45
1 81 28
1 82 55
1 83 25
1 84 16
1 85 0
1 86 3
1 87 26
1 88 17
1 89 68
1 90 75
2 3 44
2 4 8
2 5 85
2 6 12
2 7 59
2 8 51
2 9 57
2 10 33
2 11 10
2 12 69
2 13 55
2 14 29
2 15 71
2 16 23
2 17 39
2 18 84
2 19 70
2 20 71
2 21 30
2 22 17
2 23 11
2 24 89
2 25 65
2 26 1
2 27 39
2 28 85
2 29 19
2 30 13
2 31 34
2 32 4
2 33 22
2 34 33
2 35 49
2 36 71
2 37 18
2 38 10
2 39 78
2 40 8
2 41 71
2 42 32
2 43 61
2 44 86
2 45 68
2 46 21
2 47 41
2 48 63
2 49 21
2 50 53
2 51 49
2 52 75
2 53 46
2 54 6
2 55 48
2 56 85
2 57 89
2 58 71
2 59 88
2 60 16
2 61 15
2 62 62
2 63 7
2 64 25
2 65 29
2 66 65
2 67 89
2 68 60
2 69 8
2 70 46
2 71 48
2 72 49
2 73 26
2 74 68
2 75 3
2 76 57
2 77 59
2 78 53
2 79 43
2 80 86
2 81 77
2 82 43
2 83 45
2 84 78
2 85 5
2 86 75
2 87 41
2 88 72
2 89 54
2 90 76
3 4 67
3 5 55
3 6 84
3 7 25
3 8 2
3 9 22
3 10 17
3 11 88
3 12 46
3 13 13
3 14 31
3 15 83
3 16 15
3 17 44
3 18 26
3 19 88
3 20 19
3 21 2
3 22 83
3 23 69
3 24 74
3 25 4
3 26 49
3 27 85
3 28 64
3 29 67
3 30 17
3 31 47
3 32 43
3 33 20
3 34 18
3 35 11
3 36 79
3 37 57
3 38 49
3 39 65
3 40 64
3 41 6
3 42 14
3 43 35
3 44 20
3 45 13
3 46 7
3 47 24
3 48 88
3 49 36
3 50 67
3 51 29
3 52 41
3 53 86
3 54 26
3 55 19
3 56 12
3 57 47
3 58 8
3 59 51
3 60 64
3 61 47
3 62 9
3 63 46
3 64 3
3 65 47
3 66 22
3 67 30
3 68 2
3 69 73
3 70 35
3 71 56
3 72 17
3 73 36
3 74 20
3 75 65
3 76 26
3 77 55
3 78 25
3 79 67
3 80 77
3 81 10
3 82 14
3 83 3
3 84 81
3 85 33
3 86 77
3 87 70
3 88 29
3 89 83
3 90 53
4 5 48
4 6 52
4 7 24
4 8 4
4 9 62
4 10 69
4 11 72
4 12 32
4 13 30
4 14 45
4 15 34
4 16 42
4 17 79
4 18 34
4 19 6
4 20 84
4 21 55
4 22 55
4 23 73
4 24 2
4 25 45
4 26 42
4 27 36
4 28 28
4 29 12
4 30 42
4 31 11
4 32 16
4 33 12
4 34 2
4 35 59
4 36 47
4 37 73
4 38 5
4 39 80
4 40 57
4 41 48
4 42 61
4 43 34
4 44 87
4 45 45
4 46 56
4 47 86
4 48 54
4 49 46
4 50 73
4 51 18
4 52 12
4 53 75
4 54 49
4 55 24
4 56 40
4 57 83
4 58 67
4 59 25
4 60 13
4 61 83
4 62 66
4 63 53
4 64 2
4 65 41
4 66 44
4 67 41
4 68 85
4 69 7
4 70 87
4 71 10
4 72 59
4 73 36
4 74 16
4 75 35
4 76 14
4 77 34
4 78 13
4 79 23
4 80 58
4 81 53
4 82 9
4 83 40
4 84 78
4 85 35
4 86 75
4 87 69
4 88 66
4 89 55
4 90 4
5 6 31
5 7 34
5 8 4
5 9 64
5 10 87
5 11 67
5 12 85
5 13 36
5 14 64
5 15 36
5 16 50
5 17 84
5 18 38
5 19 10
5 20 42
5 21 59
5 22 40
5 23 85
5 24 2
5 25 8
5 26 82
5 27 79
5 28 6
5 29 45
5 30 6
5 31 64
5 32 62
5 33 6
5 34 63
5 35 27
5 36 73
5 37 1
5 38 11
5 39 40
5 40 11
5 41 21
5 42 6
5 43 83
5 44 58
5 45 55
5 46 53
5 47 67
5 48 59
5 49 85
5 50 54
5 51 54
5 52 34
5 53 58
5 54 11
5 55 75
5 56 50
5 57 34
5 58 80
5 59 55
5 60 61
5 61 43
5 62 69
5 63 43
5 64 37
5 65 3
5 66 52
5 67 76
5 68 53
5 69 60
5 70 75
5 71 44
5 72 31
5 73 36
5 74 26
5 75 76
5 76 65
5 77 0
5 78 47
5 79 15
5 80 0
5 81 61
5 82 25
5 83 10
5 84 60
5 85 55
5 86 55
5 87 80
5 88 67
5 89 4
5 90 69
6 7 1
6 8 15
6 9 21
6 10 29
6 11 53
6 12 77
6 13 23
6 14 1
6 15 77
6 16 46
6 17 65
6 18 42
6 19 21
6 20 74
6 21 67
6 22 84
6 23 18
6 24 74
6 25 35
6 26 31
6 27 73
6 28 14
6 29 79
6 30 58
6 31 86
6 32 56
6 33 40
6 34 69
6 35 72
6 36 38
6 37 55
6 38 28
6 39 53
6 40 25
6 41 68
6 42 45
6 43 80
6 44 10
6 45 63
6 46 4
6 47 86
6 48 30
6 49 74
6 50 5
6 51 53
6 52 60
6 53 22
6 54 16
6 55 1
6 56 61
6 57 28
6 58 55
6 59 32
6 60 50
6 61 22
6 62 64
6 63 68
6 64 68
6 65 50
6 66 33
6 67 7
6 68 17
6 69 3
6 70 3
6 71 4
6 72 38
6 73 79
6 74 4
6 75 17
6 76 85
6 77 52
6 78 63
6 79 68
6 80 78
6 81 1
6 82 83
6 83 43
6 84 7
6 85 30
6 86 44
6 87 56
6 88 63
6 89 39
6 90 79
7 8 56
7 9 14
7 10 27
7 11 51
7 12 60
7 13 73
7 14 60
7 15 15
7 16 30
7 17 62
7 18 33
7 19 47
7 20 17
7 21 24
7 22 25
7 23 30
7 24 8
7 25 5
7 26 53
7 27 63
7 28 37
7 29 2
7 30 5
7 31 74
7 32 80
7 33 56
7 34 25
7 35 83
7 36 49
7 37 84
7 38 55
7 39 55
7 40 20
7 41 19
7 42 86
7 43 79
7 44 14
7 45 35
7 46 52
7 47 65
7 48 62
7 49 26
7 50 34
7 51 26
7 52 42
7 53 47
7 54 69
7 55 57
7 56 12
7 57 79
7 58 79
7 59 76
7 60 43
7 61 88
7 62 13
7 63 71
7 64 48
7 65 72
7 66 22
7 67 45
7 68 67
7 69 37
7 70 81
7 71 53
7 72 61
7 73 48
7 74 1
7 75 67
7 76 22
7 77 2
7 78 32
7 79 52
7 80 76
7 81 6
7 82 16
7 83 2
7 84 40
7 85 24
7 86 56
7 87 65
7 88 49
7 89 10
7 90 50
8 9 34
8 10 30
8 11 13
8 12 36
8 13 63
8 14 41
8 15 46
8 16 54
8 17 8
8 18 74
8 19 49
8 20 0
8 21 22
8 22 1
8 23 43
8 24 85
8 25 4
8 26 36
8 27 36
8 28 14
8 29 13
8 30 82
8 31 56
8 32 22
8 33 21
8 34 80
8 35 4
8 36 87
8 37 79
8 38 52
8 39 78
8 40 84
8 41 83
8 42 34
8 43 64
8 44 16
8 45 42
8 46 43
8 47 66
8 48 87
8 49 88
8 50 81
8 51 35
8 52 13
8 53 64
8 54 68
8 55 7
8 56 45
8 57 53
8 58 74
8 59 18
8 60 12
8 61 72
8 62 22
8 63 17
8 64 85
8 65 66
8 66 39
8 67 69
8 68 48
8 69 68
8 70 24
8 71 26
8 72 8
8 73 63
8 74 11
8 75 5
8 76 83
8 77 13
8 78 85
8 79 76
8 80 31
8 81 56
8 82 54
8 83 28
8 84 57
8 85 73
8 86 46
8 87 73
8 88 70
8 89 6
8 90 36
9 10 36
9 11 9
9 12 83
9 13 58
9 14 15
9 15 2
9 16 20
9 17 67
9 18 26
9 19 88
9 20 5
9 21 67
9 22 58
9 23 83
9 24 46
9 25 5
9 26 82
9 27 77
9 28 76
9 29 51
9 30 16
9 31 20
9 32 57
9 33 12
9 34 16
9 35 45
9 36 33
9 37 53
9 38 62
9 39 74
9 40 10
9 41 31
9 42 37
9 43 88
9 44 69
9 45 62
9 46 28
9 47 65
9 48 70
9 49 57
9 50 86
9 51 50
9 52 48
9 53 21
9 54 77
9 55 60
9 56 82
9 57 79
9 58 75
9 59 50
9 60 76
9 61 14
9 62 9
9 63 50
9 64 14
9 65 47
9 66 70
9 67 47
9 68 29
9 69 61
9 70 34
9 71 20
9 72 19
9 73 1
9 74 80
9 75 76
9 76 17
9 77 21
9 78 30
9 79 33
9 80 86
9 81 81
9 82 41
9 83 43
9 84 66
9 85 81
9 86 71
9 87 13
9 88 37
9 89 89
9 90 21
10 11 73
10 12 77
10 13 35
10 14 16
10 15 34
10 16 31
10 17 73
10 18 60
10 19 39
10 20 78
10 21 46
10 22 59
10 23 49
10 24 52
10 25 25
10 26 7
10 27 86
10 28 45
10 29 43
10 30 19
10 31 68
10 32 29
10 33 20
10 34 6
10 35 57
10 36 82
10 37 40
10 38 12
10 39 86
10 40 25
10 41 84
10 42 48
10 43 34
10 44 89
10 45 15
10 46 53
10 47 50
10 48 20
10 49 65
10 50 47
10 51 52
10 52 6
10 53 5
10 54 32
10 55 66
10 56 36
10 57 56
10 58 27
10 59 72
10 60 49
10 61 12
10 62 3
10 63 43
10 64 52
10 65 82
10 66 89
10 67 9
10 68 85
10 69 53
10 70 75
10 71 51
10 72 63
10 73 34
10 74 25
10 75 12
10 76 24
10 77 76
10 78 7
10 79 67
10 80 16
10 81 88
10 82 54
10 83 58
10 84 5
10 85 57
10 86 4
10 87 89
10 88 72
10 89 25
10 90 64
11 12 36
11 13 71
11 14 72
11 15 14
11 16 61
11 17 81
11 18 55
11 19 68
11 20 37
11 21 14
11 22 36
11 23 36
11 24 71
11 25 54
11 26 59
11 27 41
11 28 83
11 29 71
11 30 76
11 31 24
11 32 69
11 33 49
11 34 22
11 35 70
11 36 89
11 37 47
11 38 15
11 39 2
11 40 33
11 41 22
11 42 41
11 43 42
11 44 42
11 45 11
11 46 53
11 47 80
11 48 48
11 49 81
11 50 58
11 51 53
11 52 1
11 53 77
11 54 77
11 55 26
11 56 8
11 57 56
11 58 5
11 59 87
11 60 24
11 61 1
11 62 68
11 63 88
11 64 23
11 65 33
11 66 3
11 67 72
11 68 48
11 69 51
11 70 67
11 71 16
11 72 25
11 73 48
11 74 15
11 75 79
11 76 86
11 77 60
11 78 3
11 79 81
11 80 70
11 81 47
11 82 6
11 83 18
11 84 33
11 85 49
11 86 55
11 87 40
11 88 48
11 89 7
11 90 9
12 13 50
12 14 63
12 15 52
12 16 86
12 17 65
12 18 67
12 19 66
12 20 29
12 21 24
12 22 29
12 23 4
12 24 87
12 25 11
12 26 67
12 27 13
12 28 41
12 29 29
12 30 84
12 31 50
12 32 87
12 33 81
12 34 84
12 35 3
12 36 58
12 37 41
12 38 58
12 39 37
12 40 8
12 41 65
12 42 46
12 43 88
12 44 5
12 45 71
12 46 18
12 47 85
12 48 9
12 49 10
12 50 63
12 51 86
12 52 13
12 53 8
12 54 14
12 55 39
12 56 67
12 57 17
12 58 65
12 59 23
12 60 63
12 61 50
12 62 56
12 63 47
12 64 75
12 65 23
12 66 86
12 67 83
12 68 46
12 69 54
12 70 29
12 71 88
12 72 58
12 73 83
12 74 88
12 75 3
12 76 77
12 77 27
12 78 12
12 79 77
12 80 47
12 81 44
12 82 77
12 83 77
12 84 34
12 85 60
12 86 3
12 87 14
12 88 9
12 89 8
12 90 10
13 14 25
13 15 2
13 16 80
13 17 74
13 18 3
13 19 17
13 20 39
13 21 88
13 22 31
13 23 51
13 24 4
13 25 45
13 26 62
13 27 74
13 28 50
13 29 74
13 30 2
13 31 62
13 32 68
13 33 61
13 34 87
13 35 19
13 36 71
13 37 89
13 38 4
13 39 2
13 40 83
13 41 89
13 42 77
13 43 33
13 44 38
13 45 18
13 46 62
13 47 31
13 48 80
13 49 3
13 50 29
13 51 87
13 52 18
13 53 21
13 54 58
13 55 2
13 56 20
13 57 79
13 58 51
13 59 60
13 60 25
13 61 88
13 62 60
13 63 47
13 64 22
13 65 59
13 66 23
13 67 87
13 68 1
13 69 62
13 70 56
13 71 2
13 72 82
13 73 11
13 74 23
13 75 84
13 76 56
13 77 2
13 78 15
13 79 44
13 80 89
13 81 31
13 82 79
13 83 62
13 84 46
13 85 18
13 86 71
13 87 30
13 88 56
13 89 31
13 90 33
14 15 58
14 16 11
14 17 84
14 18 10
14 19 5
14 20 67
14 21 33
14 22 16
14 23 14
14 24 48
14 25 51
14 26 2
14 27 82
14 28 35
14 29 20
14 30 62
14 31 28
14 32 89
14 33 89
14 34 35
14 35 72
14 36 82
14 37 83
14 38 85
14 39 42
14 40 78
14 41 19
14 42 21
14 43 10
14 44 36
14 45 8
14 46 71
14 47 29
14 48 80
14 49 71
14 50 47
14 51 77
14 52 15
14 53 43
14 54 87
14 55 16
14 56 42
14 57 89
14 58 79
14 59 17
14 60 43
14 61 65
14 62 31
14 63 34
14 64 16
14 65 63
14 66 6
14 67 59
14 68 6
14 69 62
14 70 85
14 71 11
14 72 17
14 73 41
14 74 42
14 75 75
14 76 31
14 77 13
14 78 37
14 79 24
14 80 36
14 81 38
14 82 41
14 83 48
14 84 4
14 85 86
14 86 32
14 87 89
14 88 82
14 89 42
14 90 39
15 16 71
15 17 38
15 18 44
15 19 86
15 20 41
15 21 11
15 22 82
15 23 71
15 24 68
15 25 25
15 26 84
15 27 50
15 28 13
15 29 54
15 30 41
15 31 21
15 32 80
15 33 49
15 34 30
15 35 33
15 36 30
15 37 74
15 38 37
15 39 50
15 40 44
15 41 16
15 42 10
15 43 85
15 44 19
15 45 34
15 46 38
15 47 28
15 48 60
15 49 0
15 50 8
15 51 55
15 52 35
15 53 48
15 54 24
15 55 61
15 56 18
15 57 0
15 58 48
15 59 14
15 60 12
15 61 33
15 62 39
15 63 10
15 64 51
15 65 47
15 66 75
15 67 48
15 68 22
15 69 13
15 70 71
15 71 82
15 72 22
15 73 12
15 74 68
15 75 54
15 76 40
15 77 25
15 78 4
15 79 67
15 80 16
15 81 37
15 82 22
15 83 14
15 84 84
15 85 69
15 86 69
15 87 41
15 88 69
15 89 86
15 90 70
16 17 86
16 18 31
16 19 49
16 20 74
16 21 39
16 22 30
16 23 75
16 24 33
16 25 43
16 26 71
16 27 0
16 28 1
16 29 26
16 30 58
16 31 4
16 32 59
16 33 86
16 34 20
16 35 4
16 36 2
16 37 51
16 38 49
16 39 68
16 40 33
16 41 39
16 42 85
16 43 65
16 44 23
16 45 32
16 46 12
16 47 24
16 48 32
16 49 83
16 50 88
16 51 4
16 52 13
16 53 72
16 54 74
16 55 13
16 56 54
16 57 33
16 58 89
16 59 19
16 60 78
16 61 72
16 62 75
16 63 14
16 64 43
16 65 69
16 66 85
16 67 15
16 68 26
16 69 19
16 70 40
16 71 85
16 72 77
16 73 62
16 74 31
16 75 58
16 76 67
16 77 82
16 78 55
16 79 28
16 80 77
16 81 15
16 82 89
16 83 75
16 84 32
16 85 39
16 86 67
16 87 13
16 88 18
16 89 85
16 90 58
17 18 32
17 19 54
17 20 70
17 21 85
17 22 19
17 23 89
17 24 13
17 25 34
17 26 69
17 27 4
17 28 22
17 29 53
17 30 83
17 31 39
17 32 77
17 33 62
17 34 8
17 35 0
17 36 59
17 37 27
17 38 47
17 39 61
17 40 45
17 41 28
17 42 19
17 43 86
17 44 34
17 45 64
17 46 40
17 47 58
17 48 60
17 49 72
17 50 32
17 51 23
17 52 51
17 53 66
17 54 9
17 55 15
17 56 43
17 57 24
17 58 47
17 59 2
17 60 43
17 61 86
17 62 11
17 63 19
17 64 63
17 65 79
17 66 77
17 67 37
17 68 76
17 69 24
17 70 32
17 71 37
17 72 38
17 73 61
17 74 56
17 75 73
17 76 54
17 77 15
17 78 41
17 79 58
17 80 7
17 81 29
17 82 16
17 83 65
17 84 52
17 85 85
17 86 65
17 87 8
17 88 69
17 89 62
17 90 1
18 19 19
18 20 2
18 21 8
18 22 6
18 23 69
18 24 33
18 25 60
18 26 86
18 27 1
18 28 89
18 29 59
18 30 55
18 31 39
18 32 87
18 33 82
18 34 29
18 35 86
18 36 24
18 37 28
18 38 19
18 39 28
18 40 20
18 41 18
18 42 51
18 43 67
18 44 44
18 45 80
18 46 31
18 47 88
18 48 36
18 49 77
18 50 60
18 51 30
18 52 25
18 53 43
18 54 47
18 55 71
18 56 6
18 57 13
18 58 89
18 59 6
18 60 7
18 61 62
18 62 62
18 63 2
18 64 21
18 65 78
18 66 25
18 67 85
18 68 73
18 69 14
18 70 75
18 71 5
18 72 52
18 73 65
18 74 38
18 75 47
18 76 69
18 77 37
18 78 6
18 79 82
18 80 76
18 81 13
18 82 70
18 83 69
18 84 38
18 85 37
18 86 35
18 87 32
18 88 61
18 89 85
18 90 65
19 20 66
19 21 9
19 22 4
19 23 89
19 24 82
19 25 23
19 26 2
19 27 11
19 28 48
19 29 1
19 30 63
19 31 48
19 32 46
19 33 34
19 34 36
19 35 74
19 36 87
19 37 64
19 38 61
19 39 41
19 40 29
19 41 75
19 42 52
19 43 57
19 44 4
19 45 4
19 46 53
19 47 49
19 48 48
19 49 67
19 50 19
19 51 27
19 52 85
19 53 40
19 54 84
19 55 21
19 56 40
19 57 9
19 58 49
19 59 25
19 60 89
19 61 65
19 62 37
19 63 72
19 64 26
19 65 43
19 66 45
19 67 27
19 68 31
19 69 7
19 70 25
19 71 48
19 72 41
19 73 30
19 74 46
19 75 65
19 76 76
19 77 8
19 78 60
19 79 78
19 80 31
19 81 12
19 82 89
19 83 82
19 84 11
19 85 71
19 86 26
19 87 62
19 88 44
19 89 38
19 90 20
20 21 14
20 22 9
20 23 38
20 24 6
20 25 81
20 26 11
20 27 3
20 28 85
20 29 3
20 30 65
20 31 36
20 32 61
20 33 67
20 34 57
20 35 39
20 36 52
20 37 76
20 38 69
20 39 72
20 40 41
20 41 42
20 42 21
20 43 82
20 44 20
20 45 49
20 46 21
20 47 33
20 48 71
20 49 9
20 50 87
20 51 9
20 52 43
20 53 69
20 54 19
20 55 62
20 56 35
20 57 57
20 58 0
20 59 36
20 60 70
20 61 14
20 62 25
20 63 36
20 64 29
20 65 43
20 66 30
20 67 7
20 68 53
20 69 37
20 70 8
20 71 46
20 72 31
20 73 26
20 74 44
20 75 25
20 76 5
20 77 72
20 78 3
20 79 34
20 80 80
20 81 52
20 82 63
20 83 63
20 84 20
20 85 39
20 86 44
20 87 89
20 88 55
20 89 63
20 90 79
21 22 57
21 23 44
21 24 43
21 25 48
21 26 69
21 27 23
21 28 40
21 29 0
21 30 58
21 31 35
21 32 89
21 33 62
21 34 36
21 35 0
21 36 15
21 37 72
21 38 24
21 39 85
21 40 27
21 41 30
21 42 59
21 43 49
21 44 61
21 45 9
21 46 8
21 47 46
21 48 53
21 49 39
21 50 0
21 51 54
21 52 88
21 53 75
21 54 69
21 55 21
21 56 44
21 57 74
21 58 3
21 59 21
21 60 61
21 61 28
21 62 38
21 63 2
21 64 83
21 65 88
21 66 40
21 67 46
21 68 28
21 69 29
21 70 29
21 71 52
21 72 11
21 73 50
21 74 46
21 75 47
21 76 66
21 77 6
21 78 1
21 79 40
21 80 18
21 81 28
21 82 12
21 83 45
21 84 35
21 85 61
21 86 23
21 87 2
21 88 46
21 89 51
21 90 63
22 23 7
22 24 45
22 25 45
22 26 78
22 27 30
22 28 32
22 29 52
22 30 36
22 31 15
22 32 73
22 33 57
22 34 33
22 35 26
22 36 86
22 37 3
22 38 0
22 39 40
22 40 52
22 41 35
22 42 62
22 43 79
22 44 65
22 45 64
22 46 4
22 47 35
22 48 4
22 49 35
22 50 76
22 51 29
22 52 50
22 53 74
22 54 48
22 55 29
22 56 67
22 57 1
22 58 28
22 59 42
22 60 47
22 61 64
22 62 8
22 63 18
22 64 23
22 65 88
22 66 69
22 67 35
22 68 44
22 69 24
22 70 33
22 71 35
22 72 42
22 73 41
22 74 16
22 75 78
22 76 0
22 77 55
22 78 51
22 79 78
22 80 43
22 81 22
22 82 42
22 83 50
22 84 55
22 85 78
22 86 88
22 87 17
22 88 53
22 89 53
22 90 2
23 24 16
23 25 65
23 26 63
23 27 10
23 28 56
23 29 57
23 30 65
23 31 28
23 32 51
23 33 80
23 34 42
23 35 38
23 36 46
23 37 41
23 38 73
23 39 9
23 40 9
23 41 88
23 42 89
23 43 58
23 44 71
23 45 89
23 46 87
23 47 51
23 48 87
23 49 20
23 50 17
23 51 30
23 52 87
23 53 41
23 54 53
23 55 27
23 56 29
23 57 15
23 58 49
23 59 36
23 60 49
23 61 64
23 62 26
23 63 7
23 64 28
23 65 20
23 66 61
23 67 16
23 68 38
23 69 50
23 70 39
23 71 23
23 72 36
23 73 31
23 74 5
23 75 5
23 76 65
23 77 14
23 78 53
23 79 44
23 80 31
23 81 41
23 82 29
23 83 45
23 84 14
23 85 89
23 86 49
23 87 48
23 88 85
23 89 65
23 90 70
24 25 77
24 26 75
24 27 64
24 28 56
24 29 84
24 30 62
24 31 83
24 32 37
24 33 24
24 34 53
24 35 44
24 36 35
24 37 33
24 38 32
24 39 40
24 40 41
24 41 10
24 42 86
24 43 40
24 44 78
24 45 19
24 46 11
24 47 35
24 48 57
24 49 82
24 50 8
24 51 72
24 52 72
24 53 50
24 54 21
24 55 42
24 56 54
24 57 24
24 58 20
24 59 25
24 60 89
24 61 45
24 62 79
24 63 15
24 64 35
24 65 69
24 66 10
24 67 53
24 68 22
24 69 77
24 70 0
24 71 46
24 72 50
24 73 79
24 74 52
24 75 57
24 76 31
24 77 1
24 78 89
24 79 77
24 80 30
24 81 77
24 82 65
24 83 80
24 84 75
24 85 47
24 86 52
24 87 11
24 88 44
24 89 83
24 90 41
25 26 5
25 27 11
25 28 29
25 29 81
25 30 87
25 31 65
25 32 52
25 33 67
25 34 61
25 35 8
25 36 35
25 37 30
25 38 51
25 39 82
25 40 10
25 41 71
25 42 10
25 43 61
25 44 4
25 45 68
25 46 33
25 47 11
25 48 48
25 49 89
25 50 60
25 51 2
25 52 33
25 53 0
25 54 29
25 55 27
25 56 7
25 57 45
25 58 30
25 59 21
25 60 20
25 61 3
25 62 44
25 63 25
25 64 5
25 65 63
25 66 33
25 67 13
25 68 25
25 69 77
25 70 76
25 71 10
25 72 72
25 73 14
25 74 23
25 75 78
25 76 39
25 77 22
25 78 51
25 79 67
25 80 6
25 81 71
25 82 40
25 83 48
25 84 46
25 85 41
25 86 29
25 87 58
25 88 66
25 89 70
25 90 29
26 27 76
26 28 51
26 29 68
26 30 20
26 31 84
26 32 32
26 33 9
26 34 2
26 35 78
26 36 59
26 37 29
26 38 41
26 39 42
26 40 76
26 41 12
26 42 63
26 43 47
26 44 32
26 45 75
26 46 65
26 47 11
26 48 48
26 49 87
26 50 13
26 51 54
26 52 54
26 53 24
26 54 40
26 55 25
26 56 12
26 57 18
26 58 32
26 59 68
26 60 19
26 61 88
26 62 8
26 63 87
26 64 58
26 65 88
26 66 1
26 67 63
26 68 75
26 69 10
26 70 22
26 71 57
26 72 25
26 73 78
26 74 55
26 75 14
26 76 9
26 77 60
26 78 57
26 79 74
26 80 76
26 81 15
26 82 15
26 83 47
26 84 82
26 85 61
26 86 79
26 87 30
26 88 14
26 89 69
26 90 9
27 28 77
27 29 30
27 30 47
27 31 59
27 32 1
27 33 1
27 34 67
27 35 40
27 36 86
27 37 46
27 38 80
27 39 20
27 40 36
27 41 51
27 42 86
27 43 27
27 44 51
27 45 89
27 46 49
27 47 17
27 48 45
27 49 35
27 50 11
27 51 16
27 52 59
27 53 16
27 54 74
27 55 40
27 56 48
27 57 80
27 58 19
27 59 66
27 60 46
27 61 78
27 62 65
27 63 67
27 64 18
27 65 7
27 66 36
27 67 54
27 68 35
27 69 36
27 70 15
27 71 23
27 72 74
27 73 52
27 74 56
27 75 80
27 76 7
27 77 52
27 78 50
27 79 13
27 80 72
27 81 43
27 82 78
27 83 8
27 84 67
27 85 21
27 86 86
27 87 8
27 88 69
27 89 81
27 90 17
28 29 6
28 30 10
28 31 35
28 32 56
28 33 74
28 34 73
28 35 47
28 36 3
28 37 52
28 38 6
28 39 25
28 40 83
28 41 4
28 42 68
28 43 2
28 44 76
28 45 5
28 46 43
28 47 18
28 48 74
28 49 34
28 50 4
28 51 5
28 52 40
28 53 70
28 54 4
28 55 23
28 56 26
28 57 62
28 58 47
28 59 87
28 60 43
28 61 82
28 62 1
28 63 6
28 64 82
28 65 78
28 66 10
28 67 69
28 68 63
28 69 31
28 70 73
28 71 26
28 72 52
28 73 0
28 74 29
28 75 44
28 76 70
28 77 21
28 78 53
28 79 31
28 80 10
28 81 62
28 82 40
28 83 65
28 84 20
28 85 22
28 86 14
28 87 2
28 88 67
28 89 26
28 90 3
29 30 17
29 31 16
29 32 4
29 33 51
29 34 79
29 35 25
29 36 22
29 37 1
29 38 89
29 39 89
29 40 14
29 41 35
29 42 4
29 43 88
29 44 34
29 45 1
29 46 87
29 47 0
29 48 4
29 49 28
29 50 18
29 51 38
29 52 22
29 53 24
29 54 58
29 55 40
29 56 58
29 57 11
29 58 47
29 59 14
29 60 87
29 61 15
29 62 13
29 63 43
29 64 53
29 65 30
29 66 79
29 67 63
29 68 6
29 69 29
29 70 46
29 71 72
29 72 12
29 73 48
29 74 79
29 75 8
29 76 62
29 77 8
29 78 6
29 79 77
29 80 45
29 81 31
29 82 10
29 83 9
29 84 26
29 85 38
29 86 56
29 87 37
29 88 32
29 89 35
29 90 36
30 31 76
30 32 13
30 33 54
30 34 53
30 35 28
30 36 59
30 37 21
30 38 17
30 39 21
30 40 20
30 41 1
30 42 70
30 43 52
30 44 0
30 45 59
30 46 77
30 47 8
30 48 87
30 49 70
30 50 34
30 51 72
30 52 55
30 53 23
30 54 76
30 55 58
30 56 5
30 57 8
30 58 72
30 59 81
30 60 45
30 61 78
30 62 56
30 63 87
30 64 16
30 65 66
30 66 6
30 67 9
30 68 27
30 69 37
30 70 66
30 71 47
30 72 61
30 73 32
30 74 54
30 75 46
30 76 58
30 77 71
30 78 67
30 79 0
30 80 2
30 81 44
30 82 81
30 83 21
30 84 85
30 85 58
30 86 55
30 87 10
30 88 16
30 89 61
30 90 38
31 32 79
31 33 1
31 34 24
31 35 31
31 36 49
31 37 84
31 38 59
31 39 49
31 40 33
31 41 21
31 42 27
31 43 62
31 44 15
31 45 10
31 46 24
31 47 49
31 48 88
31 49 8
31 50 7
31 51 36
31 52 0
31 53 68
31 54 22
31 55 3
31 56 60
31 57 77
31 58 64
31 59 41
31 60 76
31 61 49
31 62 73
31 63 31
31 64 35
31 65 20
31 66 35
31 67 13
31 68 30
31 69 6
31 70 1
31 71 75
31 72 78
31 73 39
31 74 81
31 75 2
31 76 68
31 77 89
31 78 42
31 79 11
31 80 7
31 81 66
31 82 55
31 83 86
31 84 31
31 85 49
31 86 53
31 87 10
31 88 2
31 89 38
31 90 71
32 33 84
32 34 54
32 35 85
32 36 17
32 37 89
32 38 29
32 39 3
32 40 39
32 41 28
32 42 51
32 43 1
32 44 20
32 45 2
32 46 41
32 47 37
32 48 26
32 49 62
32 50 45
32 51 83
32 52 73
32 53 5
32 54 50
32 55 17
32 56 47
32 57 84
32 58 71
32 59 34
32 60 37
32 61 66
32 62 2
32 63 35
32 64 43
32 65 53
32 66 72
32 67 9
32 68 38
32 69 22
32 70 13
32 71 65
32 72 54
32 73 1
32 74 66
32 75 75
32 76 36
32 77 1
32 78 32
32 79 59
32 80 36
32 81 74
32 82 80
32 83 55
32 84 35
32 85 4
32 86 43
32 87 44
32 88 25
32 89 88
32 90 12
33 34 30
33 35 15
33 36 74
33 37 34
33 38 67
33 39 6
33 40 11
33 41 84
33 42 55
33 43 60
33 44 14
33 45 83
33 46 64
33 47 15
33 48 25
33 49 84
33 50 81
33 51 7
33 52 77
33 53 64
33 54 76
33 55 37
33 56 19
33 57 69
33 58 72
33 59 1
33 60 42
33 61 28
33 62 79
33 63 7
33 64 7
33 65 49
33 66 51
33 67 68
33 68 52
33 69 10
33 70 46
33 71 80
33 72 75
33 73 49
33 74 7
33 75 84
33 76 11
33 77 33
33 78 9
33 79 75
33 80 20
33 81 33
33 82 39
33 83 18
33 84 45
33 85 9
33 86 46
33 87 86
33 88 37
33 89 41
33 90 10
34 35 70
34 36 61
34 37 42
34 38 40
34 39 35
34 40 63
34 41 9
34 42 69
34 43 20
34 44 70
34 45 82
34 46 26
34 47 50
34 48 65
34 49 69
34 50 81
34 51 70
34 52 54
34 53 88
34 54 36
34 55 33
34 56 7
34 57 70
34 58 42
34 59 56
34 60 7
34 61 44
34 62 67
34 63 85
34 64 18
34 65 75
34 66 57
34 67 43
34 68 72
34 69 83
34 70 52
34 71 14
34 72 73
34 73 43
34 74 19
34 75 70
34 76 9
34 77 61
34 78 75
34 79 58
34 80 54
34 81 61
34 82 63
34 83 12
34 84 27
34 85 51
34 86 35
34 87 74
34 88 4
34 89 66
34 90 80
35 36 57
35 37 5
35 38 8
35 39 70
35 40 52
35 41 18
35 42 68
35 43 50
35 44 21
35 45 89
35 46 54
35 47 10
35 48 75
35 49 85
35 50 17
35 51 18
35 52 21
35 53 65
35 54 14
35 55 17
35 56 43
35 57 58
35 58 55
35 59 1
35 60 23
35 61 23
35 62 35
35 63 30
35 64 46
35 65 14
35 66 37
35 67 4
35 68 0
35 69 84
35 70 6
35 71 21
35 72 6
35 73 40
35 74 60
35 75 22
35 76 62
35 77 58
35 78 25
35 79 74
35 80 19
35 81 2
35 82 50
35 83 6
35 84 82
35 85 57
35 86 2
35 87 56
35 88 77
35 89 57
35 90 6
36 37 6
36 38 80
36 39 54
36 40 19
36 41 75
36 42 69
36 43 31
36 44 19
36 45 47
36 46 46
36 47 69
36 48 19
36 49 50
36 50 66
36 51 71
36 52 54
36 53 49
36 54 47
36 55 34
36 56 33
36 57 25
36 58 80
36 59 45
36 60 16
36 61 64
36 62 31
36 63 51
36 64 48
36 65 33
36 66 44
36 67 56
36 68 75
36 69 20
36 70 12
36 71 89
36 72 5
36 73 42
36 74 80
36 75 38
36 76 86
36 77 3
36 78 67
36 79 15
36 80 30
36 81 86
36 82 52
36 83 54
36 84 21
36 85 56
36 86 62
36 87 41
36 88 69
36 89 69
36 90 22
37 38 86
37 39 77
37 40 82
37 41 33
37 42 75
37 43 2
37 44 57
37 45 45
37 46 37
37 47 55
37 48 63
37 49 41
37 50 27
37 51 60
37 52 67
37 53 68
37 54 84
37 55 87
37 56 53
37 57 10
37 58 66
37 59 82
37 60 57
37 61 31
37 62 80
37 63 49
37 64 56
37 65 27
37 66 43
37 67 65
37 68 88
37 69 51
37 70 66
37 71 39
37 72 8
37 73 65
37 74 26
37 75 70
37 76 78
37 77 84
37 78 55
37 79 53
37 80 26
37 81 58
37 82 71
37 83 66
37 84 68
37 85 3
37 86 33
37 87 11
37 88 38
37 89 62
37 90 7
38 39 1
38 40 27
38 41 73
38 42 48
38 43 52
38 44 72
38 45 25
38 46 80
38 47 36
38 48 86
38 49 89
38 50 24
38 51 45
38 52 44
38 53 78
38 54 85
38 55 18
38 56 5
38 57 59
38 58 16
38 59 54
38 60 77
38 61 53
38 62 78
38 63 75
38 64 64
38 65 72
38 66 81
38 67 14
38 68 46
38 69 58
38 70 63
38 71 88
38 72 0
38 73 43
38 74 43
38 75 3
38 76 60
38 77 12
38 78 79
38 79 82
38 80 84
38 81 55
38 82 21
38 83 66
38 84 24
38 85 79
38 86 37
38 87 17
38 88 79
38 89 43
38 90 60
39 40 70
39 41 74
39 42 73
39 43 82
39 44 23
39 45 76
39 46 9
39 47 10
39 48 10
39 49 40
39 50 53
39 51 69
39 52 38
39 53 67
39 54 37
39 55 40
39 56 73
39 57 19
39 58 10
39 59 13
39 60 21
39 61 37
39 62 6
39 63 40
39 64 72
39 65 22
39 66 43
39 67 58
39 68 15
39 69 53
39 70 9
39 71 50
39 72 78
39 73 44
39 74 46
39 75 44
39 76 36
39 77 22
39 78 32
39 79 19
39 80 18
39 81 45
39 82 28
39 83 50
39 84 88
39 85 77
39 86 25
39 87 26
39 88 46
39 89 1
39 90 2
40 41 83
40 42 28
40 43 52
40 44 11
40 45 34
40 46 17
40 47 43
40 48 52
40 49 19
40 50 29
40 51 70
40 52 25
40 53 71
40 54 6
40 55 84
40 56 29
40 57 19
40 58 18
40 59 55
40 60 17
40 61 53
40 62 55
40 63 49
40 64 37
40 65 76
40 66 27
40 67 44
40 68 56
40 69 65
40 70 25
40 71 34
40 72 40
40 73 28
40 74 85
40 75 37
40 76 24
40 77 55
40 78 64
40 79 55
40 80 81
40 81 85
40 82 28
40 83 54
40 84 17
40 85 8
40 86 28
40 87 30
40 88 34
40 89 25
40 90 41
41 42 67
41 43 52
41 44 64
41 45 75
41 46 29
41 47 85
41 48 70
41 49 30
41 50 22
41 51 33
41 52 13
41 53 54
41 54 46
41 55 65
41 56 71
41 57 53
41 58 78
41 59 41
41 60 35
41 61 17
41 62 78
41 63 12
41 64 85
41 65 61
41 66 29
41 67 46
41 68 25
41 69 81
41 70 26
41 71 63
41 72 50
41 73 83
41 74 76
41 75 39
41 76 2
41 77 8
41 78 64
41 79 35
41 80 60
41 81 63
41 82 16
41 83 80
41 84 66
41 85 12
41 86 86
41 87 3
41 88 29
41 89 73
41 90 48
42 43 34
42 44 89
42 45 23
42 46 88
42 47 45
42 48 86
42 49 52
42 50 1
42 51 36
42 52 78
42 53 87
42 54 2
42 55 76
42 56 36
42 57 76
42 58 25
42 59 43
42 60 37
42 61 81
42 62 36
42 63 25
42 64 35
42 65 22
42 66 20
42 67 38
42 68 43
42 69 29
42 70 2
42 71 3
42 72 74
42 73 6
42 74 41
42 75 36
42 76 35
42 77 23
42 78 53
42 79 36
42 80 50
42 81 1
42 82 88
42 83 0
42 84 1
42 85 10
42 86 37
42 87 64
42 88 82
42 89 86
42 90 57
43 44 31
43 45 49
43 46 74
43 47 85
43 48 58
43 49 42
43 50 6
43 51 29
43 52 1
43 53 78
43 54 24
43 55 13
43 56 84
43 57 22
43 58 77
43 59 78
43 60 12
43 61 51
43 62 15
43 63 33
43 64 8
43 65 68
43 66 29
43 67 3
43 68 86
43 69 66
43 70 49
43 71 2
43 72 52
43 73 67
43 74 18
43 75 39
43 76 85
43 77 33
43 78 56
43 79 45
43 80 77
43 81 23
43 82 36
43 83 8
43 84 36
43 85 46
43 86 66
43 87 18
43 88 50
43 89 76
43 90 86
44 45 28
44 46 58
44 47 89
44 48 40
44 49 17
44 50 52
44 51 45
44 52 49
44 53 86
44 54 51
44 55 16
44 56 3
44 57 43
44 58 9
44 59 64
44 60 38
44 61 63
44 62 18
44 63 12
44 64 73
44 65 6
44 66 72
44 67 80
44 68 61
44 69 10
44 70 82
44 71 56
44 72 74
44 73 64
44 74 18
44 75 75
44 76 9
44 77 79
44 78 32
44 79 24
44 80 7
44 81 40
44 82 10
44 83 6
44 84 65
44 85 6
44 86 46
44 87 37
44 88 85
44 89 74
44 90 26
45 46 27
45 47 38
45 48 58
45 49 75
45 50 59
45 51 47
45 52 81
45 53 38
45 54 6
45 55 24
45 56 1
45 57 54
45 58 71
45 59 43
45 60 80
45 61 11
45 62 22
45 63 36
45 64 1
45 65 8
45 66 52
45 67 49
45 68 89
45 69 71
45 70 24
45 71 9
45 72 42
45 73 30
45 74 16
45 75 21
45 76 46
45 77 65
45 78 67
45 79 88
45 80 8
45 81 54
45 82 48
45 83 66
45 84 8
45 85 26
45 86 70
45 87 84
45 88 78
45 89 26
45 90 1
46 47 1
46 48 49
46 49 38
46 50 89
46 51 77
46 52 12
46 53 74
46 54 74
46 55 14
46 56 45
46 57 62
46 58 14
46 59 58
46 60 15
46 61 79
46 62 14
46 63 27
46 64 34
46 65 8
46 66 21
46 67 52
46 68 64
46 69 23
46 70 48
46 71 30
46 72 5
46 73 55
46 74 24
46 75 5
46 76 14
46 77 7
46 78 60
46 79 54
46 80 87
46 81 22
46 82 65
46 83 27
46 84 16
46 85 88
46 86 69
46 87 58
46 88 84
46 89 11
46 90 21
47 48 89
47 49 4
47 50 16
47 51 38
47 52 84
47 53 5
47 54 10
47 55 81
47 56 2
47 57 78
47 58 54
47 59 25
47 60 87
47 61 70
47 62 58
47 63 47
47 64 30
47 65 34
47 66 69
47 67 83
47 68 9
47 69 7
47 70 48
47 71 31
47 72 27
47 73 14
47 74 20
47 75 7
47 76 87
47 77 25
47 78 17
47 79 50
47 80 40
47 81 43
47 82 74
47 83 37
47 84 39
47 85 75
47 86 14
47 87 70
47 88 0
47 89 37
47 90 66
48 49 84
48 50 48
48 51 78
48 52 66
48 53 22
48 54 17
48 55 55
48 56 67
48 57 65
48 58 24
48 59 89
48 60 82
48 61 2
48 62 79
48 63 41
48 64 78
48 65 25
48 66 66
48 67 75
48 68 58
48 69 64
48 70 60
48 71 30
48 72 78
48 73 15
48 74 72
48 75 82
48 76 89
48 77 29
48 78 39
48 79 8
48 80 43
48 81 39
48 82 54
48 83 40
48 84 68
48 85 48
48 86 30
48 87 29
48 88 54
48 89 39
48 90 60
49 50 40
49 51 83
49 52 66
49 53 56
49 54 29
49 55 88
49 56 70
49 57 18
49 58 13
49 59 42
49 60 29
49 61 60
49 62 0
49 63 12
49 64 88
49 65 14
49 66 55
49 67 65
49 68 61
49 69 27
49 70 73
49 71 30
49 72 39
49 73 50
49 74 2
49 75 31
49 76 24
49 77 41
49 78 17
49 79 69
49 80 39
49 81 82
49 82 0
49 83 10
49 84 10
49 85 79
49 86 29
49 87 25
49 88 33
49 89 30
49 90 43
50 51 14
50 52 15
50 53 37
50 54 84
50 55 18
50 56 24
50 57 61
50 58 47
50 59 7
50 60 35
50 61 84
50 62 7
50 63 3
50 64 23
50 65 33
50 66 42
50 67 39
50 68 15
50 69 13
50 70 79
50 71 19
50 72 58
50 73 37
50 74 14
50 75 56
50 76 9
50 77 50
50 78 29
50 79 41
50 80 42
50 81 64
50 82 88
50 83 17
50 84 65
50 85 33
50 86 16
50 87 75
50 88 10
50 89 17
50 90 9
51 52 77
51 53 75
51 54 88
51 55 2
51 56 58
51 57 69
51 58 56
51 59 15
51 60 79
51 61 22
51 62 43
51 63 52
51 64 61
51 65 72
51 66 73
51 67 64
51 68 21
51 69 1
51 70 56
51 71 15
51 72 10
51 73 21
51 74 61
51 75 15
51 76 85
51 77 11
51 78 18
51 79 54
51 80 83
51 81 27
51 82 0
51 83 4
51 84 78
51 85 60
51 86 58
51 87 50
51 88 60
51 89 20
51 90 37
52 53 46
52 54 54
52 55 4
52 56 42
52 57 19
52 58 69
52 59 38
52 60 5
52 61 65
52 62 12
52 63 54
52 64 75
52 65 58
52 66 36
52 67 78
52 68 27
52 69 41
52 70 46
52 71 89
52 72 36
52 73 76
52 74 18
52 75 30
52 76 19
52 77 68
52 78 79
52 79 56
52 80 31
52 81 41
52 82 12
52 83 68
52 84 5
52 85 46
52 86 25
52 87 72
52 88 32
52 89 36
52 90 7
53 54 8
53 55 0
53 56 18
53 57 11
53 58 18
53 59 86
53 60 75
53 61 75
53 62 73
53 63 42
53 64 70
53 65 29
53 66 11
53 67 54
53 68 58
53 69 62
53 70 73
53 71 28
53 72 60
53 73 15
53 74 65
53 75 70
53 76 30
53 77 3
53 78 54
53 79 68
53 80 34
53 81 0
53 82 77
53 83 73
53 84 3
53 85 49
53 86 17
53 87 49
53 88 5
53 89 72
53 90 82
54 55 23
54 56 71
54 57 32
54 58 13
54 59 13
54 60 31
54 61 47
54 62 42
54 63 19
54 64 49
54 65 48
54 66 60
54 67 29
54 68 79
54 69 87
54 70 8
54 71 63
54 72 55
54 73 58
54 74 24
54 75 35
54 76 25
54 77 26
54 78 33
54 79 87
54 80 81
54 81 2
54 82 81
54 83 39
54 84 43
54 85 63
54 86 55
54 87 55
54 88 44
54 89 51
54 90 78
55 56 12
55 57 89
55 58 72
55 59 14
55 60 76
55 61 87
55 62 19
55 63 53
55 64 35
55 65 40
55 66 10
55 67 1
55 68 60
55 69 12
55 70 87
55 71 75
55 72 59
55 73 40
55 74 50
55 75 20
55 76 52
55 77 40
55 78 60
55 79 78
55 80 20
55 81 19
55 82 20
55 83 14
55 84 70
55 85 16
55 86 22
55 87 43
55 88 74
55 89 43
55 90 65
56 57 59
56 58 53
56 59 62
56 60 0
56 61 50
56 62 13
56 63 87
56 64 76
56 65 10
56 66 63
56 67 48
56 68 84
56 69 25
56 70 68
56 71 41
56 72 40
56 73 14
56 74 71
56 75 19
56 76 36
56 77 67
56 78 45
56 79 33
56 80 71
56 81 71
56 82 87
56 83 5
56 84 86
56 85 69
56 86 7
56 87 41
56 88 38
56 89 69
56 90 13
57 58 66
57 59 20
57 60 6
57 61 54
57 62 69
57 63 79
57 64 1
57 65 70
57 66 61
57 67 80
57 68 80
57 69 28
57 70 89
57 71 3
57 72 62
57 73 85
57 74 56
57 75 58
57 76 66
57 77 17
57 78 24
57 79 25
57 80 31
57 81 19
57 82 14
57 83 58
57 84 74
57 85 89
57 86 20
57 87 1
57 88 88
57 89 18
57 90 28
58 59 80
58 60 32
58 61 37
58 62 15
58 63 31
58 64 57
58 65 17
58 66 85
58 67 17
58 68 9
58 69 24
58 70 14
58 71 84
58 72 44
58 73 86
58 74 42
58 75 76
58 76 16
58 77 60
58 78 24
58 79 79
58 80 26
58 81 42
58 82 13
58 83 21
58 84 56
58 85 40
58 86 1
58 87 66
58 88 63
58 89 47
58 90 88
59 60 57
59 61 51
59 62 38
59 63 36
59 64 88
59 65 25
59 66 54
59 67 77
59 68 30
59 69 80
59 70 30
59 71 37
59 72 32
59 73 50
59 74 25
59 75 35
59 76 40
59 77 66
59 78 29
59 79 41
59 80 73
59 81 57
59 82 5
59 83 20
59 84 83
59 85 49
59 86 8
59 87 30
59 88 75
59 89 45
59 90 2
60 61 27
60 62 30
60 63 48
60 64 64
60 65 49
60 66 10
60 67 18
60 68 74
60 69 83
60 70 82
60 71 65
60 72 28
60 73 24
60 74 25
60 75 59
60 76 61
60 77 34
60 78 13
60 79 17
60 80 20
60 81 43
60 82 77
60 83 43
60 84 60
60 85 47
60 86 63
60 87 13
60 88 89
60 89 70
60 90 81
61 62 1
61 63 25
61 64 41
61 65 33
61 66 62
61 67 3
61 68 84
61 69 50
61 70 85
61 71 88
61 72 8
61 73 19
61 74 60
61 75 75
61 76 62
61 77 58
61 78 16
61 79 0
61 80 9
61 81 45
61 82 66
61 83 5
61 84 62
61 85 24
61 86 49
61 87 38
61 88 19
61 89 2
61 90 60
62 63 46
62 64 61
62 65 10
62 66 89
62 67 75
62 68 55
62 69 82
62 70 83
62 71 69
62 72 71
62 73 20
62 74 72
62 75 19
62 76 50
62 77 69
62 78 42
62 79 73
62 80 35
62 81 86
62 82 84
62 83 5
62 84 32
62 85 25
62 86 15
62 87 42
62 88 48
62 89 49
62 90 41
63 64 1
63 65 61
63 66 15
63 67 74
63 68 49
63 69 13
63 70 51
63 71 32
63 72 13
63 73 67
63 74 27
63 75 86
63 76 9
63 77 12
63 78 82
63 79 39
63 80 15
63 81 3
63 82 49
63 83 63
63 84 38
63 85 80
63 86 87
63 87 84
63 88 69
63 89 75
63 90 74
64 65 73
64 66 55
64 67 41
64 68 41
64 69 87
64 70 5
64 71 74
64 72 84
64 73 33
64 74 50
64 75 24
64 76 52
64 77 65
64 78 6
64 79 3
64 80 68
64 81 40
64 82 77
64 83 4
64 84 52
64 85 17
64 86 89
64 87 49
64 88 60
64 89 12
64 90 3
65 66 41
65 67 71
65 68 41
65 69 66
65 70 3
65 71 6
65 72 25
65 73 11
65 74 12
65 75 48
65 76 78
65 77 80
65 78 34
65 79 24
65 80 20
65 81 79
65 82 11
65 83 58
65 84 69
65 85 16
65 86 50
65 87 23
65 88 52
65 89 21
65 90 13
66 67 29
66 68 62
66 69 85
66 70 61
66 71 88
66 72 70
66 73 78
66 74 4
66 75 75
66 76 83
66 77 61
66 78 47
66 79 11
66 80 3
66 81 89
66 82 74
66 83 30
66 84 77
66 85 31
66 86 8
66 87 19
66 88 23
66 89 73
66 90 69
67 68 8
67 69 67
67 70 22
67 71 9
67 72 75
67 73 38
67 74 62
67 75 56
67 76 46
67 77 85
67 78 81
67 79 68
67 80 1
67 81 72
67 82 25
67 83 40
67 84 2
67 85 7
67 86 82
67 87 68
67 88 89
67 89 86
67 90 29
68 69 78
68 70 80
68 71 3
68 72 4
68 73 27
68 74 69
68 75 29
68 76 39
68 77 18
68 78 47
68 79 77
68 80 79
68 81 63
68 82 76
68 83 71
68 84 25
68 85 41
68 86 1
68 87 27
68 88 18
68 89 55
68 90 8
69 70 75
69 71 82
69 72 29
69 73 31
69 74 87
69 75 7
69 76 39
69 77 2
69 78 63
69 79 84
69 80 56
69 81 38
69 82 54
69 83 33
69 84 18
69 85 18
69 86 48
69 87 66
69 88 53
69 89 53
69 90 40
70 71 27
70 72 86
70 73 6
70 74 9
70 75 7
70 76 80
70 77 34
70 78 74
70 79 72
70 80 89
70 81 66
70 82 43
70 83 29
70 84 19
70 85 10
70 86 21
70 87 73
70 88 6
70 89 17
70 90 21
71 72 41
71 73 42
71 74 54
71 75 28
71 76 10
71 77 70
71 78 46
71 79 12
71 80 66
71 81 67
71 82 65
71 83 54
71 84 46
71 85 43
71 86 85
71 87 8
71 88 5
71 89 65
71 90 53
72 73 3
72 74 80
72 75 16
72 76 64
72 77 15
72 78 20
72 79 61
72 80 61
72 81 81
72 82 88
72 83 49
72 84 26
72 85 55
72 86 80
72 87 63
72 88 78
72 89 13
72 90 8
73 74 77
73 75 53
73 76 34
73 77 18
73 78 15
73 79 5
73 80 43
73 81 20
73 82 13
73 83 22
73 84 38
73 85 64
73 86 35
73 87 35
73 88 37
73 89 14
73 90 13
74 75 12
74 76 42
74 77 71
74 78 6
74 79 50
74 80 0
74 81 50
74 82 86
74 83 68
74 84 21
74 85 57
74 86 52
74 87 32
74 88 10
74 89 3
74 90 23
75 76 40
75 77 48
75 78 20
75 79 58
75 80 19
75 81 33
75 82 70
75 83 46
75 84 18
75 85 86
75 86 74
75 87 10
75 88 36
75 89 87
75 90 42
76 77 64
76 78 58
76 79 85
76 80 15
76 81 5
76 82 9
76 83 55
76 84 75
76 85 77
76 86 47
76 87 67
76 88 2
76 89 25
76 90 23
77 78 13
77 79 5
77 80 66
77 81 60
77 82 1
77 83 6
77 84 62
77 85 81
77 86 14
77 87 8
77 88 36
77 89 40
77 90 83
78 79 84
78 80 4
78 81 33
78 82 53
78 83 88
78 84 31
78 85 28
78 86 79
78 87 63
78 88 61
78 89 51
78 90 6
79 80 9
79 81 69
79 82 19
79 83 58
79 84 46
79 85 81
79 86 26
79 87 37
79 88 14
79 89 4
79 90 36
80 81 20
80 82 0
80 83 54
80 84 30
80 85 17
80 86 44
80 87 76
80 88 14
80 89 7
80 90 41
81 82 11
81 83 62
81 84 76
81 85 41
81 86 58
81 87 51
81 88 85
81 89 55
81 90 77
82 83 24
82 84 25
82 85 30
82 86 44
82 87 55
82 88 9
82 89 25
82 90 20
83 84 41
83 85 84
83 86 87
83 87 21
83 88 2
83 89 89
83 90 11
84 85 47
84 86 62
84 87 13
84 88 24
84 89 57
84 90 50
85 86 47
85 87 84
85 88 41
85 89 10
85 90 10
86 87 59
86 88 86
86 89 25
86 90 86
87 88 1
87 89 45
87 90 64
88 89 58
88 90 71
89 90 22
