90 4005
1 2 52
1 3 2
1 4 42
1 5 43
1 6 41
1 7 74
1 8 49
1 9 4
1 10 53
1 11 29
1 12 69
1 13 57
1 14 87
1 15 13
1 16 74
1 17 50
1 18 84
1 19 41
1 20 43
1 21 39
1 22 4
1 23 21
1 24 72
1 25 54
1 26 74
1 27 36
1 28 11
1 29 47
1 30 82
1 31 26
1 32 29
1 33 9
1 34 82
1 35 49
1 36 71
1 37 45
1 38 76
1 39 32
1 40 60
1 41 32
1 42 43
1 43 42
1 44 34
1 45 48
1 46 75
1 47 73
1 48 57
1 49 40
1 50 2
1 51 40
1 52 36
1 53 49
1 54 70
1 55 8
1 56 49
1 57 17
1 58 74
1 59 49
1 60 31
1 61 33
1 62 50
1 63 11
1 64 66
1 65 30
1 66 48
1 67 83
1 68 35
1 69 53
1 70 70
1 71 70
1 72 62
1 73 75
1 74 21
1 75 18
1 76 3
1 77 66
1 78 72
1 79 55
1 80 10
1 81 31
1 82 30
1 83 9
1 84 81
1 85 6
1 86 83
1 87 2
1 88 79
1 89 2
1 90 44
2 3 13
2 4 17
2 5 43
2 6 48
2 7 39
2 8 82
2 9 64
2 10 9
2 11 39
2 12 57
2 13 35
2 14 7
2 15 51
2 16 32
2 17 83
2 18 1
2 19 53
2 20 60
2 21 77
2 22 82
2 23 49
2 24 48
2 25 15
2 26 4
2 27 37
2 28 16
2 29 55
2 30 1
2 31 50
2 32 4
2 33 51
2 34 79
2 35 68
2 36 52
2 37 54
2 38 8
2 39 67
2 40 61
2 41 71
2 42 18
2 43 84
2 44 28
2 45 73
2 46 70
2 47 69
2 48 1
2 49 5
2 50 67
2 51 71
2 52 21
2 53 36
2 54 10
2 55 71
2 56 74
2 57 30
2 58 40
2 59 45
2 60 14
2 61 74
2 62 81
2 63 76
2 64 70
2 65 83
2 66 60
2 67 48
2 68 15
2 69 14
2 70 80
2 71 60
2 72 29
2 73 34
2 74 26
2 75 56
2 76 10
2 77 0
2 78 45
2 79 64
2 80 6
2 81 83
2 82 37
2 83 87
2 84 0
2 85 8
2 86 17
2 87 33
2 88 89
2 89 88
2 90 4
3 4 62
3 5 7
3 6 69
3 7 75
3 8 31
3 9 52
3 10 18
3 11 57
3 12 11
3 13 71
3 14 69
3 15 38
3 16 71
3 17 68
3 18 4
3 19 47
3 20 86
3 21 72
3 22 68
3 23 61
3 24 37
3 25 84
3 26 48
3 27 12
3 28 80
3 29 15
3 30 16
3 31 33
3 32 55
3 33 4
3 34 10
3 35 70
3 36 76
3 37 0
3 38 32
3 39 66
3 40 20
3 41 49
3 42 89
3 43 47
3 44 0
3 45 40
3 46 73
3 47 16
3 48 8
3 49 53
3 50 6
3 51 13
3 52 81
3 53 37
3 54 79
3 55 41
3 56 53
3 57 32
3 58 0
3 59 42
3 60 49
3 61 89
3 62 14
3 63 15
3 64 43
3 65 43
3 66 11
3 67 45
3 68 78
3 69 85
3 70 1
3 71 55
3 72 81
3 73 51
3 74 48
3 75 72
3 76 87
3 77 65
3 78 1
3 79 73
3 80 6
3 81 11
3 82 84
3 83 30
3 84 60
3 85 75
3 86 2
3 87 19
3 88 80
3 89 11
3 90 46
4 5 14
4 6 76
4 7 72
4 8 83
4 9 29
4 10 76
4 11 33
4 12 89
4 13 18
4 14 60
4 15 17
4 16 46
4 17 50
4 18 60
4 19 89
4 20 32
4 21 60
4 22 24
4 23 77
4 24 86
4 25 38
4 26 35
4 27 53
4 28 59
4 29 88
4 30 45
4 31 75
4 32 50
4 33 4
4 34 51
4 35 77
4 36 80
4 37 22
4 38 71
4 39 26
4 40 41
4 41 8
4 42 31
4 43 84
4 44 71
4 45 25
4 46 59
4 47 34
4 48 50
4 49 19
4 50 38
4 51 57
4 52 43
4 53 63
4 54 36
4 55 86
4 56 18
4 57 25
4 58 27
4 59 45
4 60 70
4 61 86
4 62 24
4 63 62
4 64 31
4 65 32
4 66 21
4 67 23
4 68 37
4 69 79
4 70 64
4 71 33
4 72 29
4 73 56
4 74 44
4 75 8
4 76 50
4 77 10
4 78 20
4 79 52
4 80 84
4 81 17
4 82 76
4 83 44
4 84 20
4 85 25
4 86 66
4 87 61
4 88 38
4 89 42
4 90 37
5 6 26
5 7 77
5 8 10
5 9 72
5 10 66
5 11 54
5 12 40
5 13 60
5 14 60
5 15 47
5 16 6
5 17 42
5 18 28
5 19 68
5 20 84
5 21 42
5 22 87
5 23 73
5 24 30
5 25 23
5 26 9
5 27 35
5 28 83
5 29 80
5 30 6
5 31 31
5 32 34
5 33 49
5 34 10
5 35 36
5 36 38
5 37 2
5 38 82
5 39 21
5 40 44
5 41 36
5 42 15
5 43 34
5 44 78
5 45 86
5 46 89
5 47 49
5 48 8
5 49 10
5 50 73
5 51 41
5 52 77
5 53 23
5 54 36
5 55 13
5 56 7
5 57 89
5 58 70
5 59 77
5 60 24
5 61 29
5 62 15
5 63 16
5 64 11
5 65 3
5 66 38
5 67 79
5 68 57
5 69 50
5 70 4
5 71 73
5 72 7
5 73 29
5 74 2
5 75 17
5 76 43
5 77 38
5 78 26
5 79 43
5 80 38
5 81 21
5 82 47
5 83 88
5 84 25
5 85 87
5 86 81
5 87 18
5 88 24
5 89 27
5 90 12
6 7 18
6 8 86
6 9 25
6 10 40
6 11 72
6 12 42
6 13 64
6 14 89
6 15 62
6 16 25
6 17 23
6 18 42
6 19 37
6 20 11
6 21 4
6 22 21
6 23 78
6 24 80
6 25 18
6 26 20
6 27 74
6 28 9
6 29 51
6 30 72
6 31 32
6 32 16
6 33 32
6 34 55
6 35 29
6 36 43
6 37 73
6 38 50
6 39 24
6 40 46
6 41 75
6 42 73
6 43 58
6 44 38
6 45 10
6 46 80
6 47 30
6 48 87
6 49 87
6 50 27
6 51 56
6 52 16
6 53 46
6 54 65
6 55 38
6 56 16
6 57 62
6 58 47
6 59 48
6 60 78
6 61 46
6 62 7
6 63 4
6 64 58
6 65 24
6 66 60
6 67 66
6 68 63
6 69 76
6 70 28
6 71 79
6 72 65
6 73 45
6 74 56
6 75 76
6 76 54
6 77 33
6 78 83
6 79 12
6 80 5
6 81 54
6 82 21
6 83 32
6 84 65
6 85 26
6 86 29
6 87 75
6 88 22
6 89 19
6 90 32
7 8 14
7 9 16
7 10 66
7 11 24
7 12 34
7 13 74
7 14 73
7 15 76
7 16 16
7 17 49
7 18 12
7 19 51
7 20 77
7 21 85
7 22 58
7 23 54
7 24 81
7 25 23
7 26 20
7 27 21
7 28 32
7 29 28
7 30 33
7 31 66
7 32 39
7 33 12
7 34 19
7 35 11
7 36 1
7 37 22
7 38 52
7 39 3
7 40 41
7 41 7
7 42 14
7 43 40
7 44 38
7 45 72
7 46 47
7 47 13
7 48 20
7 49 21
7 50 85
7 51 68
7 52 32
7 53 72
7 54 54
7 55 8
7 56 29
7 57 49
7 58 83
7 59 43
7 60 57
7 61 62
7 62 66
7 63 29
7 64 75
7 65 49
7 66 40
7 67 45
7 68 44
7 69 7
7 70 21
7 71 12
7 72 71
7 73 75
7 74 19
7 75 18
7 76 19
7 77 76
7 78 72
7 79 11
7 80 45
7 81 12
7 82 82
7 83 24
7 84 89
7 85 2
7 86 4
7 87 14
7 88 15
7 89 89
7 90 27
8 9 9
8 10 12
8 11 37
8 12 76
8 13 38
8 14 15
8 15 61
8 16 44
8 17 18
8 18 82
8 19 28
8 20 82
8 21 0
8 22 17
8 23 42
8 24 53
8 25 89
8 26 56
8 27 19
8 28 81
8 29 83
8 30 46
8 31 19
8 32 42
8 33 64
8 34 76
8 35 4
8 36 47
8 37 67
8 38 9
8 39 87
8 40 22
8 41 32
8 42 0
8 43 75
8 44 38
8 45 12
8 46 51
8 47 76
8 48 86
8 49 16
8 50 49
8 51 8
8 52 18
8 53 11
8 54 77
8 55 69
8 56 87
8 57 64
8 58 70
8 59 3
8 60 34
8 61 78
8 62 59
8 63 85
8 64 6
8 65 17
8 66 64
8 67 38
8 68 5
8 69 30
8 70 65
8 71 85
8 72 13
8 73 32
8 74 36
8 75 46
8 76 35
8 77 28
8 78 78
8 79 48
8 80 49
8 81 36
8 82 53
8 83 59
8 84 88
8 85 73
8 86 31
8 87 19
8 88 43
8 89 88
8 90 82
9 10 82
9 11 30
9 12 80
9 13 61
9 14 37
9 15 87
9 16 49
9 17 20
9 18 4
9 19 11
9 20 55
9 21 52
9 22 67
9 23 56
9 24 70
9 25 68
9 26 38
9 27 23
9 28 43
9 29 9
9 30 80
9 31 11
9 32 75
9 33 43
9 34 70
9 35 16
9 36 30
9 37 15
9 38 10
9 39 66
9 40 87
9 41 43
9 42 25
9 43 54
9 44 62
9 45 79
9 46 55
9 47 21
9 48 47
9 49 23
9 50 74
9 51 48
9 52 86
9 53 12
9 54 74
9 55 56
9 56 67
9 57 4
9 58 67
9 59 78
9 60 85
9 61 13
9 62 0
9 63 11
9 64 78
9 65 52
9 66 89
9 67 35
9 68 68
9 69 60
9 70 81
9 71 62
9 72 8
9 73 55
9 74 62
9 75 33
9 76 74
9 77 6
9 78 51
9 79 43
9 80 64
9 81 48
9 82 87
9 83 87
9 84 5
9 85 39
9 86 47
9 87 78
9 88 0
9 89 67
9 90 16
10 11 11
10 12 59
10 13 4
10 14 0
10 15 18
10 16 54
10 17 33
10 18 29
10 19 71
10 20 81
10 21 87
10 22 83
10 23 37
10 24 77
10 25 42
10 26 54
10 27 50
10 28 29
10 29 77
10 30 14
10 31 18
10 32 41
10 33 83
10 34 39
10 35 7
10 36 68
10 37 13
10 38 63
10 39 42
10 40 54
10 41 88
10 42 65
10 43 72
10 44 70
10 45 78
10 46 13
10 47 68
10 48 8
10 49 74
10 50 84
10 51 42
10 52 8
10 53 79
10 54 62
10 55 46
10 56 16
10 57 66
10 58 17
10 59 0
10 60 30
10 61 30
10 62 57
10 63 1
10 64 68
10 65 75
10 66 33
10 67 83
10 68 66
10 69 79
10 70 72
10 71 43
10 72 3
10 73 38
10 74 15
10 75 85
10 76 27
10 77 85
10 78 86
10 79 18
10 80 53
10 81 18
10 82 88
10 83 78
10 84 55
10 85 45
10 86 10
10 87 88
10 88 56
10 89 19
10 90 25
11 12 2
11 13 86
11 14 24
11 15 69
11 16 38
11 17 46
11 18 35
11 19 43
11 20 79
11 21 86
11 22 17
11 23 45
11 24 87
11 25 28
11 26 57
11 27 84
11 28 18
11 29 0
11 30 74
11 31 68
11 32 38
11 33 69
11 34 77
11 35 74
11 36 14
11 37 16
11 38 48
11 39 16
11 40 55
11 41 22
11 42 78
11 43 29
11 44 58
11 45 78
11 46 29
11 47 41
11 48 56
11 49 41
11 50 74
11 51 59
11 52 37
11 53 60
11 54 32
11 55 46
11 56 32
11 57 82
11 58 25
11 59 75
11 60 0
11 61 8
11 62 50
11 63 33
11 64 88
11 65 24
11 66 52
11 67 48
11 68 77
11 69 48
11 70 64
11 71 9
11 72 17
11 73 17
11 74 44
11 75 67
11 76 16
11 77 0
11 78 3
11 79 24
11 80 83
11 81 40
11 82 33
11 83 43
11 84 80
11 85 36
11 86 77
11 87 67
11 88 10
11 89 40
11 90 70
12 13 67
12 14 51
12 15 59
12 16 82
12 17 84
12 18 75
12 19 83
12 20 10
12 21 49
12 22 67
12 23 57
12 24 40
12 25 37
12 26 32
12 27 88
12 28 40
12 29 32
12 30 10
12 31 54
12 32 56
12 33 25
12 34 75
12 35 45
12 36 83
12 37 1
12 38 15
12 39 70
12 40 29
12 41 49
12 42 1
12 43 48
12 44 1
12 45 77
12 46 76
12 47 48
12 48 46
12 49 50
12 50 52
12 51 28
12 52 60
12 53 53
12 54 41
12 55 67
12 56 30
12 57 42
12 58 57
12 59 2
12 60 23
12 61 17
12 62 61
12 63 11
12 64 55
12 65 27
12 66 51
12 67 2
12 68 37
12 69 66
12 70 72
12 71 20
12 72 50
12 73 2
12 74 86
12 75 3
12 76 1
12 77 19
12 78 48
12 79 53
12 80 47
12 81 72
12 82 85
12 83 50
12 84 54
12 85 44
12 86 86
12 87 11
12 88 51
12 89 39
12 90 17
13 14 59
13 15 9
13 16 70
13 17 6
13 18 15
13 19 8
13 20 48
13 21 78
13 22 1
13 23 23
13 24 74
13 25 80
13 26 49
13 27 11
13 28 34
13 29 17
13 30 36
13 31 27
13 32 69
13 33 78
13 34 30
13 35 87
13 36 30
13 37 36
13 38 22
13 39 70
13 40 19
13 41 43
13 42 8
13 43 76
13 44 21
13 45 89
13 46 65
13 47 66
13 48 76
13 49 64
13 50 75
13 51 78
13 52 74
13 53 64
13 54 6
13 55 77
13 56 53
13 57 88
13 58 85
13 59 54
13 60 5
13 61 56
13 62 66
13 63 1
13 64 11
13 65 20
13 66 58
13 67 59
13 68 43
13 69 29
13 70 12
13 71 75
13 72 42
13 73 26
13 74 65
13 75 41
13 76 78
13 77 6
13 78 52
13 79 86
13 80 38
13 81 0
13 82 33
13 83 36
13 84 82
13 85 81
13 86 4
13 87 86
13 88 42
13 89 3
13 90 83
14 15 34
14 16 51
14 17 8
14 18 68
14 19 32
14 20 28
14 21 71
14 22 86
14 23 63
14 24 45
14 25 81
14 26 10
14 27 24
14 28 89
14 29 53
14 30 42
14 31 26
14 32 80
14 33 58
14 34 87
14 35 19
14 36 69
14 37 53
14 38 48
14 39 74
14 40 70
14 41 69
14 42 81
14 43 46
14 44 22
14 45 21
14 46 63
14 47 21
14 48 22
14 49 76
14 50 18
14 51 78
14 52 81
14 53 80
14 54 27
14 55 8
14 56 18
14 57 28
14 58 53
14 59 52
14 60 73
14 61 47
14 62 50
14 63 24
14 64 60
14 65 70
14 66 0
14 67 50
14 68 17
14 69 9
14 70 89
14 71 52
14 72 26
14 73 84
14 74 49
14 75 34
14 76 19
14 77 67
14 78 17
14 79 76
14 80 20
14 81 65
14 82 52
14 83 86
14 84 36
14 85 56
14 86 0
14 87 19
14 88 38
14 89 23
14 90 30
15 16 88
15 17 51
15 18 35
15 19 2
15 20 64
15 21 81
15 22 4
15 23 66
15 24 55
15 25 38
15 26 28
15 27 7
15 28 34
15 29 33
15 30 64
15 31 57
15 32 33
15 33 50
15 34 22
15 35 85
15 36 53
15 37 35
15 38 32
15 39 49
15 40 19
15 41 29
15 42 71
15 43 23
15 44 58
15 45 6
15 46 70
15 47 40
15 48 3
15 49 83
15 50 23
15 51 86
15 52 3
15 53 30
15 54 69
15 55 4
15 56 43
15 57 44
15 58 46
15 59 52
15 60 18
15 61 39
15 62 42
15 63 10
15 64 34
15 65 80
15 66 27
15 67 9
15 68 12
15 69 30
15 70 69
15 71 77
15 72 29
15 73 0
15 74 66
15 75 32
15 76 72
15 77 60
15 78 30
15 79 31
15 80 13
15 81 1
15 82 4
15 83 30
15 84 41
15 85 41
15 86 46
15 87 13
15 88 72
15 89 89
15 90 64
16 17 24
16 18 59
16 19 62
16 20 49
16 21 53
16 22 17
16 23 43
16 24 56
16 25 77
16 26 16
16 27 37
16 28 62
16 29 62
16 30 32
16 31 55
16 32 48
16 33 22
16 34 4
16 35 52
16 36 7
16 37 68
16 38 30
16 39 77
16 40 76
16 41 25
16 42 50
16 43 67
16 44 61
16 45 20
16 46 75
16 47 89
16 48 84
16 49 66
16 50 47
16 51 2
16 52 34
16 53 18
16 54 21
16 55 66
16 56 60
16 57 71
16 58 77
16 59 77
16 60 46
16 61 58
16 62 21
16 63 16
16 64 4
16 65 65
16 66 11
16 67 43
16 68 6
16 69 15
16 70 28
16 71 71
16 72 73
16 73 63
16 74 12
16 75 16
16 76 20
16 77 76
16 78 36
16 79 57
16 80 37
16 81 38
16 82 4
16 83 12
16 84 28
16 85 13
16 86 30
16 87 11
16 88 72
16 89 82
16 90 32
17 18 48
17 19 71
17 20 71
17 21 7
17 22 85
17 23 40
17 24 54
17 25 30
17 26 89
17 27 50
17 28 68
17 29 61
17 30 48
17 31 59
17 32 40
17 33 34
17 34 84
17 35 62
17 36 75
17 37 8
17 38 23
17 39 67
17 40 4
17 41 80
17 42 72
17 43 8
17 44 65
17 45 47
17 46 40
17 47 37
17 48 11
17 49 17
17 50 64
17 51 86
17 52 74
17 53 17
17 54 49
17 55 48
17 56 4
17 57 34
17 58 63
17 59 2
17 60 10
17 61 59
17 62 88
17 63 24
17 64 68
17 65 74
17 66 55
17 67 85
17 68 62
17 69 84
17 70 23
17 71 40
17 72 1
17 73 10
17 74 50
17 75 40
17 76 72
17 77 73
17 78 0
17 79 51
17 80 73
17 81 58
17 82 85
17 83 78
17 84 9
17 85 11
17 86 87
17 87 50
17 88 18
17 89 88
17 90 85
18 19 3
18 20 77
18 21 36
18 22 17
18 23 33
18 24 4
18 25 11
18 26 54
18 27 27
18 28 39
18 29 35
18 30 28
18 31 18
18 32 40
18 33 65
18 34 67
18 35 85
18 36 62
18 37 37
18 38 45
18 39 86
18 40 28
18 41 21
18 42 59
18 43 6
18 44 16
18 45 36
18 46 73
18 47 5
18 48 77
18 49 11
18 50 79
18 51 13
18 52 24
18 53 60
18 54 31
18 55 69
18 56 8
18 57 26
18 58 12
18 59 59
18 60 71
18 61 1
18 62 31
18 63 38
18 64 59
18 65 84
18 66 62
18 67 3
18 68 49
18 69 76
18 70 57
18 71 19
18 72 39
18 73 7
18 74 77
18 75 36
18 76 38
18 77 75
18 78 38
18 79 1
18 80 28
18 81 13
18 82 34
18 83 31
18 84 24
18 85 86
18 86 79
18 87 6
18 88 66
18 89 64
18 90 52
19 20 85
19 21 4
19 22 54
19 23 26
19 24 63
19 25 70
19 26 62
19 27 63
19 28 19
19 29 18
19 30 71
19 31 33
19 32 45
19 33 26
19 34 39
19 35 1
19 36 6
19 37 24
19 38 10
19 39 41
19 40 59
19 41 47
19 42 25
19 43 85
19 44 46
19 45 70
19 46 71
19 47 73
19 48 46
19 49 89
19 50 75
19 51 32
19 52 73
19 53 63
19 54 68
19 55 8
19 56 89
19 57 46
19 58 8
19 59 12
19 60 86
19 61 14
19 62 73
19 63 70
19 64 43
19 65 19
19 66 33
19 67 6
19 68 15
19 69 28
19 70 12
19 71 12
19 72 40
19 73 56
19 74 39
19 75 49
19 76 66
19 77 25
19 78 79
19 79 24
19 80 43
19 81 14
19 82 9
19 83 39
19 84 25
19 85 15
19 86 0
19 87 21
19 88 42
19 89 64
19 90 86
20 21 61
20 22 76
20 23 8
20 24 25
20 25 66
20 26 22
20 27 12
20 28 54
20 29 36
20 30 21
20 31 51
20 32 52
20 33 24
20 34 82
20 35 75
20 36 15
20 37 76
20 38 30
20 39 76
20 40 25
20 41 74
20 42 28
20 43 32
20 44 30
20 45 86
20 46 51
20 47 63
20 48 13
20 49 76
20 50 12
20 51 21
20 52 22
20 53 21
20 54 52
20 55 66
20 56 86
20 57 20
20 58 44
20 59 62
20 60 83
20 61 82
20 62 3
20 63 67
20 64 16
20 65 41
20 66 12
20 67 7
20 68 56
20 69 41
20 70 22
20 71 38
20 72 41
20 73 43
20 74 65
20 75 57
20 76 37
20 77 25
20 78 22
20 79 57
20 80 16
20 81 49
20 82 56
20 83 10
20 84 84
20 85 68
20 86 30
20 87 67
20 88 40
20 89 89
20 90 75
21 22 23
21 23 21
21 24 28
21 25 0
21 26 65
21 27 21
21 28 7
21 29 61
21 30 62
21 31 74
21 32 51
21 33 83
21 34 0
21 35 60
21 36 8
21 37 55
21 38 27
21 39 25
21 40 78
21 41 86
21 42 39
21 43 49
21 44 88
21 45 60
21 46 38
21 47 56
21 48 33
21 49 21
21 50 47
21 51 75
21 52 21
21 53 46
21 54 46
21 55 6
21 56 79
21 57 38
21 58 78
21 59 50
21 60 11
21 61 85
21 62 54
21 63 44
21 64 86
21 65 0
21 66 65
21 67 42
21 68 45
21 69 1
21 70 87
21 71 57
21 72 37
21 73 76
21 74 37
21 75 12
21 76 18
21 77 56
21 78 85
21 79 48
21 80 37
21 81 61
21 82 11
21 83 70
21 84 78
21 85 24
21 86 20
21 87 54
21 88 67
21 89 79
21 90 53
22 23 71
22 24 73
22 25 73
22 26 32
22 27 88
22 28 66
22 29 63
22 30 61
22 31 74
22 32 45
22 33 84
22 34 69
22 35 67
22 36 16
22 37 56
22 38 49
22 39 56
22 40 49
22 41 13
22 42 83
22 43 83
22 44 49
22 45 89
22 46 14
22 47 1
22 48 50
22 49 45
22 50 57
22 51 88
22 52 14
22 53 75
22 54 82
22 55 3
22 56 81
22 57 12
22 58 13
22 59 27
22 60 17
22 61 51
22 62 4
22 63 54
22 64 46
22 65 25
22 66 56
22 67 31
22 68 42
22 69 57
22 70 51
22 71 45
22 72 83
22 73 61
22 74 41
22 75 3
22 76 50
22 77 19
22 78 66
22 79 20
22 80 21
22 81 64
22 82 88
22 83 43
22 84 7
22 85 10
22 86 18
22 87 77
22 88 30
22 89 10
22 90 16
23 24 50
23 25 15
23 26 16
23 27 7
23 28 19
23 29 29
23 30 34
23 31 10
23 32 74
23 33 13
23 34 40
23 35 33
23 36 66
23 37 68
23 38 44
23 39 14
23 40 12
23 41 39
23 42 80
23 43 85
23 44 80
23 45 29
23 46 29
23 47 36
23 48 74
23 49 22
23 50 13
23 51 61
23 52 5
23 53 80
23 54 9
23 55 76
23 56 68
23 57 34
23 58 21
23 59 79
23 60 4
23 61 40
23 62 34
23 63 47
23 64 21
23 65 1
23 66 85
23 67 55
23 68 31
23 69 64
23 70 19
23 71 52
23 72 69
23 73 17
23 74 2
23 75 64
23 76 81
23 77 33
23 78 70
23 79 37
23 80 3
23 81 58
23 82 28
23 83 26
23 84 88
23 85 80
23 86 23
23 87 59
23 88 78
23 89 43
23 90 57
24 25 8
24 26 71
24 27 61
24 28 14
24 29 36
24 30 80
24 31 29
24 32 77
24 33 81
24 34 1
24 35 83
24 36 81
24 37 22
24 38 40
24 39 39
24 40 16
24 41 27
24 42 18
24 43 0
24 44 17
24 45 12
24 46 50
24 47 9
24 48 10
24 49 84
24 50 8
24 51 21
24 52 20
24 53 58
24 54 74
24 55 13
24 56 85
24 57 53
24 58 69
24 59 52
24 60 43
24 61 3
24 62 2
24 63 49
24 64 42
24 65 13
24 66 13
24 67 53
24 68 62
24 69 83
24 70 6
24 71 33
24 72 45
24 73 50
24 74 48
24 75 32
24 76 48
24 77 68
24 78 18
24 79 15
24 80 75
24 81 19
24 82 82
24 83 88
24 84 16
24 85 5
24 86 53
24 87 89
24 88 39
24 89 86
24 90 66
25 26 76
25 27 12
25 28 36
25 29 48
25 30 41
25 31 24
25 32 63
25 33 9
25 34 64
25 35 22
25 36 48
25 37 56
25 38 89
25 39 36
25 40 28
25 41 31
25 42 38
25 43 58
25 44 12
25 45 74
25 46 6
25 47 29
25 48 42
25 49 56
25 50 77
25 51 58
25 52 60
25 53 11
25 54 21
25 55 6
25 56 17
25 57 39
25 58 76
25 59 65
25 60 10
25 61 86
25 62 3
25 63 85
25 64 57
25 65 35
25 66 10
25 67 80
25 68 47
25 69 19
25 70 66
25 71 52
25 72 89
25 73 14
25 74 9
25 75 47
25 76 54
25 77 25
25 78 21
25 79 85
25 80 2
25 81 39
25 82 42
25 83 65
25 84 80
25 85 42
25 86 85
25 87 6
25 88 48
25 89 44
25 90 34
26 27 65
26 28 25
26 29 42
26 30 41
26 31 37
26 32 22
26 33 86
26 34 38
26 35 46
26 36 4
26 37 7
26 38 46
26 39 51
26 40 79
26 41 76
26 42 35
26 43 45
26 44 9
26 45 50
26 46 66
26 47 68
26 48 46
26 49 8
26 50 84
26 51 49
26 52 49
26 53 86
26 54 62
26 55 17
26 56 0
26 57 46
26 58 16
26 59 77
26 60 12
26 61 61
26 62 21
26 63 54
26 64 31
26 65 84
26 66 35
26 67 17
26 68 9
26 69 53
26 70 64
26 71 16
26 72 80
26 73 79
26 74 49
26 75 42
26 76 88
26 77 83
26 78 81
26 79 60
26 80 44
26 81 79
26 82 56
26 83 89
26 84 16
26 85 63
26 86 57
26 87 23
26 88 18
26 89 75
26 90 65
27 28 0
27 29 49
27 30 47
27 31 10
27 32 42
27 33 74
27 34 71
27 35 67
27 36 41
27 37 88
27 38 67
27 39 86
27 40 22
27 41 67
27 42 49
27 43 28
27 44 69
27 45 16
27 46 3
27 47 76
27 48 52
27 49 13
27 50 72
27 51 24
27 52 85
27 53 34
27 54 28
27 55 23
27 56 18
27 57 59
27 58 26
27 59 40
27 60 82
27 61 53
27 62 30
27 63 49
27 64 35
27 65 26
27 66 36
27 67 13
27 68 36
27 69 75
27 70 20
27 71 32
27 72 1
27 73 33
27 74 81
27 75 57
27 76 47
27 77 39
27 78 54
27 79 37
27 80 48
27 81 84
27 82 13
27 83 87
27 84 82
27 85 50
27 86 4
27 87 57
27 88 60
27 89 0
27 90 8
28 29 29
28 30 43
28 31 59
28 32 73
28 33 83
28 34 76
28 35 68
28 36 29
28 37 71
28 38 19
28 39 15
28 40 31
28 41 24
28 42 14
28 43 54
28 44 53
28 45 73
28 46 19
28 47 8
28 48 76
28 49 6
28 50 45
28 51 39
28 52 13
28 53 47
28 54 15
28 55 20
28 56 38
28 57 27
28 58 76
28 59 68
28 60 55
28 61 2
28 62 3
28 63 29
28 64 10
28 65 31
28 66 81
28 67 64
28 68 15
28 69 48
28 70 6
28 71 19
28 72 69
28 73 33
28 74 28
28 75 57
28 76 81
28 77 77
28 78 49
28 79 62
28 80 41
28 81 49
28 82 16
28 83 28
28 84 17
28 85 17
28 86 56
28 87 13
28 88 32
28 89 60
28 90 6
29 30 34
29 31 68
29 32 70
29 33 49
29 34 69
29 35 61
29 36 19
29 37 54
29 38 13
29 39 50
29 40 75
29 41 57
29 42 80
29 43 12
29 44 83
29 45 53
29 46 80
29 47 67
29 48 66
29 49 36
29 50 22
29 51 77
29 52 79
29 53 46
29 54 31
29 55 56
29 56 58
29 57 29
29 58 84
29 59 60
29 60 2
29 61 2
29 62 54
29 63 36
29 64 35
29 65 83
29 66 76
29 67 45
29 68 72
29 69 87
29 70 56
29 71 86
29 72 43
29 73 67
29 74 23
29 75 88
29 76 11
29 77 82
29 78 4
29 79 82
29 80 45
29 81 4
29 82 78
29 83 65
29 84 83
29 85 83
29 86 16
29 87 2
29 88 67
29 89 83
29 90 9
30 31 54
30 32 40
30 33 27
30 34 36
30 35 0
30 36 78
30 37 3
30 38 14
30 39 42
30 40 50
30 41 29
30 42 43
30 43 23
30 44 7
30 45 45
30 46 44
30 47 53
30 48 72
30 49 4
30 50 43
30 51 8
30 52 46
30 53 39
30 54 53
30 55 0
30 56 38
30 57 60
30 58 43
30 59 55
30 60 64
30 61 7
30 62 3
30 63 46
30 64 17
30 65 61
30 66 69
30 67 63
30 68 81
30 69 41
30 70 25
30 71 77
30 72 51
30 73 63
30 74 76
30 75 73
30 76 86
30 77 67
30 78 85
30 79 14
30 80 0
30 81 76
30 82 59
30 83 88
30 84 8
30 85 87
30 86 76
30 87 88
30 88 63
30 89 21
30 90 6
31 32 82
31 33 60
31 34 37
31 35 60
31 36 11
31 37 4
31 38 52
31 39 77
31 40 6
31 41 76
31 42 51
31 43 55
31 44 31
31 45 57
31 46 2
31 47 74
31 48 53
31 49 13
31 50 73
31 51 8
31 52 55
31 53 6
31 54 46
31 55 31
31 56 5
31 57 27
31 58 36
31 59 50
31 60 60
31 61 42
31 62 11
31 63 38
31 64 18
31 65 41
31 66 76
31 67 24
31 68 70
31 69 67
31 70 77
31 71 76
31 72 85
31 73 8
31 74 73
31 75 57
31 76 30
31 77 60
31 78 60
31 79 23
31 80 68
31 81 28
31 82 79
31 83 37
31 84 83
31 85 4
31 86 14
31 87 27
31 88 4
31 89 71
31 90 22
32 33 34
32 34 63
32 35 42
32 36 58
32 37 40
32 38 68
32 39 78
32 40 6
32 41 76
32 42 42
32 43 76
32 44 78
32 45 58
32 46 41
32 47 68
32 48 46
32 49 59
32 50 87
32 51 38
32 52 73
32 53 76
32 54 81
32 55 58
32 56 0
32 57 12
32 58 7
32 59 64
32 60 17
32 61 33
32 62 23
32 63 2
32 64 5
32 65 72
32 66 37
32 67 79
32 68 39
32 69 21
32 70 33
32 71 30
32 72 42
32 73 89
32 74 3
32 75 24
32 76 5
32 77 12
32 78 60
32 79 80
32 80 1
32 81 59
32 82 57
32 83 66
32 84 66
32 85 50
32 86 22
32 87 82
32 88 22
32 89 51
32 90 31
33 34 26
33 35 82
33 36 20
33 37 21
33 38 48
33 39 39
33 40 33
33 41 79
33 42 35
33 43 24
33 44 70
33 45 81
33 46 62
33 47 46
33 48 60
33 49 83
33 50 11
33 51 59
33 52 8
33 53 8
33 54 6
33 55 47
33 56 83
33 57 70
33 58 57
33 59 11
33 60 60
33 61 69
33 62 72
33 63 34
33 64 23
33 65 43
33 66 28
33 67 18
33 68 42
33 69 75
33 70 10
33 71 33
33 72 50
33 73 41
33 74 85
33 75 5
33 76 19
33 77 33
33 78 39
33 79 27
33 80 60
33 81 85
33 82 53
33 83 89
33 84 39
33 85 63
33 86 84
33 87 11
33 88 31
33 89 87
33 90 40
34 35 70
34 36 51
34 37 69
34 38 0
34 39 36
34 40 20
34 41 7
34 42 34
34 43 41
34 44 32
34 45 32
34 46 26
34 47 81
34 48 68
34 49 44
34 50 60
34 51 80
34 52 46
34 53 46
34 54 70
34 55 19
34 56 1
34 57 19
34 58 17
34 59 39
34 60 66
34 61 74
34 62 72
34 63 83
34 64 13
34 65 16
34 66 84
34 67 77
34 68 47
34 69 87
34 70 37
34 71 13
34 72 9
34 73 23
34 74 18
34 75 37
34 76 65
34 77 19
34 78 0
34 79 35
34 80 82
34 81 86
34 82 75
34 83 64
34 84 67
34 85 54
34 86 88
34 87 65
34 88 2
34 89 53
34 90 34
35 36 37
35 37 19
35 38 64
35 39 66
35 40 68
35 41 58
35 42 6
35 43 63
35 44 69
35 45 20
35 46 20
35 47 87
35 48 73
35 49 89
35 50 56
35 51 66
35 52 44
35 53 35
35 54 71
35 55 56
35 56 19
35 57 83
35 58 59
35 59 84
35 60 75
35 61 13
35 62 9
35 63 57
35 64 82
35 65 13
35 66 44
35 67 44
35 68 75
35 69 40
35 70 21
35 71 18
35 72 37
35 73 36
35 74 50
35 75 1
35 76 45
35 77 9
35 78 80
35 79 36
35 80 73
35 81 73
35 82 9
35 83 69
35 84 26
35 85 10
35 86 29
35 87 81
35 88 3
35 89 9
35 90 32
36 37 38
36 38 76
36 39 87
36 40 74
36 41 9
36 42 54
36 43 3
36 44 54
36 45 38
36 46 12
36 47 77
36 48 20
36 49 41
36 50 63
36 51 67
36 52 15
36 53 8
36 54 19
36 55 33
36 56 19
36 57 87
36 58 84
36 59 26
36 60 8
36 61 33
36 62 49
36 63 49
36 64 53
36 65 26
36 66 22
36 67 73
36 68 68
36 69 34
36 70 25
36 71 17
36 72 57
36 73 61
36 74 57
36 75 80
36 76 70
36 77 32
36 78 60
36 79 2
36 80 83
36 81 87
36 82 86
36 83 71
36 84 83
36 85 4
36 86 65
36 87 29
36 88 11
36 89 83
36 90 17
37 38 31
37 39 66
37 40 21
37 41 72
37 42 36
37 43 10
37 44 75
37 45 43
37 46 89
37 47 49
37 48 56
37 49 50
37 50 75
37 51 27
37 52 10
37 53 9
37 54 20
37 55 22
37 56 44
37 57 89
37 58 84
37 59 74
37 60 49
37 61 12
37 62 78
37 63 87
37 64 80
37 65 28
37 66 68
37 67 65
37 68 56
37 69 71
37 70 25
37 71 23
37 72 51
37 73 27
37 74 82
37 75 9
37 76 60
37 77 23
37 78 1
37 79 61
37 80 48
37 81 15
37 82 27
37 83 85
37 84 83
37 85 60
37 86 6
37 87 43
37 88 50
37 89 69
37 90 89
38 39 40
38 40 77
38 41 83
38 42 51
38 43 45
38 44 36
38 45 64
38 46 18
38 47 73
38 48 58
38 49 43
38 50 74
38 51 24
38 52 3
38 53 36
38 54 36
38 55 73
38 56 83
38 57 1
38 58 80
38 59 27
38 60 25
38 61 37
38 62 89
38 63 41
38 64 13
38 65 31
38 66 56
38 67 49
38 68 70
38 69 84
38 70 10
38 71 60
38 72 70
38 73 66
38 74 38
38 75 27
38 76 40
38 77 72
38 78 79
38 79 68
38 80 81
38 81 55
38 82 5
38 83 40
38 84 45
38 85 24
38 86 63
38 87 77
38 88 8
38 89 70
38 90 44
39 40 82
39 41 77
39 42 80
39 43 64
39 44 38
39 45 28
39 46 46
39 47 48
39 48 69
39 49 70
39 50 18
39 51 40
39 52 12
39 53 75
39 54 67
39 55 67
39 56 61
39 57 30
39 58 72
39 59 14
39 60 17
39 61 46
39 62 5
39 63 29
39 64 36
39 65 8
39 66 20
39 67 2
39 68 35
39 69 43
39 70 11
39 71 53
39 72 65
39 73 6
39 74 68
39 75 53
39 76 1
39 77 56
39 78 2
39 79 48
39 80 71
39 81 30
39 82 58
39 83 2
39 84 44
39 85 22
39 86 37
39 87 38
39 88 20
39 89 85
39 90 74
40 41 56
40 42 87
40 43 3
40 44 47
40 45 61
40 46 87
40 47 16
40 48 30
40 49 11
40 50 37
40 51 12
40 52 70
40 53 80
40 54 52
40 55 52
40 56 25
40 57 34
40 58 34
40 59 62
40 60 35
40 61 69
40 62 26
40 63 69
40 64 65
40 65 37
40 66 82
40 67 72
40 68 77
40 69 15
40 70 0
40 71 2
40 72 6
40 73 57
40 74 4
40 75 22
40 76 63
40 77 72
40 78 34
40 79 2
40 80 18
40 81 65
40 82 81
40 83 47
40 84 53
40 85 81
40 86 49
40 87 80
40 88 45
40 89 12
40 90 82
41 42 51
41 43 52
41 44 40
41 45 78
41 46 65
41 47 67
41 48 70
41 49 3
41 50 68
41 51 13
41 52 3
41 53 37
41 54 87
41 55 68
41 56 67
41 57 53
41 58 29
41 59 27
41 60 25
41 61 10
41 62 60
41 63 82
41 64 18
41 65 56
41 66 66
41 67 76
41 68 88
41 69 75
41 70 11
41 71 63
41 72 87
41 73 54
41 74 37
41 75 75
41 76 68
41 77 80
41 78 1
41 79 35
41 80 66
41 81 68
41 82 21
41 83 65
41 84 81
41 85 29
41 86 65
41 87 1
41 88 39
41 89 73
41 90 14
42 43 78
42 44 56
42 45 69
42 46 39
42 47 81
42 48 0
42 49 81
42 50 47
42 51 70
42 52 22
42 53 40
42 54 79
42 55 0
42 56 14
42 57 73
42 58 58
42 59 28
42 60 34
42 61 54
42 62 53
42 63 15
42 64 32
42 65 60
42 66 76
42 67 14
42 68 87
42 69 73
42 70 20
42 71 58
42 72 54
42 73 64
42 74 71
42 75 27
42 76 89
42 77 22
42 78 40
42 79 20
42 80 16
42 81 70
42 82 78
42 83 49
42 84 2
42 85 10
42 86 73
42 87 29
42 88 23
42 89 84
42 90 49
43 44 28
43 45 15
43 46 2
43 47 78
43 48 49
43 49 71
43 50 8
43 51 21
43 52 48
43 53 71
43 54 35
43 55 76
43 56 4
43 57 74
43 58 16
43 59 68
43 60 45
43 61 9
43 62 72
43 63 82
43 64 23
43 65 59
43 66 13
43 67 43
43 68 34
43 69 58
43 70 66
43 71 24
43 72 13
43 73 73
43 74 86
43 75 41
43 76 64
43 77 67
43 78 60
43 79 66
43 80 15
43 81 87
43 82 21
43 83 47
43 84 65
43 85 85
43 86 82
43 87 67
43 88 86
43 89 75
43 90 13
44 45 55
44 46 38
44 47 81
44 48 1
44 49 9
44 50 37
44 51 16
44 52 36
44 53 40
44 54 12
44 55 84
44 56 53
44 57 25
44 58 25
44 59 19
44 60 75
44 61 18
44 62 55
44 63 78
44 64 25
44 65 35
44 66 88
44 67 15
44 68 39
44 69 17
44 70 11
44 71 48
44 72 87
44 73 21
44 74 12
44 75 58
44 76 52
44 77 13
44 78 21
44 79 50
44 80 14
44 81 38
44 82 11
44 83 65
44 84 21
44 85 14
44 86 49
44 87 48
44 88 64
44 89 76
44 90 49
45 46 82
45 47 75
45 48 55
45 49 34
45 50 9
45 51 29
45 52 74
45 53 45
45 54 14
45 55 23
45 56 60
45 57 84
45 58 4
45 59 76
45 60 26
45 61 80
45 62 81
45 63 67
45 64 4
45 65 65
45 66 49
45 67 42
45 68 29
45 69 9
45 70 84
45 71 27
45 72 58
45 73 7
45 74 3
45 75 51
45 76 36
45 77 22
45 78 13
45 79 68
45 80 51
45 81 39
45 82 71
45 83 19
45 84 88
45 85 34
45 86 7
45 87 83
45 88 86
45 89 41
45 90 82
46 47 7
46 48 52
46 49 50
46 50 55
46 51 37
46 52 32
46 53 60
46 54 86
46 55 9
46 56 39
46 57 77
46 58 10
46 59 33
46 60 38
46 61 20
46 62 65
46 63 87
46 64 18
46 65 26
46 66 54
46 67 30
46 68 88
46 69 88
46 70 74
46 71 12
46 72 61
46 73 16
46 74 16
46 75 46
46 76 32
46 77 53
46 78 54
46 79 89
46 80 71
46 81 7
46 82 11
46 83 34
46 84 53
46 85 16
46 86 8
46 87 55
46 88 18
46 89 80
46 90 16
47 48 40
47 49 0
47 50 22
47 51 83
47 52 55
47 53 53
47 54 83
47 55 38
47 56 55
47 57 52
47 58 30
47 59 28
47 60 89
47 61 74
47 62 10
47 63 23
47 64 4
47 65 54
47 66 12
47 67 17
47 68 13
47 69 73
47 70 3
47 71 71
47 72 65
47 73 15
47 74 87
47 75 0
47 76 73
47 77 84
47 78 20
47 79 54
47 80 55
47 81 54
47 82 84
47 83 3
47 84 79
47 85 10
47 86 14
47 87 30
47 88 23
47 89 84
47 90 48
48 49 80
48 50 20
48 51 22
48 52 68
48 53 87
48 54 83
48 55 2
48 56 3
48 57 62
48 58 54
48 59 53
48 60 63
48 61 12
48 62 30
48 63 0
48 64 61
48 65 58
48 66 68
48 67 26
48 68 22
48 69 39
48 70 51
48 71 9
48 72 65
48 73 57
48 74 60
48 75 14
48 76 13
48 77 80
48 78 25
48 79 62
48 80 8
48 81 8
48 82 11
48 83 81
48 84 43
48 85 64
48 86 29
48 87 71
48 88 73
48 89 59
48 90 26
49 50 67
49 51 66
49 52 84
49 53 21
49 54 75
49 55 41
49 56 51
49 57 6
49 58 56
49 59 26
49 60 16
49 61 40
49 62 33
49 63 15
49 64 62
49 65 62
49 66 25
49 67 15
49 68 72
49 69 23
49 70 51
49 71 70
49 72 58
49 73 77
49 74 65
49 75 34
49 76 58
49 77 28
49 78 9
49 79 68
49 80 66
49 81 23
49 82 75
49 83 86
49 84 66
49 85 69
49 86 16
49 87 77
49 88 15
49 89 1
49 90 17
50 51 25
50 52 50
50 53 40
50 54 60
50 55 9
50 56 24
50 57 65
50 58 49
50 59 67
50 60 43
50 61 25
50 62 37
50 63 48
50 64 69
50 65 52
50 66 60
50 67 16
50 68 72
50 69 69
50 70 89
50 71 66
50 72 67
50 73 24
50 74 38
50 75 51
50 76 10
50 77 41
50 78 11
50 79 82
50 80 7
50 81 70
50 82 26
50 83 38
50 84 80
50 85 35
50 86 15
50 87 49
50 88 23
50 89 19
50 90 66
51 52 85
51 53 10
51 54 10
51 55 74
51 56 31
51 57 24
51 58 66
51 59 74
51 60 67
51 61 31
51 62 59
51 63 35
51 64 51
51 65 47
51 66 47
51 67 40
51 68 75
51 69 44
51 70 51
51 71 18
51 72 30
51 73 71
51 74 50
51 75 42
51 76 2
51 77 73
51 78 20
51 79 14
51 80 71
51 81 42
51 82 9
51 83 38
51 84 11
51 85 2
51 86 0
51 87 67
51 88 56
51 89 17
51 90 47
52 53 87
52 54 51
52 55 17
52 56 26
52 57 50
52 58 3
52 59 72
52 60 61
52 61 4
52 62 63
52 63 85
52 64 68
52 65 40
52 66 39
52 67 52
52 68 15
52 69 44
52 70 69
52 71 70
52 72 37
52 73 17
52 74 34
52 75 54
52 76 75
52 77 15
52 78 31
52 79 44
52 80 38
52 81 75
52 82 32
52 83 14
52 84 6
52 85 70
52 86 53
52 87 85
52 88 71
52 89 34
52 90 54
53 54 47
53 55 72
53 56 6
53 57 61
53 58 1
53 59 31
53 60 57
53 61 48
53 62 13
53 63 7
53 64 73
53 65 64
53 66 6
53 67 2
53 68 16
53 69 8
53 70 5
53 71 19
53 72 10
53 73 74
53 74 66
53 75 20
53 76 72
53 77 28
53 78 34
53 79 48
53 80 33
53 81 79
53 82 79
53 83 68
53 84 25
53 85 48
53 86 84
53 87 65
53 88 24
53 89 36
53 90 11
54 55 89
54 56 40
54 57 56
54 58 65
54 59 15
54 60 31
54 61 37
54 62 15
54 63 15
54 64 7
54 65 22
54 66 26
54 67 45
54 68 83
54 69 41
54 70 50
54 71 62
54 72 6
54 73 88
54 74 20
54 75 68
54 76 64
54 77 12
54 78 69
54 79 88
54 80 29
54 81 67
54 82 65
54 83 17
54 84 85
54 85 76
54 86 44
54 87 28
54 88 64
54 89 24
54 90 60
55 56 42
55 57 12
55 58 80
55 59 5
55 60 36
55 61 45
55 62 50
55 63 82
55 64 76
55 65 22
55 66 25
55 67 61
55 68 39
55 69 28
55 70 35
55 71 16
55 72 64
55 73 54
55 74 34
55 75 27
55 76 78
55 77 49
55 78 55
55 79 42
55 80 2
55 81 57
55 82 4
55 83 54
55 84 64
55 85 61
55 86 48
55 87 37
55 88 49
55 89 4
55 90 55
56 57 71
56 58 71
56 59 22
56 60 66
56 61 61
56 62 23
56 63 53
56 64 14
56 65 30
56 66 31
56 67 66
56 68 1
56 69 37
56 70 3
56 71 76
56 72 51
56 73 72
56 74 15
56 75 50
56 76 84
56 77 5
56 78 8
56 79 51
56 80 71
56 81 62
56 82 88
56 83 55
56 84 47
56 85 41
56 86 71
56 87 61
56 88 41
56 89 61
56 90 2
57 58 36
57 59 22
57 60 49
57 61 13
57 62 35
57 63 5
57 64 48
57 65 5
57 66 60
57 67 35
57 68 43
57 69 47
57 70 84
57 71 87
57 72 79
57 73 6
57 74 68
57 75 62
57 76 14
57 77 81
57 78 51
57 79 13
57 80 15
57 81 53
57 82 72
57 83 70
57 84 29
57 85 80
57 86 34
57 87 43
57 88 46
57 89 42
57 90 81
58 59 67
58 60 55
58 61 61
58 62 55
58 63 47
58 64 1
58 65 31
58 66 58
58 67 49
58 68 79
58 69 28
58 70 20
58 71 71
58 72 84
58 73 74
58 74 69
58 75 71
58 76 5
58 77 45
58 78 15
58 79 79
58 80 51
58 81 13
58 82 40
58 83 75
58 84 20
58 85 78
58 86 32
58 87 16
58 88 9
58 89 39
58 90 59
59 60 70
59 61 24
59 62 12
59 63 22
59 64 37
59 65 25
59 66 22
59 67 41
59 68 18
59 69 65
59 70 7
59 71 84
59 72 86
59 73 21
59 74 11
59 75 77
59 76 45
59 77 13
59 78 48
59 79 5
59 80 36
59 81 17
59 82 47
59 83 15
59 84 31
59 85 87
59 86 34
59 87 33
59 88 7
59 89 66
59 90 59
60 61 59
60 62 88
60 63 26
60 64 88
60 65 38
60 66 19
60 67 69
60 68 88
60 69 59
60 70 40
60 71 52
60 72 56
60 73 49
60 74 86
60 75 9
60 76 64
60 77 25
60 78 45
60 79 15
60 80 50
60 81 45
60 82 3
60 83 41
60 84 56
60 85 57
60 86 14
60 87 51
60 88 40
60 89 12
60 90 67
61 62 7
61 63 3
61 64 24
61 65 67
61 66 13
61 67 52
61 68 57
61 69 79
61 70 8
61 71 68
61 72 78
61 73 34
61 74 78
61 75 35
61 76 74
61 77 50
61 78 40
61 79 1
61 80 81
61 81 62
61 82 47
61 83 83
61 84 13
61 85 84
61 86 27
61 87 6
61 88 84
61 89 40
61 90 53
62 63 22
62 64 27
62 65 50
62 66 34
62 67 53
62 68 54
62 69 28
62 70 52
62 71 36
62 72 24
62 73 3
62 74 76
62 75 17
62 76 43
62 77 88
62 78 18
62 79 55
62 80 7
62 81 65
62 82 16
62 83 28
62 84 3
62 85 60
62 86 71
62 87 70
62 88 0
62 89 65
62 90 35
63 64 18
63 65 18
63 66 21
63 67 25
63 68 32
63 69 63
63 70 37
63 71 25
63 72 81
63 73 74
63 74 40
63 75 5
63 76 16
63 77 12
63 78 89
63 79 89
63 80 9
63 81 3
63 82 44
63 83 88
63 84 21
63 85 19
63 86 57
63 87 37
63 88 34
63 89 15
63 90 84
64 65 32
64 66 4
64 67 57
64 68 48
64 69 68
64 70 49
64 71 89
64 72 65
64 73 50
64 74 2
64 75 31
64 76 29
64 77 66
64 78 21
64 79 76
64 80 36
64 81 77
64 82 15
64 83 28
64 84 40
64 85 7
64 86 16
64 87 34
64 88 4
64 89 12
64 90 88
65 66 57
65 67 37
65 68 82
65 69 88
65 70 33
65 71 31
65 72 49
65 73 56
65 74 87
65 75 23
65 76 3
65 77 33
65 78 10
65 79 78
65 80 59
65 81 45
65 82 44
65 83 89
65 84 6
65 85 6
65 86 6
65 87 56
65 88 5
65 89 1
65 90 50
66 67 16
66 68 9
66 69 19
66 70 68
66 71 16
66 72 19
66 73 66
66 74 44
66 75 63
66 76 61
66 77 55
66 78 43
66 79 2
66 80 6
66 81 9
66 82 80
66 83 51
66 84 66
66 85 38
66 86 73
66 87 56
66 88 16
66 89 64
66 90 16
67 68 64
67 69 34
67 70 77
67 71 16
67 72 66
67 73 6
67 74 82
67 75 57
67 76 6
67 77 9
67 78 11
67 79 19
67 80 11
67 81 67
67 82 42
67 83 25
67 84 52
67 85 34
67 86 81
67 87 3
67 88 57
67 89 16
67 90 49
68 69 63
68 70 55
68 71 41
68 72 67
68 73 86
68 74 18
68 75 68
68 76 78
68 77 27
68 78 21
68 79 75
68 80 3
68 81 48
68 82 38
68 83 41
68 84 65
68 85 1
68 86 53
68 87 82
68 88 34
68 89 79
68 90 3
69 70 9
69 71 51
69 72 44
69 73 22
69 74 11
69 75 17
69 76 14
69 77 6
69 78 70
69 79 42
69 80 81
69 81 64
69 82 81
69 83 47
69 84 83
69 85 21
69 86 56
69 87 3
69 88 18
69 89 63
69 90 51
70 71 55
70 72 45
70 73 58
70 74 88
70 75 4
70 76 34
70 77 29
70 78 46
70 79 71
70 80 26
70 81 87
70 82 86
70 83 81
70 84 71
70 85 38
70 86 13
70 87 20
70 88 27
70 89 69
70 90 7
71 72 39
71 73 80
71 74 45
71 75 4
71 76 16
71 77 66
71 78 51
71 79 74
71 80 70
71 81 60
71 82 4
71 83 39
71 84 23
71 85 39
71 86 18
71 87 39
71 88 50
71 89 37
71 90 0
72 73 45
72 74 86
72 75 51
72 76 65
72 77 33
72 78 64
72 79 59
72 80 79
72 81 30
72 82 79
72 83 55
72 84 77
72 85 57
72 86 73
72 87 69
72 88 21
72 89 75
72 90 54
73 74 71
73 75 34
73 76 72
73 77 49
73 78 66
73 79 62
73 80 81
73 81 71
73 82 31
73 83 0
73 84 67
73 85 77
73 86 56
73 87 82
73 88 45
73 89 2
73 90 26
74 75 67
74 76 69
74 77 33
74 78 53
74 79 44
74 80 43
74 81 31
74 82 35
74 83 56
74 84 35
74 85 69
74 86 50
74 87 76
74 88 51
74 89 58
74 90 40
75 76 64
75 77 26
75 78 24
75 79 26
75 80 32
75 81 38
75 82 23
75 83 76
75 84 14
75 85 84
75 86 16
75 87 66
75 88 34
75 89 58
75 90 51
76 77 39
76 78 55
76 79 61
76 80 75
76 81 67
76 82 23
76 83 58
76 84 76
76 85 83
76 86 79
76 87 11
76 88 80
76 89 44
76 90 29
77 78 43
77 79 44
77 80 19
77 81 82
77 82 50
77 83 88
77 84 84
77 85 55
77 86 85
77 87 72
77 88 27
77 89 29
77 90 66
78 79 7
78 80 40
78 81 31
78 82 17
78 83 38
78 84 43
78 85 23
78 86 68
78 87 16
78 88 12
78 89 65
78 90 67
79 80 74
79 81 52
79 82 2
79 83 55
79 84 36
79 85 27
79 86 64
79 87 6
79 88 50
79 89 46
79 90 62
80 81 86
80 82 45
80 83 21
80 84 36
80 85 62
80 86 45
80 87 2
80 88 84
80 89 30
80 90 27
81 82 65
81 83 89
81 84 29
81 85 11
81 86 84
81 87 65
81 88 12
81 89 78
81 90 72
82 83 7
82 84 51
82 85 63
82 86 7
82 87 85
82 88 79
82 89 75
82 90 21
83 84 60
83 85 51
83 86 53
83 87 73
83 88 60
83 89 78
83 90 19
84 85 6
84 86 34
84 87 49
84 88 81
84 89 44
84 90 24
85 86 35
85 87 14
85 88 0
85 89 30
85 90 8
86 87 20
86 88 31
86 89 4
86 90 13
87 88 54
87 89 83
87 90 41
88 89 3
88 90 23
89 90 82
