90 4005
1 2 64
1 3 9
1 4 7
1 5 33
1 6 83
1 7 11
1 8 50
1 9 65
1 10 83
1 11 66
1 12 84
1 13 7
1 14 25
1 15 81
1 16 45
1 17 73
1 18 69
1 19 81
1 20 58
1 21 29
1 22 48
1 23 82
1 24 79
1 25 78
1 26 76
1 27 45
1 28 15
1 29 26
1 30 66
1 31 83
1 32 34
1 33 82
1 34 16
1 35 28
1 36 42
1 37 87
1 38 35
1 39 42
1 40 83
1 41 44
1 42 51
1 43 70
1 44 31
1 45 48
1 46 16
1 47 21
1 48 8
1 49 84
1 50 5
1 51 67
1 52 80
1 53 46
1 54 23
1 55 86
1 56 30
1 57 54
1 58 37
1 59 47
1 60 26
1 61 81
1 62 57
1 63 6
1 64 36
1 65 53
1 66 28
1 67 25
1 68 39
1 69 38
1 70 44
1 71 4
1 72 64
1 73 64
1 74 10
1 75 45
1 76 26
1 77 70
1 78 26
1 79 87
1 80 68
1 81 69
1 82 18
1 83 77
1 84 47
1 85 52
1 86 51
1 87 6
1 88 35
1 89 65
1 90 27
2 3 83
2 4 52
2 5 82
2 6 35
2 7 56
2 8 7
2 9 79
2 10 80
2 11 76
2 12 74
2 13 54
2 14 69
2 15 67
2 16 16
2 17 36
2 18 20
2 19 33
2 20 64
2 21 72
2 22 28
2 23 26
2 24 30
2 25 64
2 26 28
2 27 26
2 28 43
2 29 32
2 30 82
2 31 60
2 32 39
2 33 30
2 34 86
2 35 76
2 36 31
2 37 85
2 38 56
2 39 86
2 40 42
2 41 5
2 42 8
2 43 28
2 44 49
2 45 48
2 46 55
2 47 26
2 48 10
2 49 6
2 50 82
2 51 19
2 52 54
2 53 65
2 54 61
2 55 49
2 56 31
2 57 0
2 58 89
2 59 46
2 60 17
2 61 55
2 62 1
2 63 20
2 64 11
2 65 77
2 66 84
2 67 80
2 68 71
2 69 72
2 70 2
2 71 23
2 72 19
2 73 64
2 74 3
2 75 16
2 76 54
2 77 80
2 78 74
2 79 60
2 80 58
2 81 18
2 82 60
2 83 46
2 84 30
2 85 69
2 86 63
2 87 52
2 88 88
2 89 60
2 90 63
3 4 17
3 5 83
3 6 15
3 7 68
3 8 23
3 9 79
3 10 19
3 11 87
3 12 3
3 13 54
3 14 80
3 15 64
3 16 69
3 17 70
3 18 61
3 19 9
3 20 16
3 21 26
3 22 9
3 23 24
3 24 56
3 25 14
3 26 13
3 27 73
3 28 35
3 29 29
3 30 24
3 31 14
3 32 72
3 33 3
3 34 76
3 35 40
3 36 60
3 37 42
3 38 39
3 39 47
3 40 27
3 41 12
3 42 8
3 43 73
3 44 25
3 45 1
3 46 45
3 47 37
3 48 12
3 49 19
3 50 51
3 51 86
3 52 46
3 53 52
3 54 61
3 55 74
3 56 78
3 57 40
3 58 70
3 59 25
3 60 85
3 61 57
3 62 41
3 63 19
3 64 17
3 65 50
3 66 88
3 67 43
3 68 53
3 69 12
3 70 8
3 71 27
3 72 83
3 73 41
3 74 20
3 75 13
3 76 87
3 77 53
3 78 11
3 79 80
3 80 73
3 81 86
3 82 12
3 83 7
3 84 23
3 85 16
3 86 28
3 87 11
3 88 30
3 89 27
3 90 51
4 5 13
4 6 0
4 7 46
4 8 46
4 9 30
4 10 66
4 11 88
4 12 86
4 13 58
4 14 65
4 15 73
4 16 3
4 17 81
4 18 34
4 19 60
4 20 51
4 21 14
4 22 67
4 23 36
4 24 35
4 25 89
4 26 58
4 27 61
4 28 64
4 29 75
4 30 15
4 31 62
4 32 79
4 33 56
4 34 57
4 35 24
4 36 39
4 37 18
4 38 38
4 39 83
4 40 74
4 41 85
4 42 26
4 43 65
4 44 81
4 45 31
4 46 73
4 47 83
4 48 56
4 49 37
4 50 27
4 51 69
4 52 48
4 53 52
4 54 58
4 55 14
4 56 78
4 57 51
4 58 45
4 59 14
4 60 65
4 61 40
4 62 4
4 63 74
4 64 62
4 65 63
4 66 18
4 67 37
4 68 15
4 69 81
4 70 81
4 71 62
4 72 0
4 73 49
4 74 79
4 75 43
4 76 59
4 77 47
4 78 24
4 79 31
4 80 35
4 81 8
4 82 34
4 83 55
4 84 53
4 85 9
4 86 29
4 87 3
4 88 62
4 89 76
4 90 40
5 6 19
5 7 89
5 8 74
5 9 22
5 10 89
5 11 82
5 12 77
5 13 43
5 14 77
5 15 86
5 16 16
5 17 52
5 18 44
5 19 61
5 20 26
5 21 29
5 22 35
5 23 35
5 24 82
5 25 39
5 26 24
5 27 45
5 28 83
5 29 30
5 30 84
5 31 88
5 32 77
5 33 8
5 34 78
5 35 50
5 36 14
5 37 1
5 38 4
5 39 30
5 40 27
5 41 82
5 42 77
5 43 85
5 44 6
5 45 24
5 46 57
5 47 58
5 48 51
5 49 51
5 50 74
5 51 35
5 52 6
5 53 83
5 54 48
5 55 59
5 56 69
5 57 78
5 58 83
5 59 74
5 60 35
5 61 24
5 62 4
5 63 59
5 64 51
5 65 2
5 66 6
5 67 42
5 68 76
5 69 39
5 70 58
5 71 47
5 72 60
5 73 19
5 74 20
5 75 7
5 76 22
5 77 4
5 78 41
5 79 68
5 80 23
5 81 8
5 82 12
5 83 35
5 84 23
5 85 86
5 86 57
5 87 1
5 88 54
5 89 67
5 90 85
6 7 86
6 8 12
6 9 79
6 10 34
6 11 53
6 12 16
6 13 6
6 14 8
6 15 63
6 16 13
6 17 16
6 18 68
6 19 80
6 20 53
6 21 20
6 22 69
6 23 49
6 24 74
6 25 51
6 26 72
6 27 82
6 28 11
6 29 78
6 30 13
6 31 56
6 32 66
6 33 60
6 34 43
6 35 59
6 36 1
6 37 85
6 38 29
6 39 84
6 40 9
6 41 6
6 42 54
6 43 80
6 44 85
6 45 53
6 46 87
6 47 15
6 48 81
6 49 55
6 50 38
6 51 32
6 52 23
6 53 48
6 54 74
6 55 47
6 56 81
6 57 63
6 58 85
6 59 6
6 60 15
6 61 58
6 62 87
6 63 64
6 64 35
6 65 14
6 66 31
6 67 66
6 68 47
6 69 33
6 70 57
6 71 74
6 72 68
6 73 0
6 74 67
6 75 85
6 76 54
6 77 70
6 78 29
6 79 50
6 80 59
6 81 30
6 82 78
6 83 12
6 84 28
6 85 24
6 86 35
6 87 88
6 88 4
6 89 5
6 90 55
7 8 46
7 9 13
7 10 53
7 11 31
7 12 68
7 13 5
7 14 26
7 15 79
7 16 24
7 17 42
7 18 80
7 19 79
7 20 8
7 21 74
7 22 62
7 23 22
7 24 5
7 25 41
7 26 23
7 27 10
7 28 70
7 29 3
7 30 38
7 31 18
7 32 50
7 33 61
7 34 28
7 35 61
7 36 57
7 37 46
7 38 14
7 39 47
7 40 60
7 41 7
7 42 50
7 43 26
7 44 13
7 45 13
7 46 3
7 47 41
7 48 3
7 49 14
7 50 47
7 51 67
7 52 71
7 53 8
7 54 25
7 55 65
7 56 8
7 57 2
7 58 36
7 59 22
7 60 15
7 61 28
7 62 3
7 63 58
7 64 4
7 65 6
7 66 13
7 67 3
7 68 12
7 69 9
7 70 33
7 71 19
7 72 2
7 73 44
7 74 62
7 75 89
7 76 88
7 77 82
7 78 54
7 79 46
7 80 79
7 81 43
7 82 35
7 83 8
7 84 67
7 85 45
7 86 33
7 87 65
7 88 80
7 89 56
7 90 10
8 9 81
8 10 43
8 11 25
8 12 55
8 13 53
8 14 17
8 15 2
8 16 78
8 17 31
8 18 28
8 19 35
8 20 58
8 21 16
8 22 4
8 23 38
8 24 25
8 25 35
8 26 52
8 27 35
8 28 27
8 29 28
8 30 38
8 31 25
8 32 72
8 33 23
8 34 82
8 35 24
8 36 19
8 37 79
8 38 11
8 39 16
8 40 23
8 41 35
8 42 23
8 43 24
8 44 21
8 45 17
8 46 18
8 47 14
8 48 75
8 49 80
8 50 30
8 51 72
8 52 15
8 53 59
8 54 68
8 55 67
8 56 39
8 57 32
8 58 58
8 59 52
8 60 80
8 61 20
8 62 42
8 63 31
8 64 58
8 65 62
8 66 35
8 67 75
8 68 21
8 69 28
8 70 55
8 71 34
8 72 75
8 73 65
8 74 11
8 75 12
8 76 48
8 77 7
8 78 47
8 79 49
8 80 38
8 81 46
8 82 3
8 83 63
8 84 72
8 85 64
8 86 77
8 87 80
8 88 82
8 89 60
8 90 7
9 10 86
9 11 7
9 12 69
9 13 36
9 14 41
9 15 80
9 16 6
9 17 40
9 18 40
9 19 89
9 20 76
9 21 81
9 22 15
9 23 13
9 24 78
9 25 15
9 26 71
9 27 45
9 28 73
9 29 15
9 30 69
9 31 1
9 32 87
9 33 66
9 34 17
9 35 19
9 36 26
9 37 82
9 38 61
9 39 18
9 40 70
9 41 26
9 42 47
9 43 54
9 44 55
9 45 5
9 46 18
9 47 44
9 48 71
9 49 19
9 50 11
9 51 15
9 52 42
9 53 45
9 54 38
9 55 40
9 56 58
9 57 44
9 58 54
9 59 56
9 60 29
9 61 48
9 62 19
9 63 84
9 64 49
9 65 76
9 66 7
9 67 89
9 68 83
9 69 30
9 70 77
9 71 16
9 72 27
9 73 21
9 74 13
9 75 36
9 76 54
9 77 48
9 78 61
9 79 10
9 80 10
9 81 19
9 82 68
9 83 77
9 84 4
9 85 80
9 86 83
9 87 52
9 88 4
9 89 1
9 90 28
10 11 16
10 12 1
10 13 80
10 14 44
10 15 22
10 16 16
10 17 52
10 18 22
10 19 18
10 20 80
10 21 8
10 22 76
10 23 17
10 24 42
10 25 27
10 26 50
10 27 52
10 28 2
10 29 81
10 30 55
10 31 61
10 32 58
10 33 21
10 34 37
10 35 56
10 36 88
10 37 83
10 38 14
10 39 85
10 40 20
10 41 78
10 42 61
10 43 27
10 44 8
10 45 79
10 46 44
10 47 49
10 48 15
10 49 50
10 50 85
10 51 28
10 52 15
10 53 54
10 54 54
10 55 33
10 56 88
10 57 82
10 58 66
10 59 34
10 60 25
10 61 52
10 62 13
10 63 80
10 64 25
10 65 31
10 66 88
10 67 13
10 68 89
10 69 85
10 70 34
10 71 28
10 72 29
10 73 17
10 74 14
10 75 21
10 76 20
10 77 77
10 78 57
10 79 81
10 80 32
10 81 64
10 82 7
10 83 45
10 84 74
10 85 78
10 86 29
10 87 45
10 88 14
10 89 74
10 90 60
11 12 35
11 13 20
11 14 26
11 15 55
11 16 26
11 17 5
11 18 37
11 19 38
11 20 51
11 21 60
11 22 45
11 23 87
11 24 71
11 25 83
11 26 22
11 27 80
11 28 63
11 29 82
11 30 82
11 31 52
11 32 24
11 33 65
11 34 24
11 35 82
11 36 5
11 37 21
11 38 8
11 39 47
11 40 70
11 41 49
11 42 58
11 43 7
11 44 69
11 45 69
11 46 42
11 47 55
11 48 59
11 49 58
11 50 3
11 51 3
11 52 66
11 53 83
11 54 13
11 55 32
11 56 27
11 57 86
11 58 77
11 59 55
11 60 14
11 61 40
11 62 16
11 63 75
11 64 2
11 65 23
11 66 44
11 67 55
11 68 67
11 69 33
11 70 14
11 71 73
11 72 67
11 73 19
11 74 22
11 75 39
11 76 44
11 77 51
11 78 68
11 79 41
11 80 60
11 81 34
11 82 77
11 83 89
11 84 71
11 85 4
11 86 68
11 87 69
11 88 56
11 89 21
11 90 54
12 13 65
12 14 7
12 15 77
12 16 58
12 17 35
12 18 35
12 19 5
12 20 28
12 21 15
12 22 26
12 23 52
12 24 8
12 25 31
12 26 29
12 27 43
12 28 64
12 29 30
12 30 84
12 31 81
12 32 2
12 33 65
12 34 32
12 35 26
12 36 36
12 37 25
12 38 78
12 39 77
12 40 65
12 41 0
12 42 10
12 43 82
12 44 53
12 45 32
12 46 12
12 47 89
12 48 60
12 49 74
12 50 87
12 51 8
12 52 40
12 53 64
12 54 52
12 55 54
12 56 62
12 57 31
12 58 30
12 59 4
12 60 35
12 61 65
12 62 24
12 63 46
12 64 4
12 65 37
12 66 15
12 67 31
12 68 63
12 69 39
12 70 3
12 71 5
12 72 29
12 73 21
12 74 88
12 75 31
12 76 29
12 77 54
12 78 32
12 79 10
12 80 36
12 81 46
12 82 32
12 83 62
12 84 27
12 85 35
12 86 10
12 87 54
12 88 24
12 89 45
12 90 40
13 14 53
13 15 22
13 16 37
13 17 0
13 18 5
13 19 2
13 20 45
13 21 58
13 22 81
13 23 20
13 24 85
13 25 83
13 26 28
13 27 19
13 28 77
13 29 35
13 30 19
13 31 55
13 32 83
13 33 65
13 34 75
13 35 6
13 36 17
13 37 57
13 38 50
13 39 29
13 40 89
13 41 12
13 42 85
13 43 61
13 44 54
13 45 79
13 46 31
13 47 9
13 48 28
13 49 62
13 50 20
13 51 19
13 52 13
13 53 24
13 54 65
13 55 63
13 56 52
13 57 54
13 58 84
13 59 89
13 60 80
13 61 85
13 62 32
13 63 13
13 64 18
13 65 15
13 66 70
13 67 61
13 68 39
13 69 49
13 70 42
13 71 47
13 72 26
13 73 84
13 74 37
13 75 58
13 76 23
13 77 21
13 78 21
13 79 65
13 80 61
13 81 86
13 82 6
13 83 53
13 84 52
13 85 38
13 86 31
13 87 29
13 88 48
13 89 66
13 90 68
14 15 5
14 16 6
14 17 23
14 18 30
14 19 29
14 20 21
14 21 72
14 22 42
14 23 51
14 24 21
14 25 73
14 26 68
14 27 72
14 28 43
14 29 62
14 30 54
14 31 2
14 32 37
14 33 35
14 34 56
14 35 35
14 36 70
14 37 21
14 38 83
14 39 8
14 40 17
14 41 17
14 42 22
14 43 21
14 44 56
14 45 55
14 46 24
14 47 85
14 48 40
14 49 36
14 50 60
14 51 60
14 52 21
14 53 36
14 54 54
14 55 82
14 56 88
14 57 73
14 58 75
14 59 48
14 60 49
14 61 80
14 62 85
14 63 50
14 64 18
14 65 27
14 66 56
14 67 75
14 68 65
14 69 47
14 70 55
14 71 20
14 72 34
14 73 16
14 74 54
14 75 48
14 76 24
14 77 86
14 78 37
14 79 71
14 80 29
14 81 67
14 82 48
14 83 66
14 84 50
14 85 30
14 86 58
14 87 62
14 88 20
14 89 6
14 90 31
15 16 29
15 17 13
15 18 24
15 19 45
15 20 67
15 21 47
15 22 71
15 23 10
15 24 45
15 25 44
15 26 50
15 27 75
15 28 41
15 29 87
15 30 87
15 31 3
15 32 45
15 33 85
15 34 88
15 35 0
15 36 14
15 37 58
15 38 84
15 39 5
15 40 25
15 41 25
15 42 53
15 43 35
15 44 0
15 45 14
15 46 39
15 47 85
15 48 42
15 49 53
15 50 48
15 51 31
15 52 20
15 53 81
15 54 39
15 55 61
15 56 81
15 57 12
15 58 59
15 59 26
15 60 48
15 61 20
15 62 59
15 63 65
15 64 31
15 65 72
15 66 60
15 67 66
15 68 21
15 69 84
15 70 73
15 71 35
15 72 21
15 73 12
15 74 34
15 75 36
15 76 74
15 77 7
15 78 11
15 79 31
15 80 73
15 81 71
15 82 45
15 83 81
15 84 23
15 85 39
15 86 52
15 87 86
15 88 88
15 89 75
15 90 78
16 17 44
16 18 14
16 19 71
16 20 19
16 21 13
16 22 39
16 23 11
16 24 81
16 25 35
16 26 64
16 27 28
16 28 60
16 29 34
16 30 84
16 31 64
16 32 88
16 33 21
16 34 53
16 35 82
16 36 58
16 37 34
16 38 78
16 39 38
16 40 89
16 41 79
16 42 86
16 43 58
16 44 35
16 45 19
16 46 84
16 47 71
16 48 36
16 49 30
16 50 5
16 51 16
16 52 47
16 53 33
16 54 31
16 55 5
16 56 78
16 57 30
16 58 54
16 59 66
16 60 71
16 61 19
16 62 58
16 63 89
16 64 46
16 65 41
16 66 80
16 67 85
16 68 17
16 69 26
16 70 61
16 71 67
16 72 72
16 73 86
16 74 26
16 75 62
16 76 20
16 77 56
16 78 38
16 79 56
16 80 25
16 81 0
16 82 70
16 83 72
16 84 80
16 85 24
16 86 65
16 87 20
16 88 71
16 89 30
16 90 76
17 18 66
17 19 24
17 20 41
17 21 60
17 22 77
17 23 62
17 24 35
17 25 41
17 26 16
17 27 41
17 28 54
17 29 52
17 30 34
17 31 2
17 32 47
17 33 13
17 34 36
17 35 75
17 36 31
17 37 68
17 38 32
17 39 22
17 40 35
17 41 3
17 42 1
17 43 24
17 44 87
17 45 17
17 46 25
17 47 25
17 48 54
17 49 21
17 50 52
17 51 55
17 52 36
17 53 51
17 54 4
17 55 12
17 56 18
17 57 81
17 58 0
17 59 36
17 60 48
17 61 53
17 62 74
17 63 46
17 64 50
17 65 10
17 66 66
17 67 18
17 68 51
17 69 55
17 70 33
17 71 42
17 72 80
17 73 79
17 74 43
17 75 88
17 76 27
17 77 56
17 78 40
17 79 7
17 80 37
17 81 2
17 82 49
17 83 50
17 84 31
17 85 4
17 86 62
17 87 16
17 88 46
17 89 66
17 90 8
18 19 59
18 20 70
18 21 61
18 22 67
18 23 73
18 24 17
18 25 66
18 26 89
18 27 76
18 28 12
18 29 84
18 30 29
18 31 50
18 32 50
18 33 70
18 34 44
18 35 27
18 36 7
18 37 16
18 38 1
18 39 20
18 40 8
18 41 78
18 42 17
18 43 53
18 44 4
18 45 4
18 46 82
18 47 65
18 48 54
18 49 32
18 50 82
18 51 85
18 52 3
18 53 60
18 54 20
18 55 44
18 56 48
18 57 4
18 58 50
18 59 53
18 60 72
18 61 15
18 62 72
18 63 82
18 64 83
18 65 63
18 66 49
18 67 58
18 68 22
18 69 9
18 70 18
18 71 10
18 72 27
18 73 20
18 74 64
18 75 41
18 76 69
18 77 68
18 78 47
18 79 64
18 80 39
18 81 7
18 82 38
18 83 21
18 84 73
18 85 11
18 86 74
18 87 69
18 88 24
18 89 36
18 90 28
19 20 67
19 21 56
19 22 33
19 23 53
19 24 12
19 25 10
19 26 0
19 27 14
19 28 78
19 29 60
19 30 65
19 31 58
19 32 10
19 33 23
19 34 82
19 35 57
19 36 12
19 37 29
19 38 1
19 39 20
19 40 34
19 41 55
19 42 1
19 43 77
19 44 31
19 45 65
19 46 69
19 47 8
19 48 15
19 49 61
19 50 25
19 51 49
19 52 65
19 53 4
19 54 0
19 55 61
19 56 48
19 57 81
19 58 52
19 59 77
19 60 39
19 61 83
19 62 42
19 63 30
19 64 70
19 65 79
19 66 80
19 67 73
19 68 14
19 69 75
19 70 21
19 71 76
19 72 43
19 73 68
19 74 78
19 75 15
19 76 30
19 77 1
19 78 77
19 79 50
19 80 25
19 81 24
19 82 51
19 83 45
19 84 17
19 85 21
19 86 14
19 87 14
19 88 10
19 89 30
19 90 61
20 21 47
20 22 43
20 23 1
20 24 58
20 25 15
20 26 84
20 27 89
20 28 33
20 29 72
20 30 20
20 31 39
20 32 62
20 33 8
20 34 12
20 35 15
20 36 77
20 37 71
20 38 62
20 39 23
20 40 76
20 41 10
20 42 16
20 43 35
20 44 5
20 45 50
20 46 30
20 47 15
20 48 63
20 49 7
20 50 14
20 51 58
20 52 60
20 53 53
20 54 19
20 55 66
20 56 26
20 57 11
20 58 52
20 59 35
20 60 89
20 61 60
20 62 30
20 63 76
20 64 20
20 65 25
20 66 54
20 67 78
20 68 51
20 69 18
20 70 71
20 71 16
20 72 34
20 73 41
20 74 46
20 75 25
20 76 43
20 77 16
20 78 83
20 79 65
20 80 12
20 81 64
20 82 63
20 83 0
20 84 86
20 85 74
20 86 22
20 87 9
20 88 16
20 89 28
20 90 67
21 22 17
21 23 89
21 24 74
21 25 15
21 26 36
21 27 85
21 28 30
21 29 63
21 30 8
21 31 38
21 32 70
21 33 82
21 34 78
21 35 27
21 36 15
21 37 44
21 38 85
21 39 84
21 40 13
21 41 17
21 42 59
21 43 50
21 44 36
21 45 45
21 46 10
21 47 15
21 48 81
21 49 62
21 50 78
21 51 39
21 52 63
21 53 24
21 54 24
21 55 39
21 56 2
21 57 2
21 58 41
21 59 25
21 60 3
21 61 9
21 62 44
21 63 70
21 64 68
21 65 39
21 66 83
21 67 47
21 68 30
21 69 68
21 70 68
21 71 65
21 72 35
21 73 16
21 74 32
21 75 84
21 76 58
21 77 10
21 78 80
21 79 78
21 80 48
21 81 34
21 82 38
21 83 45
21 84 64
21 85 6
21 86 25
21 87 48
21 88 22
21 89 83
21 90 61
22 23 72
22 24 50
22 25 55
22 26 52
22 27 33
22 28 49
22 29 31
22 30 61
22 31 32
22 32 58
22 33 58
22 34 10
22 35 89
22 36 87
22 37 15
22 38 70
22 39 26
22 40 55
22 41 55
22 42 58
22 43 15
22 44 8
22 45 30
22 46 39
22 47 89
22 48 88
22 49 65
22 50 12
22 51 60
22 52 26
22 53 75
22 54 15
22 55 67
22 56 47
22 57 20
22 58 77
22 59 73
22 60 57
22 61 55
22 62 29
22 63 18
22 64 63
22 65 45
22 66 14
22 67 4
22 68 89
22 69 49
22 70 5
22 71 60
22 72 39
22 73 74
22 74 0
22 75 9
22 76 83
22 77 49
22 78 25
22 79 74
22 80 18
22 81 79
22 82 89
22 83 81
22 84 60
22 85 39
22 86 49
22 87 66
22 88 64
22 89 53
22 90 45
23 24 6
23 25 88
23 26 67
23 27 58
23 28 89
23 29 75
23 30 12
23 31 18
23 32 82
23 33 56
23 34 21
23 35 40
23 36 58
23 37 25
23 38 89
23 39 39
23 40 21
23 41 28
23 42 75
23 43 54
23 44 62
23 45 46
23 46 72
23 47 59
23 48 23
23 49 36
23 50 68
23 51 59
23 52 17
23 53 37
23 54 44
23 55 17
23 56 22
23 57 46
23 58 15
23 59 54
23 60 74
23 61 19
23 62 89
23 63 55
23 64 33
23 65 36
23 66 9
23 67 68
23 68 75
23 69 17
23 70 46
23 71 60
23 72 24
23 73 68
23 74 38
23 75 77
23 76 16
23 77 38
23 78 24
23 79 1
23 80 33
23 81 72
23 82 20
23 83 34
23 84 8
23 85 26
23 86 54
23 87 82
23 88 3
23 89 36
23 90 89
24 25 82
24 26 75
24 27 88
24 28 56
24 29 22
24 30 27
24 31 84
24 32 5
24 33 74
24 34 29
24 35 12
24 36 9
24 37 17
24 38 3
24 39 83
24 40 3
24 41 32
24 42 23
24 43 44
24 44 10
24 45 75
24 46 58
24 47 29
24 48 55
24 49 42
24 50 0
24 51 37
24 52 5
24 53 32
24 54 29
24 55 63
24 56 8
24 57 48
24 58 10
24 59 27
24 60 1
24 61 4
24 62 15
24 63 75
24 64 13
24 65 41
24 66 87
24 67 23
24 68 20
24 69 56
24 70 58
24 71 73
24 72 30
24 73 48
24 74 78
24 75 5
24 76 7
24 77 66
24 78 49
24 79 79
24 80 8
24 81 39
24 82 40
24 83 85
24 84 83
24 85 77
24 86 64
24 87 85
24 88 19
24 89 62
24 90 18
25 26 78
25 27 19
25 28 88
25 29 84
25 30 58
25 31 30
25 32 86
25 33 87
25 34 80
25 35 1
25 36 79
25 37 11
25 38 30
25 39 60
25 40 27
25 41 51
25 42 59
25 43 86
25 44 80
25 45 36
25 46 65
25 47 23
25 48 28
25 49 48
25 50 2
25 51 31
25 52 36
25 53 62
25 54 24
25 55 24
25 56 17
25 57 53
25 58 15
25 59 71
25 60 39
25 61 9
25 62 31
25 63 81
25 64 42
25 65 41
25 66 79
25 67 67
25 68 38
25 69 83
25 70 30
25 71 40
25 72 1
25 73 19
25 74 22
25 75 33
25 76 64
25 77 16
25 78 60
25 79 40
25 80 38
25 81 79
25 82 35
25 83 70
25 84 50
25 85 47
25 86 6
25 87 87
25 88 14
25 89 57
25 90 55
26 27 52
26 28 34
26 29 89
26 30 67
26 31 45
26 32 65
26 33 22
26 34 36
26 35 37
26 36 65
26 37 14
26 38 60
26 39 22
26 40 47
26 41 49
26 42 85
26 43 71
26 44 68
26 45 80
26 46 34
26 47 83
26 48 24
26 49 42
26 50 1
26 51 75
26 52 74
26 53 26
26 54 87
26 55 57
26 56 61
26 57 3
26 58 35
26 59 0
26 60 85
26 61 17
26 62 19
26 63 45
26 64 64
26 65 79
26 66 7
26 67 79
26 68 67
26 69 86
26 70 50
26 71 35
26 72 87
26 73 87
26 74 20
26 75 61
26 76 18
26 77 83
26 78 19
26 79 0
26 80 15
26 81 40
26 82 38
26 83 0
26 84 78
26 85 5
26 86 24
26 87 10
26 88 84
26 89 63
26 90 37
27 28 3
27 29 19
27 30 31
27 31 42
27 32 72
27 33 25
27 34 77
27 35 44
27 36 56
27 37 26
27 38 83
27 39 40
27 40 32
27 41 72
27 42 25
27 43 70
27 44 60
27 45 68
27 46 19
27 47 30
27 48 6
27 49 30
27 50 88
27 51 59
27 52 83
27 53 78
27 54 21
27 55 2
27 56 60
27 57 1
27 58 29
27 59 60
27 60 31
27 61 55
27 62 33
27 63 25
27 64 87
27 65 32
27 66 18
27 67 36
27 68 80
27 69 39
27 70 88
27 71 82
27 72 52
27 73 78
27 74 7
27 75 46
27 76 13
27 77 6
27 78 29
27 79 48
27 80 14
27 81 46
27 82 52
27 83 33
27 84 44
27 85 14
27 86 24
27 87 63
27 88 38
27 89 71
27 90 79
28 29 71
28 30 1
28 31 55
28 32 14
28 33 62
28 34 56
28 35 13
28 36 10
28 37 10
28 38 31
28 39 63
28 40 1
28 41 54
28 42 4
28 43 20
28 44 48
28 45 68
28 46 2
28 47 57
28 48 67
28 49 59
28 50 57
28 51 58
28 52 16
28 53 54
28 54 26
28 55 13
28 56 46
28 57 14
28 58 44
28 59 47
28 60 28
28 61 49
28 62 51
28 63 25
28 64 67
28 65 57
28 66 73
28 67 27
28 68 4
28 69 9
28 70 80
28 71 14
28 72 39
28 73 82
28 74 55
28 75 28
28 76 41
28 77 69
28 78 89
28 79 47
28 80 7
28 81 57
28 82 68
28 83 34
28 84 10
28 85 17
28 86 14
28 87 20
28 88 43
28 89 84
28 90 77
29 30 7
29 31 1
29 32 6
29 33 60
29 34 53
29 35 84
29 36 24
29 37 25
29 38 8
29 39 66
29 40 74
29 41 66
29 42 29
29 43 13
29 44 55
29 45 87
29 46 4
29 47 32
29 48 59
29 49 38
29 50 15
29 51 12
29 52 18
29 53 31
29 54 36
29 55 21
29 56 4
29 57 13
29 58 69
29 59 4
29 60 27
29 61 27
29 62 23
29 63 35
29 64 35
29 65 38
29 66 48
29 67 81
29 68 28
29 69 64
29 70 1
29 71 53
29 72 46
29 73 83
29 74 16
29 75 13
29 76 57
29 77 71
29 78 34
29 79 19
29 80 39
29 81 76
29 82 0
29 83 9
29 84 72
29 85 2
29 86 50
29 87 32
29 88 31
29 89 14
29 90 27
30 31 47
30 32 14
30 33 52
30 34 10
30 35 84
30 36 4
30 37 18
30 38 70
30 39 28
30 40 52
30 41 79
30 42 79
30 43 79
30 44 6
30 45 63
30 46 49
30 47 57
30 48 65
30 49 0
30 50 29
30 51 70
30 52 84
30 53 56
30 54 74
30 55 75
30 56 32
30 57 79
30 58 69
30 59 31
30 60 60
30 61 39
30 62 18
30 63 57
30 64 23
30 65 17
30 66 47
30 67 83
30 68 80
30 69 7
30 70 55
30 71 5
30 72 24
30 73 22
30 74 5
30 75 9
30 76 12
30 77 36
30 78 49
30 79 54
30 80 10
30 81 39
30 82 83
30 83 15
30 84 46
30 85 16
30 86 70
30 87 16
30 88 48
30 89 31
30 90 21
31 32 31
31 33 56
31 34 2
31 35 70
31 36 83
31 37 23
31 38 2
31 39 39
31 40 89
31 41 30
31 42 47
31 43 35
31 44 69
31 45 53
31 46 35
31 47 78
31 48 6
31 49 67
31 50 3
31 51 88
31 52 13
31 53 56
31 54 63
31 55 87
31 56 14
31 57 62
31 58 4
31 59 52
31 60 79
31 61 2
31 62 71
31 63 47
31 64 86
31 65 82
31 66 16
31 67 63
31 68 44
31 69 65
31 70 84
31 71 21
31 72 22
31 73 61
31 74 44
31 75 20
31 76 62
31 77 49
31 78 56
31 79 22
31 80 34
31 81 48
31 82 75
31 83 24
31 84 44
31 85 25
31 86 73
31 87 72
31 88 89
31 89 35
31 90 75
32 33 47
32 34 46
32 35 42
32 36 64
32 37 48
32 38 20
32 39 35
32 40 13
32 41 15
32 42 34
32 43 76
32 44 16
32 45 11
32 46 28
32 47 62
32 48 58
32 49 24
32 50 44
32 51 80
32 52 44
32 53 44
32 54 43
32 55 1
32 56 28
32 57 56
32 58 14
32 59 76
32 60 88
32 61 50
32 62 45
32 63 29
32 64 58
32 65 77
32 66 74
32 67 29
32 68 67
32 69 19
32 70 13
32 71 79
32 72 50
32 73 38
32 74 22
32 75 66
32 76 61
32 77 16
32 78 42
32 79 10
32 80 19
32 81 75
32 82 14
32 83 4
32 84 32
32 85 53
32 86 20
32 87 79
32 88 5
32 89 84
32 90 13
33 34 7
33 35 74
33 36 34
33 37 13
33 38 81
33 39 0
33 40 8
33 41 7
33 42 12
33 43 38
33 44 9
33 45 18
33 46 81
33 47 26
33 48 18
33 49 63
33 50 41
33 51 33
33 52 41
33 53 80
33 54 13
33 55 82
33 56 26
33 57 45
33 58 30
33 59 53
33 60 68
33 61 31
33 62 58
33 63 69
33 64 18
33 65 32
33 66 9
33 67 51
33 68 16
33 69 81
33 70 25
33 71 84
33 72 62
33 73 83
33 74 9
33 75 8
33 76 10
33 77 75
33 78 34
33 79 5
33 80 2
33 81 77
33 82 9
33 83 29
33 84 58
33 85 54
33 86 0
33 87 8
33 88 23
33 89 55
33 90 2
34 35 54
34 36 57
34 37 29
34 38 35
34 39 40
34 40 22
34 41 31
34 42 21
34 43 75
34 44 47
34 45 12
34 46 36
34 47 67
34 48 83
34 49 62
34 50 47
34 51 30
34 52 84
34 53 24
34 54 73
34 55 74
34 56 57
34 57 70
34 58 71
34 59 61
34 60 74
34 61 40
34 62 37
34 63 58
34 64 45
34 65 54
34 66 28
34 67 48
34 68 45
34 69 58
34 70 70
34 71 73
34 72 26
34 73 31
34 74 67
34 75 49
34 76 73
34 77 67
34 78 56
34 79 25
34 80 1
34 81 75
34 82 42
34 83 83
34 84 23
34 85 81
34 86 37
34 87 31
34 88 62
34 89 84
34 90 31
35 36 23
35 37 7
35 38 69
35 39 61
35 40 26
35 41 44
35 42 3
35 43 84
35 44 4
35 45 54
35 46 20
35 47 59
35 48 49
35 49 56
35 50 14
35 51 73
35 52 43
35 53 62
35 54 88
35 55 67
35 56 31
35 57 56
35 58 17
35 59 8
35 60 85
35 61 82
35 62 66
35 63 52
35 64 53
35 65 62
35 66 77
35 67 62
35 68 79
35 69 58
35 70 85
35 71 14
35 72 81
35 73 88
35 74 47
35 75 24
35 76 43
35 77 3
35 78 10
35 79 54
35 80 73
35 81 69
35 82 56
35 83 74
35 84 14
35 85 52
35 86 82
35 87 63
35 88 57
35 89 65
35 90 76
36 37 67
36 38 16
36 39 1
36 40 45
36 41 53
36 42 25
36 43 11
36 44 61
36 45 63
36 46 43
36 47 18
36 48 45
36 49 24
36 50 66
36 51 2
36 52 23
36 53 84
36 54 57
36 55 87
36 56 69
36 57 10
36 58 61
36 59 56
36 60 23
36 61 31
36 62 77
36 63 26
36 64 37
36 65 34
36 66 32
36 67 19
36 68 66
36 69 62
36 70 44
36 71 62
36 72 20
36 73 35
36 74 0
36 75 26
36 76 0
36 77 12
36 78 0
36 79 28
36 80 0
36 81 67
36 82 41
36 83 62
36 84 58
36 85 20
36 86 25
36 87 39
36 88 33
36 89 63
36 90 55
37 38 55
37 39 6
37 40 63
37 41 5
37 42 21
37 43 60
37 44 21
37 45 31
37 46 32
37 47 70
37 48 79
37 49 73
37 50 48
37 51 85
37 52 26
37 53 35
37 54 20
37 55 47
37 56 49
37 57 59
37 58 65
37 59 6
37 60 42
37 61 46
37 62 25
37 63 64
37 64 0
37 65 24
37 66 35
37 67 6
37 68 11
37 69 76
37 70 28
37 71 80
37 72 3
37 73 45
37 74 6
37 75 75
37 76 50
37 77 71
37 78 61
37 79 72
37 80 77
37 81 9
37 82 81
37 83 56
37 84 64
37 85 63
37 86 60
37 87 24
37 88 76
37 89 33
37 90 17
38 39 24
38 40 38
38 41 34
38 42 72
38 43 15
38 44 67
38 45 86
38 46 8
38 47 70
38 48 37
38 49 9
38 50 38
38 51 46
38 52 21
38 53 58
38 54 2
38 55 73
38 56 33
38 57 19
38 58 71
38 59 62
38 60 43
38 61 4
38 62 13
38 63 17
38 64 85
38 65 84
38 66 52
38 67 41
38 68 42
38 69 36
38 70 24
38 71 44
38 72 10
38 73 5
38 74 10
38 75 86
38 76 65
38 77 42
38 78 57
38 79 13
38 80 56
38 81 30
38 82 80
38 83 9
38 84 20
38 85 31
38 86 31
38 87 0
38 88 13
38 89 73
38 90 13
39 40 36
39 41 51
39 42 51
39 43 73
39 44 39
39 45 27
39 46 21
39 47 56
39 48 52
39 49 85
39 50 13
39 51 24
39 52 68
39 53 1
39 54 27
39 55 10
39 56 65
39 57 66
39 58 21
39 59 76
39 60 68
39 61 39
39 62 45
39 63 31
39 64 17
39 65 10
39 66 43
39 67 30
39 68 72
39 69 62
39 70 42
39 71 52
39 72 36
39 73 77
39 74 33
39 75 43
39 76 79
39 77 7
39 78 63
39 79 4
39 80 76
39 81 45
39 82 6
39 83 25
39 84 46
39 85 58
39 86 8
39 87 14
39 88 54
39 89 20
39 90 59
40 41 29
40 42 28
40 43 23
40 44 84
40 45 5
40 46 70
40 47 24
40 48 64
40 49 1
40 50 84
40 51 79
40 52 49
40 53 28
40 54 27
40 55 17
40 56 19
40 57 55
40 58 50
40 59 76
40 60 81
40 61 11
40 62 28
40 63 84
40 64 23
40 65 59
40 66 57
40 67 59
40 68 32
40 69 86
40 70 40
40 71 55
40 72 71
40 73 86
40 74 12
40 75 44
40 76 34
40 77 24
40 78 87
40 79 38
40 80 37
40 81 2
40 82 20
40 83 39
40 84 26
40 85 49
40 86 41
40 87 5
40 88 30
40 89 10
40 90 11
41 42 29
41 43 86
41 44 70
41 45 79
41 46 8
41 47 85
41 48 52
41 49 36
41 50 30
41 51 2
41 52 45
41 53 79
41 54 26
41 55 88
41 56 22
41 57 76
41 58 36
41 59 61
41 60 8
41 61 2
41 62 7
41 63 56
41 64 45
41 65 4
41 66 76
41 67 38
41 68 87
41 69 23
41 70 80
41 71 58
41 72 16
41 73 18
41 74 50
41 75 34
41 76 27
41 77 59
41 78 48
41 79 1
41 80 55
41 81 63
41 82 62
41 83 76
41 84 87
41 85 47
41 86 19
41 87 88
41 88 47
41 89 47
41 90 8
42 43 14
42 44 54
42 45 18
42 46 87
42 47 29
42 48 43
42 49 11
42 50 65
42 51 25
42 52 30
42 53 57
42 54 1
42 55 82
42 56 58
42 57 63
42 58 9
42 59 13
42 60 30
42 61 35
42 62 27
42 63 56
42 64 8
42 65 55
42 66 6
42 67 83
42 68 88
42 69 65
42 70 13
42 71 88
42 72 85
42 73 40
42 74 20
42 75 41
42 76 12
42 77 11
42 78 76
42 79 23
42 80 49
42 81 45
42 82 5
42 83 61
42 84 4
42 85 57
42 86 20
42 87 29
42 88 4
42 89 85
42 90 24
43 44 77
43 45 16
43 46 88
43 47 49
43 48 30
43 49 34
43 50 21
43 51 73
43 52 48
43 53 69
43 54 75
43 55 76
43 56 52
43 57 89
43 58 20
43 59 23
43 60 18
43 61 77
43 62 76
43 63 84
43 64 56
43 65 45
43 66 24
43 67 83
43 68 8
43 69 58
43 70 30
43 71 41
43 72 63
43 73 50
43 74 76
43 75 56
43 76 73
43 77 43
43 78 7
43 79 25
43 80 16
43 81 38
43 82 56
43 83 27
43 84 35
43 85 14
43 86 76
43 87 8
43 88 58
43 89 70
43 90 72
44 45 72
44 46 71
44 47 67
44 48 12
44 49 48
44 50 58
44 51 38
44 52 14
44 53 5
44 54 25
44 55 67
44 56 69
44 57 63
44 58 40
44 59 69
44 60 48
44 61 86
44 62 36
44 63 68
44 64 86
44 65 50
44 66 31
44 67 60
44 68 89
44 69 35
44 70 3
44 71 45
44 72 8
44 73 46
44 74 46
44 75 58
44 76 75
44 77 40
44 78 11
44 79 13
44 80 47
44 81 78
44 82 25
44 83 52
44 84 4
44 85 6
44 86 3
44 87 78
44 88 35
44 89 61
44 90 83
45 46 16
45 47 55
45 48 17
45 49 38
45 50 33
45 51 59
45 52 28
45 53 18
45 54 20
45 55 2
45 56 37
45 57 12
45 58 58
45 59 47
45 60 66
45 61 60
45 62 64
45 63 25
45 64 86
45 65 2
45 66 19
45 67 80
45 68 73
45 69 79
45 70 78
45 71 85
45 72 29
45 73 15
45 74 70
45 75 31
45 76 79
45 77 66
45 78 24
45 79 70
45 80 38
45 81 10
45 82 88
45 83 13
45 84 60
45 85 35
45 86 6
45 87 3
45 88 46
45 89 20
45 90 19
46 47 22
46 48 2
46 49 86
46 50 33
46 51 48
46 52 80
46 53 63
46 54 86
46 55 55
46 56 7
46 57 9
46 58 51
46 59 10
46 60 1
46 61 51
46 62 10
46 63 72
46 64 3
46 65 89
46 66 74
46 67 74
46 68 87
46 69 5
46 70 85
46 71 67
46 72 73
46 73 4
46 74 85
46 75 10
46 76 5
46 77 17
46 78 34
46 79 20
46 80 57
46 81 68
46 82 15
46 83 41
46 84 40
46 85 61
46 86 17
46 87 39
46 88 7
46 89 74
46 90 19
47 48 66
47 49 79
47 50 54
47 51 70
47 52 27
47 53 29
47 54 10
47 55 61
47 56 56
47 57 69
47 58 22
47 59 62
47 60 71
47 61 44
47 62 39
47 63 16
47 64 45
47 65 78
47 66 28
47 67 71
47 68 85
47 69 45
47 70 49
47 71 42
47 72 66
47 73 22
47 74 69
47 75 55
47 76 66
47 77 59
47 78 11
47 79 47
47 80 72
47 81 88
47 82 31
47 83 60
47 84 6
47 85 89
47 86 68
47 87 4
47 88 23
47 89 56
47 90 81
48 49 63
48 50 66
48 51 88
48 52 8
48 53 4
48 54 60
48 55 81
48 56 23
48 57 4
48 58 88
48 59 7
48 60 75
48 61 42
48 62 52
48 63 76
48 64 22
48 65 33
48 66 20
48 67 77
48 68 83
48 69 26
48 70 40
48 71 25
48 72 79
48 73 27
48 74 58
48 75 52
48 76 19
48 77 2
48 78 53
48 79 21
48 80 41
48 81 45
48 82 10
48 83 68
48 84 46
48 85 54
48 86 87
48 87 0
48 88 80
48 89 38
48 90 18
49 50 85
49 51 25
49 52 65
49 53 63
49 54 15
49 55 26
49 56 88
49 57 36
49 58 26
49 59 87
49 60 66
49 61 55
49 62 62
49 63 88
49 64 65
49 65 80
49 66 18
49 67 73
49 68 41
49 69 15
49 70 62
49 71 45
49 72 62
49 73 41
49 74 82
49 75 16
49 76 58
49 77 72
49 78 55
49 79 71
49 80 26
49 81 80
49 82 78
49 83 40
49 84 48
49 85 29
49 86 34
49 87 10
49 88 34
49 89 39
49 90 54
50 51 5
50 52 64
50 53 18
50 54 23
50 55 52
50 56 57
50 57 13
50 58 13
50 59 86
50 60 4
50 61 71
50 62 19
50 63 70
50 64 62
50 65 38
50 66 13
50 67 28
50 68 21
50 69 27
50 70 48
50 71 59
50 72 45
50 73 44
50 74 27
50 75 19
50 76 11
50 77 3
50 78 42
50 79 42
50 80 45
50 81 25
50 82 13
50 83 29
50 84 29
50 85 63
50 86 2
50 87 52
50 88 81
50 89 70
50 90 70
51 52 46
51 53 89
51 54 32
51 55 41
51 56 45
51 57 8
51 58 85
51 59 88
51 60 61
51 61 86
51 62 57
51 63 73
51 64 77
51 65 27
51 66 25
51 67 31
51 68 80
51 69 20
51 70 32
51 71 66
51 72 64
51 73 9
51 74 63
51 75 82
51 76 79
51 77 18
51 78 21
51 79 1
51 80 78
51 81 39
51 82 32
51 83 66
51 84 21
51 85 26
51 86 41
51 87 22
51 88 69
51 89 50
51 90 30
52 53 57
52 54 57
52 55 18
52 56 80
52 57 7
52 58 55
52 59 13
52 60 66
52 61 58
52 62 58
52 63 40
52 64 57
52 65 59
52 66 20
52 67 6
52 68 86
52 69 24
52 70 50
52 71 41
52 72 60
52 73 28
52 74 5
52 75 81
52 76 53
52 77 30
52 78 85
52 79 13
52 80 51
52 81 68
52 82 30
52 83 63
52 84 25
52 85 52
52 86 26
52 87 43
52 88 32
52 89 74
52 90 77
53 54 47
53 55 70
53 56 77
53 57 13
53 58 14
53 59 28
53 60 23
53 61 36
53 62 13
53 63 18
53 64 31
53 65 88
53 66 58
53 67 71
53 68 4
53 69 35
53 70 23
53 71 69
53 72 25
53 73 51
53 74 52
53 75 71
53 76 33
53 77 30
53 78 22
53 79 70
53 80 62
53 81 47
53 82 33
53 83 32
53 84 59
53 85 38
53 86 26
53 87 58
53 88 68
53 89 37
53 90 46
54 55 85
54 56 81
54 57 67
54 58 89
54 59 17
54 60 42
54 61 28
54 62 77
54 63 79
54 64 31
54 65 11
54 66 24
54 67 31
54 68 70
54 69 33
54 70 4
54 71 38
54 72 84
54 73 47
54 74 12
54 75 14
54 76 7
54 77 76
54 78 6
54 79 62
54 80 73
54 81 30
54 82 71
54 83 88
54 84 30
54 85 75
54 86 36
54 87 27
54 88 47
54 89 14
54 90 85
55 56 85
55 57 66
55 58 88
55 59 61
55 60 28
55 61 74
55 62 60
55 63 70
55 64 56
55 65 77
55 66 24
55 67 31
55 68 37
55 69 21
55 70 83
55 71 65
55 72 61
55 73 70
55 74 47
55 75 59
55 76 50
55 77 11
55 78 71
55 79 76
55 80 66
55 81 60
55 82 1
55 83 89
55 84 10
55 85 17
55 86 37
55 87 37
55 88 1
55 89 31
55 90 52
56 57 51
56 58 89
56 59 55
56 60 82
56 61 70
56 62 39
56 63 34
56 64 20
56 65 60
56 66 78
56 67 57
56 68 15
56 69 73
56 70 77
56 71 27
56 72 28
56 73 0
56 74 12
56 75 33
56 76 67
56 77 25
56 78 26
56 79 26
56 80 29
56 81 33
56 82 23
56 83 6
56 84 72
56 85 15
56 86 29
56 87 40
56 88 60
56 89 44
56 90 81
57 58 81
57 59 85
57 60 67
57 61 33
57 62 0
57 63 44
57 64 23
57 65 7
57 66 51
57 67 6
57 68 10
57 69 27
57 70 57
57 71 83
57 72 66
57 73 21
57 74 26
57 75 25
57 76 16
57 77 53
57 78 87
57 79 86
57 80 30
57 81 30
57 82 76
57 83 78
57 84 40
57 85 76
57 86 78
57 87 65
57 88 64
57 89 55
57 90 12
58 59 64
58 60 49
58 61 48
58 62 19
58 63 25
58 64 75
58 65 33
58 66 32
58 67 15
58 68 82
58 69 12
58 70 32
58 71 11
58 72 70
58 73 16
58 74 11
58 75 19
58 76 52
58 77 23
58 78 47
58 79 77
58 80 75
58 81 51
58 82 7
58 83 79
58 84 9
58 85 51
58 86 56
58 87 40
58 88 80
58 89 59
58 90 66
59 60 23
59 61 5
59 62 16
59 63 76
59 64 86
59 65 66
59 66 66
59 67 51
59 68 39
59 69 62
59 70 15
59 71 88
59 72 11
59 73 17
59 74 82
59 75 87
59 76 86
59 77 45
59 78 57
59 79 72
59 80 38
59 81 0
59 82 82
59 83 45
59 84 5
59 85 29
59 86 20
59 87 58
59 88 52
59 89 54
59 90 7
60 61 63
60 62 4
60 63 27
60 64 71
60 65 66
60 66 80
60 67 70
60 68 61
60 69 53
60 70 58
60 71 64
60 72 85
60 73 69
60 74 66
60 75 34
60 76 30
60 77 44
60 78 32
60 79 72
60 80 74
60 81 38
60 82 80
60 83 49
60 84 29
60 85 1
60 86 55
60 87 50
60 88 10
60 89 40
60 90 34
61 62 20
61 63 85
61 64 57
61 65 26
61 66 54
61 67 30
61 68 40
61 69 34
61 70 31
61 71 49
61 72 40
61 73 66
61 74 17
61 75 12
61 76 17
61 77 52
61 78 39
61 79 60
61 80 8
61 81 89
61 82 71
61 83 56
61 84 61
61 85 41
61 86 69
61 87 18
61 88 10
61 89 84
61 90 42
62 63 12
62 64 13
62 65 79
62 66 8
62 67 19
62 68 45
62 69 16
62 70 66
62 71 41
62 72 6
62 73 78
62 74 12
62 75 44
62 76 52
62 77 4
62 78 8
62 79 37
62 80 13
62 81 57
62 82 4
62 83 35
62 84 74
62 85 83
62 86 80
62 87 2
62 88 51
62 89 37
62 90 74
63 64 88
63 65 14
63 66 26
63 67 17
63 68 36
63 69 49
63 70 74
63 71 31
63 72 10
63 73 37
63 74 42
63 75 75
63 76 85
63 77 71
63 78 33
63 79 11
63 80 56
63 81 12
63 82 68
63 83 5
63 84 44
63 85 25
63 86 35
63 87 13
63 88 10
63 89 1
63 90 55
64 65 74
64 66 86
64 67 72
64 68 58
64 69 59
64 70 0
64 71 19
64 72 6
64 73 16
64 74 2
64 75 65
64 76 6
64 77 37
64 78 86
64 79 19
64 80 29
64 81 3
64 82 25
64 83 85
64 84 21
64 85 76
64 86 36
64 87 72
64 88 72
64 89 68
64 90 10
65 66 80
65 67 45
65 68 16
65 69 56
65 70 80
65 71 49
65 72 14
65 73 43
65 74 65
65 75 2
65 76 72
65 77 39
65 78 0
65 79 17
65 80 86
65 81 65
65 82 22
65 83 81
65 84 31
65 85 24
65 86 36
65 87 58
65 88 22
65 89 23
65 90 33
66 67 85
66 68 79
66 69 85
66 70 67
66 71 42
66 72 8
66 73 71
66 74 73
66 75 63
66 76 6
66 77 2
66 78 59
66 79 83
66 80 32
66 81 39
66 82 58
66 83 61
66 84 23
66 85 45
66 86 77
66 87 75
66 88 24
66 89 19
66 90 87
67 68 31
67 69 21
67 70 14
67 71 63
67 72 56
67 73 85
67 74 77
67 75 89
67 76 12
67 77 85
67 78 52
67 79 17
67 80 70
67 81 53
67 82 50
67 83 18
67 84 54
67 85 65
67 86 74
67 87 72
67 88 13
67 89 50
67 90 86
68 69 78
68 70 12
68 71 51
68 72 34
68 73 2
68 74 83
68 75 81
68 76 32
68 77 88
68 78 34
68 79 9
68 80 9
68 81 23
68 82 67
68 83 59
68 84 46
68 85 89
68 86 72
68 87 79
68 88 10
68 89 34
68 90 75
69 70 15
69 71 9
69 72 53
69 73 39
69 74 35
69 75 40
69 76 13
69 77 2
69 78 53
69 79 80
69 80 7
69 81 67
69 82 73
69 83 42
69 84 13
69 85 20
69 86 80
69 87 29
69 88 37
69 89 45
69 90 57
70 71 21
70 72 49
70 73 46
70 74 71
70 75 16
70 76 79
70 77 36
70 78 48
70 79 85
70 80 37
70 81 56
70 82 36
70 83 72
70 84 43
70 85 34
70 86 64
70 87 76
70 88 10
70 89 63
70 90 77
71 72 54
71 73 56
71 74 25
71 75 82
71 76 65
71 77 51
71 78 48
71 79 72
71 80 83
71 81 47
71 82 51
71 83 82
71 84 60
71 85 48
71 86 22
71 87 35
71 88 6
71 89 81
71 90 87
72 73 62
72 74 61
72 75 23
72 76 66
72 77 63
72 78 24
72 79 18
72 80 2
72 81 48
72 82 49
72 83 15
72 84 46
72 85 43
72 86 25
72 87 21
72 88 19
72 89 42
72 90 25
73 74 4
73 75 62
73 76 31
73 77 78
73 78 27
73 79 18
73 80 82
73 81 28
73 82 35
73 83 36
73 84 54
73 85 2
73 86 47
73 87 69
73 88 8
73 89 54
73 90 67
74 75 22
74 76 56
74 77 11
74 78 54
74 79 55
74 80 79
74 81 33
74 82 71
74 83 77
74 84 28
74 85 51
74 86 48
74 87 67
74 88 46
74 89 49
74 90 8
75 76 89
75 77 3
75 78 56
75 79 65
75 80 65
75 81 59
75 82 74
75 83 84
75 84 47
75 85 51
75 86 39
75 87 28
75 88 67
75 89 86
75 90 3
76 77 44
76 78 85
76 79 83
76 80 36
76 81 19
76 82 3
76 83 60
76 84 64
76 85 50
76 86 17
76 87 67
76 88 40
76 89 18
76 90 3
77 78 29
77 79 87
77 80 11
77 81 31
77 82 53
77 83 24
77 84 15
77 85 66
77 86 23
77 87 12
77 88 16
77 89 77
77 90 28
78 79 73
78 80 21
78 81 85
78 82 16
78 83 69
78 84 7
78 85 53
78 86 38
78 87 2
78 88 86
78 89 31
78 90 79
79 80 66
79 81 15
79 82 66
79 83 74
79 84 82
79 85 7
79 86 49
79 87 65
79 88 60
79 89 0
79 90 35
80 81 28
80 82 70
80 83 18
80 84 28
80 85 38
80 86 52
80 87 17
80 88 38
80 89 0
80 90 58
81 82 79
81 83 49
81 84 33
81 85 49
81 86 13
81 87 71
81 88 54
81 89 30
81 90 89
82 83 62
82 84 1
82 85 60
82 86 42
82 87 27
82 88 28
82 89 38
82 90 76
83 84 61
83 85 4
83 86 46
83 87 82
83 88 31
83 89 86
83 90 24
84 85 24
84 86 72
84 87 68
84 88 4
84 89 67
84 90 37
85 86 23
85 87 27
85 88 62
85 89 14
85 90 50
86 87 53
86 88 54
86 89 54
86 90 23
87 88 70
87 89 33
87 90 49
88 89 21
88 90 21
89 90 34
