100 4950
1 2 65
1 3 74
1 4 86
1 5 81
1 6 92
1 7 47
1 8 44
1 9 58
1 10 3
1 11 14
1 12 12
1 13 9
1 14 8
1 15 22
1 16 66
1 17 41
1 18 90
1 19 53
1 20 39
1 21 35
1 22 49
1 23 8
1 24 9
1 25 41
1 26 50
1 27 97
1 28 79
1 29 52
1 30 1
1 31 40
1 32 62
1 33 43
1 34 55
1 35 21
1 36 89
1 37 90
1 38 10
1 39 75
1 40 4
1 41 50
1 42 15
1 43 80
1 44 63
1 45 48
1 46 31
1 47 81
1 48 59
1 49 48
1 50 83
1 51 4
1 52 17
1 53 57
1 54 42
1 55 25
1 56 99
1 57 97
1 58 0
1 59 35
1 60 76
1 61 46
1 62 2
1 63 46
1 64 68
1 65 47
1 66 56
1 67 29
1 68 88
1 69 84
1 70 23
1 71 68
1 72 45
1 73 55
1 74 81
1 75 71
1 76 82
1 77 81
1 78 43
1 79 98
1 80 89
1 81 84
1 82 8
1 83 50
1 84 82
1 85 89
1 86 37
1 87 92
1 88 60
1 89 35
1 90 82
1 91 4
1 92 13
1 93 86
1 94 54
1 95 84
1 96 48
1 97 79
1 98 39
1 99 49
1 100 84
2 3 69
2 4 43
2 5 35
2 6 8
2 7 2
2 8 31
2 9 66
2 10 22
2 11 81
2 12 42
2 13 81
2 14 12
2 15 15
2 16 20
2 17 38
2 18 41
2 19 81
2 20 34
2 21 88
2 22 0
2 23 99
2 24 63
2 25 74
2 26 87
2 27 23
2 28 21
2 29 17
2 30 39
2 31 65
2 32 93
2 33 19
2 34 22
2 35 21
2 36 94
2 37 11
2 38 32
2 39 60
2 40 54
2 41 73
2 42 4
2 43 16
2 44 65
2 45 11
2 46 81
2 47 75
2 48 20
2 49 30
2 50 10
2 51 59
2 52 57
2 53 52
2 54 41
2 55 73
2 56 37
2 57 26
2 58 12
2 59 98
2 60 65
2 61 63
2 62 21
2 63 60
2 64 48
2 65 81
2 66 48
2 67 68
2 68 43
2 69 6
2 70 54
2 71 35
2 72 64
2 73 78
2 74 54
2 75 2
2 76 75
2 77 53
2 78 14
2 79 82
2 80 34
2 81 22
2 82 77
2 83 97
2 84 63
2 85 38
2 86 49
2 87 47
2 88 72
2 89 98
2 90 97
2 91 72
2 92 42
2 93 57
2 94 71
2 95 10
2 96 80
2 97 22
2 98 45
2 99 20
2 100 66
3 4 8
3 5 76
3 6 91
3 7 62
3 8 35
3 9 27
3 10 48
3 11 92
3 12 37
3 13 49
3 14 36
3 15 7
3 16 9
3 17 43
3 18 99
3 19 51
3 20 52
3 21 79
3 22 22
3 23 94
3 24 38
3 25 68
3 26 10
3 27 38
3 28 94
3 29 43
3 30 35
3 31 5
3 32 58
3 33 33
3 34 59
3 35 46
3 36 85
3 37 88
3 38 62
3 39 10
3 40 17
3 41 54
3 42 41
3 43 52
3 44 34
3 45 67
3 46 5
3 47 12
3 48 41
3 49 37
3 50 79
3 51 78
3 52 15
3 53 49
3 54 66
3 55 32
3 56 62
3 57 71
3 58 16
3 59 94
3 60 35
3 61 30
3 62 96
3 63 81
3 64 59
3 65 19
3 66 53
3 67 4
3 68 66
3 69 41
3 70 50
3 71 40
3 72 98
3 73 94
3 74 27
3 75 29
3 76 29
3 77 57
3 78 76
3 79 30
3 80 56
3 81 4
3 82 59
3 83 15
3 84 77
3 85 96
3 86 20
3 87 49
3 88 24
3 89 95
3 90 49
3 91 0
3 92 26
3 93 12
3 94 69
3 95 59
3 96 37
3 97 12
3 98 81
3 99 84
3 100 20
4 5 54
4 6 80
4 7 71
4 8 28
4 9 94
4 10 34
4 11 58
4 12 49
4 13 12
4 14 29
4 15 65
4 16 92
4 17 66
4 18 71
4 19 67
4 20 75
4 21 64
4 22 39
4 23 98
4 24 52
4 25 71
4 26 39
4 27 99
4 28 83
4 29 74
4 30 90
4 31 15
4 32 3
4 33 11
4 34 66
4 35 88
4 36 21
4 37 26
4 38 35
4 39 97
4 40 59
4 41 54
4 42 80
4 43 90
4 44 27
4 45 10
4 46 49
4 47 47
4 48 75
4 49 28
4 50 28
4 51 69
4 52 46
4 53 66
4 54 16
4 55 20
4 56 47
4 57 29
4 58 81
4 59 82
4 60 80
4 61 87
4 62 88
4 63 92
4 64 86
4 65 30
4 66 22
4 67 0
4 68 46
4 69 53
4 70 27
4 71 87
4 72 62
4 73 17
4 74 37
4 75 45
4 76 59
4 77 45
4 78 73
4 79 22
4 80 31
4 81 19
4 82 96
4 83 5
4 84 48
4 85 95
4 86 82
4 87 78
4 88 82
4 89 11
4 90 26
4 91 19
4 92 8
4 93 61
4 94 70
4 95 53
4 96 83
4 97 38
4 98 70
4 99 20
4 100 25
5 6 12
5 7 64
5 8 37
5 9 33
5 10 21
5 11 38
5 12 20
5 13 25
5 14 64
5 15 71
5 16 10
5 17 39
5 18 70
5 19 29
5 20 91
5 21 25
5 22 55
5 23 23
5 24 56
5 25 0
5 26 58
5 27 84
5 28 71
5 29 66
5 30 68
5 31 55
5 32 66
5 33 34
5 34 61
5 35 40
5 36 66
5 37 18
5 38 92
5 39 61
5 40 62
5 41 51
5 42 21
5 43 52
5 44 11
5 45 90
5 46 89
5 47 39
5 48 16
5 49 90
5 50 34
5 51 6
5 52 3
5 53 16
5 54 88
5 55 0
5 56 0
5 57 76
5 58 66
5 59 40
5 60 35
5 61 95
5 62 48
5 63 55
5 64 67
5 65 63
5 66 96
5 67 83
5 68 44
5 69 26
5 70 43
5 71 57
5 72 17
5 73 14
5 74 74
5 75 12
5 76 94
5 77 80
5 78 71
5 79 68
5 80 33
5 81 88
5 82 39
5 83 6
5 84 95
5 85 10
5 86 78
5 87 63
5 88 42
5 89 96
5 90 51
5 91 13
5 92 46
5 93 8
5 94 92
5 95 25
5 96 69
5 97 88
5 98 24
5 99 59
5 100 88
6 7 58
6 8 11
6 9 46
6 10 97
6 11 21
6 12 40
6 13 51
6 14 86
6 15 39
6 16 82
6 17 70
6 18 77
6 19 51
6 20 77
6 21 49
6 22 5
6 23 52
6 24 32
6 25 52
6 26 43
6 27 39
6 28 7
6 29 57
6 30 88
6 31 89
6 32 10
6 33 7
6 34 11
6 35 17
6 36 47
6 37 95
6 38 38
6 39 5
6 40 50
6 41 7
6 42 46
6 43 48
6 44 96
6 45 63
6 46 33
6 47 47
6 48 7
6 49 56
6 50 66
6 51 70
6 52 16
6 53 46
6 54 22
6 55 51
6 56 25
6 57 64
6 58 81
6 59 62
6 60 17
6 61 56
6 62 2
6 63 23
6 64 58
6 65 97
6 66 52
6 67 28
6 68 90
6 69 54
6 70 47
6 71 11
6 72 46
6 73 48
6 74 71
6 75 35
6 76 85
6 77 47
6 78 5
6 79 44
6 80 17
6 81 65
6 82 44
6 83 51
6 84 82
6 85 15
6 86 73
6 87 48
6 88 75
6 89 53
6 90 83
6 91 21
6 92 20
6 93 10
6 94 97
6 95 18
6 96 25
6 97 3
6 98 30
6 99 52
6 100 93
7 8 27
7 9 50
7 10 2
7 11 47
7 12 70
7 13 58
7 14 73
7 15 47
7 16 58
7 17 58
7 18 71
7 19 52
7 20 21
7 21 47
7 22 73
7 23 84
7 24 19
7 25 81
7 26 74
7 27 93
7 28 85
7 29 30
7 30 78
7 31 93
7 32 33
7 33 60
7 34 0
7 35 41
7 36 5
7 37 47
7 38 45
7 39 37
7 40 20
7 41 73
7 42 5
7 43 98
7 44 10
7 45 79
7 46 45
7 47 78
7 48 67
7 49 8
7 50 43
7 51 85
7 52 49
7 53 22
7 54 55
7 55 35
7 56 59
7 57 36
7 58 41
7 59 24
7 60 97
7 61 48
7 62 68
7 63 23
7 64 47
7 65 81
7 66 84
7 67 8
7 68 36
7 69 77
7 70 9
7 71 64
7 72 6
7 73 83
7 74 91
7 75 32
7 76 62
7 77 84
7 78 9
7 79 69
7 80 75
7 81 61
7 82 88
7 83 94
7 84 99
7 85 25
7 86 87
7 87 79
7 88 78
7 89 72
7 90 95
7 91 61
7 92 90
7 93 13
7 94 24
7 95 66
7 96 2
7 97 26
7 98 54
7 99 95
7 100 64
8 9 10
8 10 22
8 11 28
8 12 18
8 13 61
8 14 74
8 15 58
8 16 31
8 17 14
8 18 29
8 19 72
8 20 38
8 21 0
8 22 69
8 23 10
8 24 55
8 25 69
8 26 55
8 27 38
8 28 17
8 29 55
8 30 36
8 31 93
8 32 64
8 33 64
8 34 1
8 35 5
8 36 83
8 37 43
8 38 16
8 39 21
8 40 82
8 41 33
8 42 89
8 43 29
8 44 68
8 45 42
8 46 62
8 47 24
8 48 77
8 49 91
8 50 31
8 51 89
8 52 44
8 53 12
8 54 3
8 55 47
8 56 33
8 57 47
8 58 17
8 59 35
8 60 72
8 61 43
8 62 92
8 63 5
8 64 46
8 65 22
8 66 2
8 67 42
8 68 42
8 69 89
8 70 90
8 71 29
8 72 99
8 73 87
8 74 45
8 75 90
8 76 4
8 77 7
8 78 36
8 79 6
8 80 88
8 81 52
8 82 84
8 83 87
8 84 68
8 85 95
8 86 49
8 87 43
8 88 67
8 89 53
8 90 95
8 91 61
8 92 61
8 93 44
8 94 16
8 95 14
8 96 53
8 97 52
8 98 85
8 99 22
8 100 77
9 10 16
9 11 34
9 12 10
9 13 47
9 14 51
9 15 31
9 16 30
9 17 3
9 18 21
9 19 63
9 20 29
9 21 22
9 22 25
9 23 35
9 24 97
9 25 97
9 26 14
9 27 18
9 28 97
9 29 19
9 30 71
9 31 63
9 32 56
9 33 34
9 34 20
9 35 40
9 36 57
9 37 99
9 38 32
9 39 47
9 40 34
9 41 28
9 42 80
9 43 12
9 44 26
9 45 26
9 46 93
9 47 85
9 48 84
9 49 46
9 50 50
9 51 76
9 52 50
9 53 60
9 54 68
9 55 58
9 56 58
9 57 4
9 58 28
9 59 53
9 60 95
9 61 81
9 62 53
9 63 11
9 64 75
9 65 0
9 66 41
9 67 8
9 68 97
9 69 70
9 70 2
9 71 56
9 72 99
9 73 99
9 74 72
9 75 32
9 76 6
9 77 54
9 78 80
9 79 89
9 80 35
9 81 4
9 82 98
9 83 36
9 84 20
9 85 88
9 86 40
9 87 88
9 88 65
9 89 75
9 90 72
9 91 28
9 92 85
9 93 13
9 94 66
9 95 45
9 96 54
9 97 66
9 98 49
9 99 12
9 100 7
10 11 58
10 12 77
10 13 16
10 14 39
10 15 34
10 16 61
10 17 58
10 18 97
10 19 57
10 20 18
10 21 30
10 22 85
10 23 93
10 24 40
10 25 20
10 26 93
10 27 16
10 28 59
10 29 15
10 30 68
10 31 21
10 32 79
10 33 73
10 34 8
10 35 29
10 36 38
10 37 12
10 38 4
10 39 77
10 40 9
10 41 7
10 42 46
10 43 38
10 44 56
10 45 39
10 46 31
10 47 83
10 48 19
10 49 8
10 50 87
10 51 14
10 52 31
10 53 0
10 54 21
10 55 5
10 56 89
10 57 28
10 58 91
10 59 71
10 60 14
10 61 38
10 62 65
10 63 24
10 64 97
10 65 47
10 66 17
10 67 81
10 68 18
10 69 52
10 70 3
10 71 97
10 72 42
10 73 30
10 74 97
10 75 28
10 76 29
10 77 28
10 78 93
10 79 26
10 80 68
10 81 98
10 82 29
10 83 28
10 84 48
10 85 63
10 86 80
10 87 33
10 88 61
10 89 75
10 90 89
10 91 83
10 92 60
10 93 74
10 94 99
10 95 63
10 96 33
10 97 62
10 98 99
10 99 4
10 100 52
11 12 59
11 13 93
11 14 14
11 15 41
11 16 0
11 17 87
11 18 63
11 19 96
11 20 72
11 21 21
11 22 47
11 23 71
11 24 82
11 25 98
11 26 61
11 27 12
11 28 56
11 29 64
11 30 95
11 31 7
11 32 57
11 33 57
11 34 73
11 35 99
11 36 1
11 37 40
11 38 84
11 39 80
11 40 88
11 41 71
11 42 68
11 43 95
11 44 60
11 45 31
11 46 58
11 47 64
11 48 74
11 49 86
11 50 17
11 51 2
11 52 22
11 53 46
11 54 23
11 55 77
11 56 46
11 57 77
11 58 4
11 59 47
11 60 95
11 61 98
11 62 89
11 63 99
11 64 74
11 65 94
11 66 44
11 67 84
11 68 12
11 69 86
11 70 24
11 71 56
11 72 31
11 73 7
11 74 66
11 75 72
11 76 48
11 77 55
11 78 96
11 79 67
11 80 15
11 81 90
11 82 58
11 83 72
11 84 85
11 85 79
11 86 17
11 87 23
11 88 7
11 89 65
11 90 3
11 91 97
11 92 14
11 93 63
11 94 0
11 95 28
11 96 78
11 97 61
11 98 87
11 99 50
11 100 11
12 13 74
12 14 46
12 15 63
12 16 46
12 17 24
12 18 9
12 19 40
12 20 48
12 21 83
12 22 45
12 23 85
12 24 98
12 25 6
12 26 12
12 27 48
12 28 19
12 29 34
12 30 53
12 31 87
12 32 88
12 33 24
12 34 89
12 35 23
12 36 89
12 37 80
12 38 11
12 39 71
12 40 90
12 41 2
12 42 53
12 43 26
12 44 52
12 45 53
12 46 69
12 47 83
12 48 98
12 49 49
12 50 95
12 51 56
12 52 59
12 53 93
12 54 32
12 55 64
12 56 49
12 57 10
12 58 77
12 59 26
12 60 18
12 61 22
12 62 2
12 63 63
12 64 18
12 65 21
12 66 50
12 67 45
12 68 59
12 69 87
12 70 85
12 71 80
12 72 92
12 73 27
12 74 13
12 75 74
12 76 19
12 77 13
12 78 79
12 79 63
12 80 4
12 81 62
12 82 85
12 83 83
12 84 89
12 85 80
12 86 45
12 87 45
12 88 48
12 89 23
12 90 72
12 91 55
12 92 93
12 93 72
12 94 30
12 95 30
12 96 46
12 97 73
12 98 20
12 99 62
12 100 80
13 14 63
13 15 80
13 16 32
13 17 86
13 18 35
13 19 3
13 20 40
13 21 56
13 22 93
13 23 97
13 24 72
13 25 30
13 26 80
13 27 79
13 28 67
13 29 30
13 30 58
13 31 96
13 32 85
13 33 26
13 34 91
13 35 49
13 36 95
13 37 42
13 38 27
13 39 30
13 40 40
13 41 17
13 42 33
13 43 41
13 44 97
13 45 50
13 46 58
13 47 96
13 48 15
13 49 91
13 50 95
13 51 52
13 52 63
13 53 10
13 54 7
13 55 14
13 56 62
13 57 29
13 58 22
13 59 9
13 60 65
13 61 18
13 62 41
13 63 91
13 64 75
13 65 18
13 66 38
13 67 43
13 68 41
13 69 26
13 70 39
13 71 31
13 72 94
13 73 65
13 74 16
13 75 93
13 76 70
13 77 0
13 78 79
13 79 20
13 80 74
13 81 44
13 82 52
13 83 40
13 84 47
13 85 6
13 86 1
13 87 20
13 88 26
13 89 86
13 90 33
13 91 99
13 92 27
13 93 4
13 94 46
13 95 69
13 96 20
13 97 28
13 98 80
13 99 57
13 100 35
14 15 57
14 16 59
14 17 15
14 18 58
14 19 29
14 20 19
14 21 2
14 22 47
14 23 69
14 24 4
14 25 11
14 26 27
14 27 61
14 28 51
14 29 41
14 30 18
14 31 82
14 32 46
14 33 71
14 34 23
14 35 89
14 36 77
14 37 88
14 38 50
14 39 33
14 40 65
14 41 16
14 42 43
14 43 91
14 44 10
14 45 82
14 46 90
14 47 11
14 48 56
14 49 4
14 50 3
14 51 93
14 52 96
14 53 23
14 54 60
14 55 98
14 56 60
14 57 20
14 58 34
14 59 45
14 60 76
14 61 76
14 62 29
14 63 66
14 64 58
14 65 16
14 66 66
14 67 18
14 68 9
14 69 66
14 70 64
14 71 40
14 72 91
14 73 42
14 74 26
14 75 30
14 76 78
14 77 36
14 78 95
14 79 88
14 80 38
14 81 64
14 82 57
14 83 64
14 84 39
14 85 8
14 86 25
14 87 12
14 88 77
14 89 59
14 90 41
14 91 42
14 92 89
14 93 61
14 94 10
14 95 74
14 96 40
14 97 91
14 98 25
14 99 36
14 100 78
15 16 98
15 17 31
15 18 12
15 19 1
15 20 13
15 21 16
15 22 34
15 23 21
15 24 94
15 25 28
15 26 1
15 27 97
15 28 91
15 29 26
15 30 68
15 31 76
15 32 57
15 33 92
15 34 85
15 35 53
15 36 73
15 37 45
15 38 80
15 39 78
15 40 68
15 41 42
15 42 41
15 43 50
15 44 93
15 45 13
15 46 10
15 47 80
15 48 35
15 49 37
15 50 74
15 51 48
15 52 17
15 53 10
15 54 59
15 55 69
15 56 58
15 57 72
15 58 31
15 59 65
15 60 49
15 61 46
15 62 8
15 63 21
15 64 82
15 65 69
15 66 24
15 67 16
15 68 0
15 69 71
15 70 95
15 71 53
15 72 51
15 73 13
15 74 34
15 75 82
15 76 58
15 77 39
15 78 4
15 79 84
15 80 97
15 81 72
15 82 60
15 83 19
15 84 88
15 85 78
15 86 93
15 87 52
15 88 99
15 89 82
15 90 24
15 91 49
15 92 5
15 93 4
15 94 4
15 95 45
15 96 26
15 97 75
15 98 83
15 99 11
15 100 65
16 17 6
16 18 64
16 19 58
16 20 97
16 21 58
16 22 99
16 23 16
16 24 9
16 25 96
16 26 72
16 27 83
16 28 62
16 29 74
16 30 43
16 31 0
16 32 78
16 33 81
16 34 0
16 35 42
16 36 1
16 37 66
16 38 62
16 39 81
16 40 22
16 41 99
16 42 98
16 43 31
16 44 54
16 45 83
16 46 7
16 47 16
16 48 0
16 49 89
16 50 99
16 51 64
16 52 23
16 53 66
16 54 14
16 55 95
16 56 34
16 57 94
16 58 51
16 59 10
16 60 12
16 61 83
16 62 1
16 63 17
16 64 57
16 65 41
16 66 22
16 67 99
16 68 40
16 69 64
16 70 50
16 71 41
16 72 87
16 73 32
16 74 7
16 75 6
16 76 42
16 77 19
16 78 68
16 79 90
16 80 7
16 81 83
16 82 30
16 83 21
16 84 97
16 85 66
16 86 82
16 87 29
16 88 80
16 89 4
16 90 94
16 91 74
16 92 23
16 93 26
16 94 42
16 95 43
16 96 99
16 97 82
16 98 59
16 99 83
16 100 92
17 18 38
17 19 60
17 20 65
17 21 37
17 22 98
17 23 2
17 24 18
17 25 43
17 26 6
17 27 5
17 28 73
17 29 38
17 30 34
17 31 92
17 32 84
17 33 7
17 34 61
17 35 54
17 36 75
17 37 57
17 38 65
17 39 15
17 40 86
17 41 28
17 42 97
17 43 70
17 44 41
17 45 35
17 46 71
17 47 75
17 48 71
17 49 23
17 50 14
17 51 75
17 52 0
17 53 86
17 54 22
17 55 41
17 56 67
17 57 51
17 58 59
17 59 87
17 60 30
17 61 21
17 62 72
17 63 54
17 64 31
17 65 8
17 66 51
17 67 29
17 68 63
17 69 76
17 70 70
17 71 8
17 72 38
17 73 46
17 74 65
17 75 85
17 76 22
17 77 44
17 78 4
17 79 68
17 80 38
17 81 49
17 82 88
17 83 62
17 84 56
17 85 18
17 86 27
17 87 96
17 88 39
17 89 84
17 90 16
17 91 74
17 92 52
17 93 77
17 94 53
17 95 18
17 96 25
17 97 72
17 98 2
17 99 36
17 100 99
18 19 60
18 20 44
18 21 98
18 22 37
18 23 29
18 24 18
18 25 81
18 26 70
18 27 11
18 28 86
18 29 39
18 30 85
18 31 21
18 32 59
18 33 68
18 34 13
18 35 70
18 36 28
18 37 40
18 38 97
18 39 7
18 40 91
18 41 70
18 42 67
18 43 95
18 44 69
18 45 68
18 46 90
18 47 52
18 48 78
18 49 13
18 50 54
18 51 43
18 52 54
18 53 86
18 54 45
18 55 41
18 56 46
18 57 53
18 58 32
18 59 98
18 60 58
18 61 25
18 62 15
18 63 94
18 64 28
18 65 6
18 66 84
18 67 28
18 68 69
18 69 12
18 70 52
18 71 33
18 72 40
18 73 15
18 74 60
18 75 18
18 76 11
18 77 27
18 78 49
18 79 52
18 80 79
18 81 74
18 82 39
18 83 10
18 84 88
18 85 75
18 86 43
18 87 58
18 88 47
18 89 63
18 90 55
18 91 96
18 92 84
18 93 16
18 94 0
18 95 19
18 96 32
18 97 73
18 98 76
18 99 89
18 100 7
19 20 27
19 21 13
19 22 10
19 23 61
19 24 88
19 25 39
19 26 52
19 27 88
19 28 47
19 29 23
19 30 8
19 31 49
19 32 49
19 33 40
19 34 62
19 35 78
19 36 28
19 37 8
19 38 31
19 39 42
19 40 0
19 41 97
19 42 53
19 43 6
19 44 47
19 45 67
19 46 48
19 47 18
19 48 10
19 49 9
19 50 4
19 51 60
19 52 93
19 53 45
19 54 48
19 55 13
19 56 54
19 57 67
19 58 37
19 59 36
19 60 45
19 61 49
19 62 58
19 63 3
19 64 32
19 65 29
19 66 8
19 67 25
19 68 43
19 69 88
19 70 94
19 71 50
19 72 22
19 73 32
19 74 9
19 75 92
19 76 89
19 77 27
19 78 5
19 79 74
19 80 49
19 81 5
19 82 3
19 83 66
19 84 27
19 85 73
19 86 85
19 87 84
19 88 39
19 89 14
19 90 18
19 91 96
19 92 60
19 93 60
19 94 27
19 95 75
19 96 99
19 97 24
19 98 70
19 99 63
19 100 44
20 21 70
20 22 55
20 23 98
20 24 6
20 25 57
20 26 48
20 27 4
20 28 56
20 29 98
20 30 34
20 31 89
20 32 95
20 33 39
20 34 52
20 35 92
20 36 7
20 37 52
20 38 69
20 39 3
20 40 74
20 41 73
20 42 71
20 43 64
20 44 50
20 45 96
20 46 71
20 47 39
20 48 17
20 49 16
20 50 28
20 51 19
20 52 16
20 53 66
20 54 53
20 55 65
20 56 65
20 57 59
20 58 17
20 59 39
20 60 89
20 61 88
20 62 55
20 63 48
20 64 9
20 65 70
20 66 5
20 67 52
20 68 54
20 69 61
20 70 90
20 71 96
20 72 98
20 73 86
20 74 46
20 75 46
20 76 62
20 77 3
20 78 38
20 79 21
20 80 49
20 81 40
20 82 17
20 83 36
20 84 91
20 85 38
20 86 28
20 87 3
20 88 53
20 89 21
20 90 76
20 91 78
20 92 85
20 93 96
20 94 48
20 95 2
20 96 73
20 97 66
20 98 43
20 99 82
20 100 63
21 22 91
21 23 52
21 24 50
21 25 46
21 26 57
21 27 33
21 28 74
21 29 39
21 30 9
21 31 84
21 32 27
21 33 91
21 34 88
21 35 87
21 36 71
21 37 41
21 38 51
21 39 64
21 40 73
21 41 23
21 42 15
21 43 14
21 44 4
21 45 54
21 46 63
21 47 34
21 48 77
21 49 38
21 50 45
21 51 33
21 52 86
21 53 99
21 54 97
21 55 1
21 56 63
21 57 73
21 58 5
21 59 24
21 60 29
21 61 27
21 62 90
21 63 24
21 64 93
21 65 58
21 66 52
21 67 57
21 68 87
21 69 43
21 70 91
21 71 33
21 72 19
21 73 58
21 74 86
21 75 15
21 76 1
21 77 72
21 78 7
21 79 56
21 80 24
21 81 28
21 82 57
21 83 25
21 84 1
21 85 70
21 86 44
21 87 25
21 88 30
21 89 23
21 90 69
21 91 60
21 92 76
21 93 71
21 94 46
21 95 48
21 96 52
21 97 50
21 98 73
21 99 15
21 100 89
22 23 14
22 24 34
22 25 85
22 26 87
22 27 57
22 28 27
22 29 0
22 30 4
22 31 19
22 32 63
22 33 76
22 34 80
22 35 17
22 36 9
22 37 99
22 38 93
22 39 69
22 40 28
22 41 63
22 42 82
22 43 92
22 44 92
22 45 11
22 46 20
22 47 66
22 48 83
22 49 38
22 50 21
22 51 37
22 52 44
22 53 0
22 54 61
22 55 0
22 56 11
22 57 27
22 58 94
22 59 51
22 60 59
22 61 42
22 62 49
22 63 62
22 64 71
22 65 38
22 66 0
22 67 16
22 68 26
22 69 58
22 70 63
22 71 20
22 72 81
22 73 21
22 74 99
22 75 66
22 76 47
22 77 47
22 78 33
22 79 5
22 80 78
22 81 87
22 82 65
22 83 85
22 84 55
22 85 17
22 86 68
22 87 70
22 88 66
22 89 66
22 90 76
22 91 65
22 92 63
22 93 86
22 94 66
22 95 44
22 96 76
22 97 64
22 98 10
22 99 3
22 100 54
23 24 68
23 25 16
23 26 14
23 27 50
23 28 98
23 29 78
23 30 34
23 31 25
23 32 28
23 33 86
23 34 54
23 35 1
23 36 18
23 37 60
23 38 78
23 39 73
23 40 66
23 41 28
23 42 30
23 43 99
23 44 40
23 45 58
23 46 39
23 47 47
23 48 61
23 49 83
23 50 77
23 51 23
23 52 15
23 53 92
23 54 73
23 55 30
23 56 84
23 57 5
23 58 40
23 59 11
23 60 36
23 61 54
23 62 0
23 63 93
23 64 50
23 65 43
23 66 1
23 67 68
23 68 46
23 69 30
23 70 43
23 71 14
23 72 43
23 73 80
23 74 72
23 75 67
23 76 83
23 77 20
23 78 82
23 79 72
23 80 5
23 81 35
23 82 73
23 83 82
23 84 0
23 85 54
23 86 16
23 87 12
23 88 38
23 89 26
23 90 34
23 91 16
23 92 65
23 93 97
23 94 32
23 95 70
23 96 62
23 97 58
23 98 13
23 99 42
23 100 85
24 25 48
24 26 53
24 27 1
24 28 6
24 29 59
24 30 6
24 31 19
24 32 89
24 33 86
24 34 12
24 35 14
24 36 80
24 37 81
24 38 11
24 39 31
24 40 75
24 41 59
24 42 86
24 43 34
24 44 72
24 45 95
24 46 14
24 47 39
24 48 71
24 49 61
24 50 81
24 51 79
24 52 18
24 53 51
24 54 98
24 55 6
24 56 6
24 57 30
24 58 99
24 59 67
24 60 20
24 61 78
24 62 92
24 63 59
24 64 63
24 65 82
24 66 32
24 67 79
24 68 66
24 69 16
24 70 31
24 71 76
24 72 49
24 73 57
24 74 86
24 75 87
24 76 76
24 77 62
24 78 78
24 79 72
24 80 57
24 81 44
24 82 38
24 83 72
24 84 36
24 85 29
24 86 71
24 87 31
24 88 93
24 89 79
24 90 10
24 91 88
24 92 36
24 93 86
24 94 39
24 95 40
24 96 28
24 97 8
24 98 16
24 99 72
24 100 55
25 26 95
25 27 56
25 28 83
25 29 68
25 30 67
25 31 17
25 32 31
25 33 9
25 34 27
25 35 35
25 36 24
25 37 97
25 38 43
25 39 81
25 40 37
25 41 11
25 42 1
25 43 36
25 44 53
25 45 32
25 46 78
25 47 30
25 48 29
25 49 60
25 50 17
25 51 43
25 52 56
25 53 82
25 54 70
25 55 60
25 56 71
25 57 36
25 58 74
25 59 29
25 60 51
25 61 18
25 62 39
25 63 56
25 64 71
25 65 61
25 66 53
25 67 49
25 68 99
25 69 95
25 70 41
25 71 9
25 72 28
25 73 58
25 74 19
25 75 63
25 76 63
25 77 3
25 78 85
25 79 68
25 80 86
25 81 19
25 82 40
25 83 86
25 84 19
25 85 95
25 86 33
25 87 56
25 88 16
25 89 31
25 90 27
25 91 40
25 92 69
25 93 52
25 94 29
25 95 86
25 96 21
25 97 48
25 98 45
25 99 54
25 100 89
26 27 10
26 28 96
26 29 94
26 30 71
26 31 77
26 32 75
26 33 38
26 34 12
26 35 22
26 36 66
26 37 24
26 38 25
26 39 3
26 40 70
26 41 40
26 42 9
26 43 13
26 44 69
26 45 81
26 46 51
26 47 81
26 48 84
26 49 23
26 50 35
26 51 21
26 52 17
26 53 70
26 54 35
26 55 85
26 56 98
26 57 95
26 58 50
26 59 69
26 60 56
26 61 85
26 62 98
26 63 17
26 64 3
26 65 48
26 66 62
26 67 44
26 68 78
26 69 60
26 70 88
26 71 7
26 72 31
26 73 41
26 74 7
26 75 31
26 76 20
26 77 28
26 78 84
26 79 79
26 80 12
26 81 34
26 82 48
26 83 61
26 84 12
26 85 0
26 86 70
26 87 85
26 88 46
26 89 85
26 90 98
26 91 38
26 92 50
26 93 12
26 94 25
26 95 35
26 96 99
26 97 5
26 98 56
26 99 88
26 100 79
27 28 6
27 29 70
27 30 78
27 31 26
27 32 15
27 33 62
27 34 5
27 35 9
27 36 47
27 37 78
27 38 31
27 39 89
27 40 44
27 41 38
27 42 59
27 43 66
27 44 73
27 45 37
27 46 87
27 47 0
27 48 35
27 49 81
27 50 87
27 51 67
27 52 89
27 53 89
27 54 24
27 55 25
27 56 26
27 57 63
27 58 97
27 59 42
27 60 47
27 61 95
27 62 80
27 63 85
27 64 68
27 65 33
27 66 58
27 67 88
27 68 17
27 69 23
27 70 87
27 71 40
27 72 62
27 73 25
27 74 95
27 75 34
27 76 2
27 77 69
27 78 87
27 79 22
27 80 95
27 81 72
27 82 1
27 83 73
27 84 40
27 85 0
27 86 9
27 87 85
27 88 66
27 89 26
27 90 47
27 91 40
27 92 80
27 93 62
27 94 7
27 95 40
27 96 98
27 97 49
27 98 35
27 99 81
27 100 15
28 29 67
28 30 12
28 31 81
28 32 10
28 33 66
28 34 42
28 35 7
28 36 44
28 37 10
28 38 93
28 39 65
28 40 12
28 41 49
28 42 77
28 43 95
28 44 49
28 45 41
28 46 86
28 47 1
28 48 37
28 49 70
28 50 14
28 51 2
28 52 75
28 53 1
28 54 51
28 55 20
28 56 67
28 57 79
28 58 45
28 59 80
28 60 35
28 61 9
28 62 56
28 63 57
28 64 47
28 65 37
28 66 11
28 67 42
28 68 61
28 69 99
28 70 30
28 71 87
28 72 38
28 73 0
28 74 78
28 75 43
28 76 96
28 77 65
28 78 97
28 79 77
28 80 45
28 81 26
28 82 16
28 83 37
28 84 6
28 85 70
28 86 27
28 87 38
28 88 64
28 89 89
28 90 78
28 91 78
28 92 24
28 93 11
28 94 37
28 95 97
28 96 3
28 97 67
28 98 13
28 99 4
28 100 28
29 30 60
29 31 62
29 32 61
29 33 57
29 34 33
29 35 95
29 36 20
29 37 63
29 38 18
29 39 63
29 40 37
29 41 34
29 42 84
29 43 93
29 44 75
29 45 88
29 46 54
29 47 75
29 48 29
29 49 21
29 50 61
29 51 75
29 52 19
29 53 56
29 54 95
29 55 56
29 56 40
29 57 86
29 58 68
29 59 79
29 60 19
29 61 87
29 62 60
29 63 6
29 64 63
29 65 68
29 66 37
29 67 15
29 68 62
29 69 87
29 70 47
29 71 88
29 72 37
29 73 3
29 74 93
29 75 90
29 76 62
29 77 63
29 78 66
29 79 29
29 80 64
29 81 69
29 82 94
29 83 33
29 84 48
29 85 49
29 86 94
29 87 95
29 88 94
29 89 41
29 90 93
29 91 19
29 92 61
29 93 58
29 94 9
29 95 70
29 96 22
29 97 31
29 98 77
29 99 73
29 100 99
30 31 67
30 32 94
30 33 95
30 34 60
30 35 73
30 36 12
30 37 12
30 38 61
30 39 58
30 40 35
30 41 17
30 42 39
30 43 75
30 44 43
30 45 78
30 46 23
30 47 40
30 48 69
30 49 20
30 50 84
30 51 96
30 52 11
30 53 95
30 54 71
30 55 46
30 56 39
30 57 70
30 58 29
30 59 94
30 60 69
30 61 72
30 62 62
30 63 71
30 64 96
30 65 78
30 66 18
30 67 61
30 68 34
30 69 84
30 70 53
30 71 13
30 72 47
30 73 68
30 74 32
30 75 77
30 76 29
30 77 72
30 78 14
30 79 15
30 80 61
30 81 17
30 82 54
30 83 39
30 84 35
30 85 57
30 86 97
30 87 50
30 88 88
30 89 98
30 90 42
30 91 45
30 92 89
30 93 38
30 94 46
30 95 30
30 96 26
30 97 41
30 98 73
30 99 32
30 100 93
31 32 99
31 33 74
31 34 59
31 35 72
31 36 50
31 37 52
31 38 34
31 39 8
31 40 70
31 41 69
31 42 33
31 43 55
31 44 54
31 45 46
31 46 83
31 47 70
31 48 35
31 49 27
31 50 52
31 51 30
31 52 94
31 53 84
31 54 49
31 55 37
31 56 6
31 57 4
31 58 53
31 59 37
31 60 8
31 61 77
31 62 3
31 63 57
31 64 35
31 65 38
31 66 88
31 67 47
31 68 76
31 69 43
31 70 82
31 71 16
31 72 58
31 73 62
31 74 40
31 75 37
31 76 63
31 77 97
31 78 1
31 79 16
31 80 77
31 81 9
31 82 60
31 83 8
31 84 22
31 85 86
31 86 87
31 87 79
31 88 17
31 89 29
31 90 35
31 91 13
31 92 48
31 93 47
31 94 61
31 95 71
31 96 99
31 97 8
31 98 30
31 99 8
31 100 60
32 33 61
32 34 53
32 35 82
32 36 38
32 37 17
32 38 39
32 39 98
32 40 92
32 41 96
32 42 6
32 43 7
32 44 49
32 45 42
32 46 0
32 47 43
32 48 57
32 49 53
32 50 14
32 51 29
32 52 69
32 53 43
32 54 60
32 55 33
32 56 43
32 57 65
32 58 18
32 59 74
32 60 52
32 61 40
32 62 98
32 63 76
32 64 76
32 65 32
32 66 2
32 67 60
32 68 80
32 69 80
32 70 55
32 71 93
32 72 29
32 73 74
32 74 68
32 75 9
32 76 79
32 77 33
32 78 80
32 79 8
32 80 13
32 81 39
32 82 31
32 83 17
32 84 47
32 85 72
32 86 37
32 87 37
32 88 5
32 89 14
32 90 64
32 91 72
32 92 15
32 93 32
32 94 62
32 95 48
32 96 1
32 97 33
32 98 35
32 99 50
32 100 60
33 34 28
33 35 54
33 36 30
33 37 57
33 38 41
33 39 62
33 40 28
33 41 41
33 42 19
33 43 40
33 44 91
33 45 81
33 46 58
33 47 60
33 48 79
33 49 67
33 50 6
33 51 84
33 52 82
33 53 3
33 54 45
33 55 35
33 56 41
33 57 13
33 58 90
33 59 31
33 60 89
33 61 29
33 62 66
33 63 26
33 64 56
33 65 91
33 66 71
33 67 44
33 68 23
33 69 35
33 70 98
33 71 6
33 72 94
33 73 22
33 74 68
33 75 1
33 76 47
33 77 36
33 78 66
33 79 8
33 80 55
33 81 61
33 82 80
33 83 13
33 84 68
33 85 25
33 86 31
33 87 3
33 88 26
33 89 87
33 90 53
33 91 87
33 92 88
33 93 96
33 94 26
33 95 94
33 96 67
33 97 44
33 98 14
33 99 71
33 100 3
34 35 7
34 36 50
34 37 47
34 38 90
34 39 91
34 40 85
34 41 20
34 42 24
34 43 89
34 44 15
34 45 93
34 46 78
34 47 45
34 48 2
34 49 56
34 50 49
34 51 40
34 52 84
34 53 75
34 54 6
34 55 98
34 56 24
34 57 37
34 58 53
34 59 22
34 60 75
34 61 15
34 62 77
34 63 27
34 64 60
34 65 66
34 66 35
34 67 27
34 68 42
34 69 60
34 70 43
34 71 97
34 72 77
34 73 94
34 74 7
34 75 13
34 76 95
34 77 94
34 78 0
34 79 58
34 80 69
34 81 5
34 82 96
34 83 25
34 84 89
34 85 95
34 86 63
34 87 34
34 88 58
34 89 99
34 90 71
34 91 67
34 92 9
34 93 87
34 94 22
34 95 46
34 96 18
34 97 66
34 98 92
34 99 34
34 100 88
35 36 16
35 37 66
35 38 42
35 39 56
35 40 31
35 41 2
35 42 90
35 43 85
35 44 4
35 45 78
35 46 14
35 47 79
35 48 87
35 49 92
35 50 39
35 51 38
35 52 23
35 53 68
35 54 21
35 55 3
35 56 75
35 57 31
35 58 89
35 59 17
35 60 82
35 61 35
35 62 71
35 63 65
35 64 52
35 65 72
35 66 32
35 67 98
35 68 80
35 69 68
35 70 13
35 71 6
35 72 74
35 73 71
35 74 90
35 75 22
35 76 27
35 77 51
35 78 91
35 79 31
35 80 62
35 81 91
35 82 4
35 83 14
35 84 90
35 85 62
35 86 61
35 87 30
35 88 72
35 89 15
35 90 40
35 91 57
35 92 44
35 93 37
35 94 25
35 95 24
35 96 53
35 97 2
35 98 39
35 99 81
35 100 6
36 37 62
36 38 17
36 39 68
36 40 5
36 41 64
36 42 52
36 43 64
36 44 65
36 45 2
36 46 99
36 47 90
36 48 19
36 49 29
36 50 76
36 51 1
36 52 2
36 53 36
36 54 95
36 55 30
36 56 6
36 57 73
36 58 52
36 59 18
36 60 58
36 61 66
36 62 60
36 63 22
36 64 98
36 65 34
36 66 35
36 67 79
36 68 51
36 69 18
36 70 57
36 71 71
36 72 6
36 73 92
36 74 62
36 75 76
36 76 75
36 77 66
36 78 28
36 79 29
36 80 55
36 81 64
36 82 2
36 83 11
36 84 68
36 85 94
36 86 34
36 87 99
36 88 76
36 89 16
36 90 11
36 91 90
36 92 70
36 93 72
36 94 76
36 95 44
36 96 74
36 97 66
36 98 51
36 99 58
36 100 42
37 38 6
37 39 73
37 40 92
37 41 32
37 42 59
37 43 41
37 44 19
37 45 10
37 46 60
37 47 75
37 48 9
37 49 39
37 50 45
37 51 39
37 52 10
37 53 58
37 54 87
37 55 98
37 56 69
37 57 55
37 58 83
37 59 29
37 60 92
37 61 18
37 62 2
37 63 71
37 64 23
37 65 15
37 66 29
37 67 10
37 68 14
37 69 74
37 70 86
37 71 50
37 72 49
37 73 87
37 74 8
37 75 9
37 76 2
37 77 79
37 78 87
37 79 66
37 80 21
37 81 49
37 82 39
37 83 79
37 84 86
37 85 93
37 86 49
37 87 43
37 88 62
37 89 72
37 90 45
37 91 21
37 92 40
37 93 69
37 94 34
37 95 57
37 96 8
37 97 88
37 98 62
37 99 79
37 100 37
38 39 81
38 40 80
38 41 6
38 42 85
38 43 73
38 44 26
38 45 76
38 46 69
38 47 15
38 48 93
38 49 7
38 50 0
38 51 82
38 52 61
38 53 49
38 54 56
38 55 3
38 56 77
38 57 45
38 58 77
38 59 2
38 60 63
38 61 21
38 62 1
38 63 35
38 64 40
38 65 25
38 66 46
38 67 68
38 68 57
38 69 22
38 70 35
38 71 10
38 72 16
38 73 89
38 74 90
38 75 15
38 76 26
38 77 8
38 78 58
38 79 50
38 80 41
38 81 0
38 82 64
38 83 71
38 84 46
38 85 93
38 86 13
38 87 12
38 88 65
38 89 68
38 90 92
38 91 41
38 92 62
38 93 53
38 94 79
38 95 44
38 96 79
38 97 74
38 98 48
38 99 14
38 100 56
39 40 25
39 41 95
39 42 93
39 43 66
39 44 92
39 45 80
39 46 11
39 47 78
39 48 77
39 49 69
39 50 71
39 51 29
39 52 9
39 53 74
39 54 62
39 55 38
39 56 90
39 57 11
39 58 18
39 59 62
39 60 30
39 61 29
39 62 47
39 63 23
39 64 81
39 65 88
39 66 29
39 67 47
39 68 86
39 69 3
39 70 79
39 71 50
39 72 0
39 73 35
39 74 74
39 75 15
39 76 78
39 77 4
39 78 48
39 79 92
39 80 80
39 81 24
39 82 93
39 83 10
39 84 52
39 85 7
39 86 10
39 87 40
39 88 23
39 89 60
39 90 97
39 91 0
39 92 19
39 93 58
39 94 7
39 95 7
39 96 18
39 97 92
39 98 70
39 99 85
39 100 15
40 41 88
40 42 97
40 43 72
40 44 3
40 45 1
40 46 26
40 47 97
40 48 88
40 49 19
40 50 0
40 51 14
40 52 94
40 53 95
40 54 58
40 55 77
40 56 90
40 57 13
40 58 88
40 59 52
40 60 66
40 61 47
40 62 89
40 63 63
40 64 54
40 65 36
40 66 38
40 67 28
40 68 84
40 69 14
40 70 53
40 71 31
40 72 10
40 73 41
40 74 9
40 75 8
40 76 70
40 77 36
40 78 15
40 79 94
40 80 29
40 81 1
40 82 7
40 83 78
40 84 69
40 85 37
40 86 90
40 87 69
40 88 81
40 89 20
40 90 33
40 91 84
40 92 71
40 93 14
40 94 99
40 95 70
40 96 64
40 97 13
40 98 1
40 99 75
40 100 62
41 42 77
41 43 63
41 44 19
41 45 15
41 46 24
41 47 45
41 48 63
41 49 7
41 50 80
41 51 64
41 52 20
41 53 46
41 54 90
41 55 37
41 56 59
41 57 18
41 58 11
41 59 39
41 60 31
41 61 61
41 62 60
41 63 60
41 64 97
41 65 49
41 66 26
41 67 38
41 68 54
41 69 71
41 70 0
41 71 64
41 72 65
41 73 72
41 74 33
41 75 37
41 76 42
41 77 16
41 78 54
41 79 23
41 80 15
41 81 81
41 82 36
41 83 30
41 84 23
41 85 81
41 86 84
41 87 50
41 88 96
41 89 49
41 90 65
41 91 74
41 92 94
41 93 14
41 94 25
41 95 44
41 96 47
41 97 20
41 98 30
41 99 48
41 100 43
42 43 61
42 44 86
42 45 47
42 46 45
42 47 90
42 48 56
42 49 60
42 50 79
42 51 74
42 52 1
42 53 52
42 54 2
42 55 35
42 56 81
42 57 25
42 58 2
42 59 99
42 60 54
42 61 12
42 62 10
42 63 58
42 64 67
42 65 11
42 66 64
42 67 82
42 68 40
42 69 47
42 70 47
42 71 92
42 72 16
42 73 53
42 74 74
42 75 39
42 76 71
42 77 28
42 78 68
42 79 87
42 80 66
42 81 7
42 82 58
42 83 47
42 84 68
42 85 87
42 86 15
42 87 8
42 88 20
42 89 96
42 90 94
42 91 17
42 92 86
42 93 87
42 94 32
42 95 27
42 96 18
42 97 39
42 98 36
42 99 43
42 100 55
43 44 29
43 45 30
43 46 84
43 47 55
43 48 71
43 49 30
43 50 73
43 51 95
43 52 97
43 53 21
43 54 35
43 55 60
43 56 95
43 57 69
43 58 55
43 59 20
43 60 60
43 61 85
43 62 45
43 63 61
43 64 35
43 65 42
43 66 7
43 67 77
43 68 5
43 69 1
43 70 75
43 71 63
43 72 50
43 73 9
43 74 44
43 75 66
43 76 42
43 77 73
43 78 20
43 79 92
43 80 47
43 81 50
43 82 88
43 83 83
43 84 60
43 85 22
43 86 81
43 87 47
43 88 78
43 89 29
43 90 67
43 91 20
43 92 20
43 93 19
43 94 26
43 95 88
43 96 96
43 97 38
43 98 96
43 99 83
43 100 30
44 45 31
44 46 49
44 47 55
44 48 7
44 49 41
44 50 91
44 51 92
44 52 16
44 53 45
44 54 49
44 55 57
44 56 73
44 57 46
44 58 22
44 59 30
44 60 88
44 61 8
44 62 51
44 63 64
44 64 95
44 65 92
44 66 51
44 67 28
44 68 10
44 69 65
44 70 71
44 71 45
44 72 22
44 73 89
44 74 72
44 75 72
44 76 99
44 77 75
44 78 47
44 79 61
44 80 44
44 81 86
44 82 27
44 83 66
44 84 74
44 85 9
44 86 22
44 87 37
44 88 66
44 89 66
44 90 64
44 91 85
44 92 51
44 93 26
44 94 95
44 95 52
44 96 59
44 97 9
44 98 16
44 99 6
44 100 90
45 46 83
45 47 50
45 48 72
45 49 95
45 50 28
45 51 47
45 52 62
45 53 43
45 54 69
45 55 4
45 56 80
45 57 80
45 58 76
45 59 5
45 60 74
45 61 4
45 62 94
45 63 75
45 64 37
45 65 39
45 66 48
45 67 3
45 68 1
45 69 97
45 70 98
45 71 51
45 72 42
45 73 33
45 74 73
45 75 19
45 76 56
45 77 63
45 78 72
45 79 27
45 80 53
45 81 51
45 82 94
45 83 91
45 84 7
45 85 54
45 86 52
45 87 95
45 88 96
45 89 51
45 90 97
45 91 76
45 92 21
45 93 43
45 94 68
45 95 72
45 96 40
45 97 74
45 98 38
45 99 49
45 100 52
46 47 64
46 48 82
46 49 20
46 50 10
46 51 25
46 52 37
46 53 60
46 54 19
46 55 89
46 56 44
46 57 65
46 58 67
46 59 53
46 60 97
46 61 98
46 62 41
46 63 12
46 64 61
46 65 63
46 66 20
46 67 38
46 68 74
46 69 32
46 70 18
46 71 98
46 72 80
46 73 21
46 74 64
46 75 55
46 76 18
46 77 77
46 78 50
46 79 42
46 80 2
46 81 38
46 82 62
46 83 31
46 84 91
46 85 46
46 86 36
46 87 33
46 88 94
46 89 5
46 90 33
46 91 30
46 92 29
46 93 56
46 94 64
46 95 34
46 96 63
46 97 3
46 98 58
46 99 29
46 100 89
47 48 73
47 49 15
47 50 76
47 51 31
47 52 37
47 53 26
47 54 63
47 55 89
47 56 80
47 57 69
47 58 16
47 59 80
47 60 58
47 61 44
47 62 4
47 63 66
47 64 16
47 65 13
47 66 6
47 67 36
47 68 64
47 69 49
47 70 90
47 71 0
47 72 15
47 73 4
47 74 27
47 75 81
47 76 94
47 77 88
47 78 84
47 79 81
47 80 76
47 81 5
47 82 43
47 83 28
47 84 14
47 85 70
47 86 80
47 87 42
47 88 17
47 89 98
47 90 97
47 91 25
47 92 47
47 93 22
47 94 27
47 95 50
47 96 30
47 97 50
47 98 11
47 99 48
47 100 55
48 49 82
48 50 65
48 51 87
48 52 37
48 53 68
48 54 24
48 55 4
48 56 9
48 57 64
48 58 60
48 59 54
48 60 1
48 61 98
48 62 75
48 63 49
48 64 15
48 65 48
48 66 41
48 67 6
48 68 63
48 69 67
48 70 42
48 71 43
48 72 16
48 73 27
48 74 14
48 75 37
48 76 7
48 77 13
48 78 74
48 79 60
48 80 92
48 81 42
48 82 4
48 83 27
48 84 73
48 85 80
48 86 16
48 87 3
48 88 55
48 89 44
48 90 67
48 91 89
48 92 80
48 93 71
48 94 78
48 95 4
48 96 51
48 97 87
48 98 12
48 99 36
48 100 60
49 50 94
49 51 24
49 52 46
49 53 64
49 54 39
49 55 71
49 56 11
49 57 45
49 58 78
49 59 23
49 60 19
49 61 42
49 62 22
49 63 98
49 64 85
49 65 75
49 66 25
49 67 19
49 68 36
49 69 64
49 70 65
49 71 26
49 72 99
49 73 27
49 74 39
49 75 27
49 76 99
49 77 24
49 78 82
49 79 37
49 80 1
49 81 55
49 82 83
49 83 61
49 84 53
49 85 3
49 86 73
49 87 11
49 88 46
49 89 80
49 90 49
49 91 53
49 92 85
49 93 70
49 94 93
49 95 73
49 96 11
49 97 76
49 98 76
49 99 97
49 100 14
50 51 25
50 52 29
50 53 16
50 54 76
50 55 5
50 56 53
50 57 94
50 58 20
50 59 51
50 60 38
50 61 50
50 62 17
50 63 53
50 64 55
50 65 67
50 66 96
50 67 17
50 68 86
50 69 96
50 70 89
50 71 6
50 72 60
50 73 12
50 74 74
50 75 45
50 76 39
50 77 24
50 78 49
50 79 24
50 80 57
50 81 11
50 82 16
50 83 22
50 84 68
50 85 36
50 86 46
50 87 23
50 88 11
50 89 48
50 90 51
50 91 32
50 92 36
50 93 98
50 94 44
50 95 92
50 96 25
50 97 83
50 98 77
50 99 86
50 100 72
51 52 29
51 53 75
51 54 91
51 55 80
51 56 45
51 57 89
51 58 22
51 59 50
51 60 23
51 61 90
51 62 37
51 63 58
51 64 84
51 65 51
51 66 75
51 67 93
51 68 69
51 69 63
51 70 52
51 71 64
51 72 45
51 73 62
51 74 16
51 75 4
51 76 9
51 77 97
51 78 71
51 79 7
51 80 65
51 81 22
51 82 80
51 83 6
51 84 16
51 85 0
51 86 60
51 87 2
51 88 4
51 89 83
51 90 17
51 91 84
51 92 43
51 93 86
51 94 17
51 95 16
51 96 17
51 97 98
51 98 64
51 99 79
51 100 9
52 53 74
52 54 23
52 55 65
52 56 95
52 57 43
52 58 92
52 59 11
52 60 64
52 61 66
52 62 32
52 63 79
52 64 82
52 65 9
52 66 19
52 67 27
52 68 67
52 69 98
52 70 65
52 71 37
52 72 56
52 73 81
52 74 45
52 75 40
52 76 21
52 77 22
52 78 0
52 79 52
52 80 59
52 81 96
52 82 13
52 83 74
52 84 20
52 85 83
52 86 87
52 87 80
52 88 12
52 89 87
52 90 62
52 91 22
52 92 12
52 93 90
52 94 3
52 95 42
52 96 32
52 97 47
52 98 71
52 99 87
52 100 89
53 54 42
53 55 4
53 56 55
53 57 45
53 58 0
53 59 23
53 60 50
53 61 63
53 62 61
53 63 32
53 64 93
53 65 62
53 66 9
53 67 83
53 68 33
53 69 53
53 70 45
53 71 79
53 72 98
53 73 78
53 74 83
53 75 3
53 76 16
53 77 31
53 78 94
53 79 97
53 80 3
53 81 18
53 82 79
53 83 91
53 84 55
53 85 87
53 86 84
53 87 58
53 88 20
53 89 52
53 90 72
53 91 62
53 92 11
53 93 36
53 94 86
53 95 32
53 96 43
53 97 56
53 98 6
53 99 51
53 100 47
54 55 83
54 56 57
54 57 18
54 58 76
54 59 97
54 60 59
54 61 62
54 62 16
54 63 91
54 64 46
54 65 22
54 66 94
54 67 28
54 68 21
54 69 33
54 70 95
54 71 24
54 72 91
54 73 20
54 74 17
54 75 16
54 76 33
54 77 13
54 78 69
54 79 50
54 80 2
54 81 90
54 82 62
54 83 32
54 84 94
54 85 23
54 86 7
54 87 77
54 88 13
54 89 60
54 90 50
54 91 61
54 92 89
54 93 59
54 94 62
54 95 14
54 96 8
54 97 9
54 98 57
54 99 35
54 100 93
55 56 39
55 57 62
55 58 38
55 59 18
55 60 62
55 61 90
55 62 74
55 63 11
55 64 7
55 65 61
55 66 76
55 67 26
55 68 29
55 69 80
55 70 48
55 71 50
55 72 52
55 73 9
55 74 60
55 75 48
55 76 43
55 77 41
55 78 62
55 79 23
55 80 46
55 81 27
55 82 32
55 83 16
55 84 90
55 85 90
55 86 84
55 87 47
55 88 66
55 89 58
55 90 78
55 91 73
55 92 17
55 93 5
55 94 64
55 95 89
55 96 10
55 97 70
55 98 84
55 99 74
55 100 56
56 57 4
56 58 78
56 59 94
56 60 58
56 61 49
56 62 73
56 63 87
56 64 18
56 65 66
56 66 82
56 67 43
56 68 48
56 69 33
56 70 76
56 71 61
56 72 70
56 73 57
56 74 36
56 75 73
56 76 96
56 77 22
56 78 78
56 79 55
56 80 76
56 81 25
56 82 78
56 83 60
56 84 95
56 85 4
56 86 48
56 87 20
56 88 58
56 89 25
56 90 14
56 91 78
56 92 95
56 93 94
56 94 16
56 95 35
56 96 76
56 97 19
56 98 28
56 99 7
56 100 50
57 58 3
57 59 91
57 60 34
57 61 35
57 62 8
57 63 81
57 64 58
57 65 94
57 66 31
57 67 57
57 68 91
57 69 40
57 70 44
57 71 6
57 72 45
57 73 43
57 74 3
57 75 45
57 76 47
57 77 11
57 78 7
57 79 43
57 80 84
57 81 65
57 82 82
57 83 52
57 84 23
57 85 38
57 86 61
57 87 13
57 88 70
57 89 43
57 90 38
57 91 81
57 92 32
57 93 54
57 94 72
57 95 19
57 96 96
57 97 85
57 98 87
57 99 79
57 100 89
58 59 76
58 60 55
58 61 79
58 62 31
58 63 68
58 64 59
58 65 82
58 66 11
58 67 68
58 68 43
58 69 82
58 70 19
58 71 6
58 72 43
58 73 19
58 74 60
58 75 80
58 76 52
58 77 13
58 78 48
58 79 39
58 80 45
58 81 45
58 82 52
58 83 97
58 84 36
58 85 16
58 86 80
58 87 70
58 88 10
58 89 30
58 90 22
58 91 91
58 92 97
58 93 84
58 94 56
58 95 43
58 96 83
58 97 50
58 98 28
58 99 34
58 100 28
59 60 6
59 61 2
59 62 52
59 63 7
59 64 33
59 65 7
59 66 64
59 67 46
59 68 18
59 69 2
59 70 98
59 71 7
59 72 75
59 73 19
59 74 97
59 75 95
59 76 93
59 77 46
59 78 2
59 79 26
59 80 31
59 81 22
59 82 72
59 83 44
59 84 75
59 85 41
59 86 53
59 87 39
59 88 48
59 89 68
59 90 74
59 91 87
59 92 41
59 93 13
59 94 69
59 95 18
59 96 36
59 97 76
59 98 34
59 99 10
59 100 53
60 61 21
60 62 16
60 63 81
60 64 97
60 65 37
60 66 37
60 67 62
60 68 61
60 69 90
60 70 57
60 71 47
60 72 52
60 73 45
60 74 81
60 75 65
60 76 29
60 77 55
60 78 24
60 79 32
60 80 44
60 81 21
60 82 70
60 83 11
60 84 46
60 85 96
60 86 44
60 87 69
60 88 96
60 89 69
60 90 34
60 91 6
60 92 74
60 93 85
60 94 36
60 95 99
60 96 2
60 97 10
60 98 21
60 99 66
60 100 37
61 62 23
61 63 94
61 64 43
61 65 11
61 66 46
61 67 73
61 68 13
61 69 69
61 70 68
61 71 81
61 72 0
61 73 31
61 74 79
61 75 11
61 76 54
61 77 75
61 78 94
61 79 47
61 80 10
61 81 91
61 82 29
61 83 73
61 84 9
61 85 53
61 86 44
61 87 65
61 88 42
61 89 96
61 90 59
61 91 23
61 92 14
61 93 77
61 94 32
61 95 23
61 96 98
61 97 38
61 98 87
61 99 54
61 100 41
62 63 71
62 64 82
62 65 62
62 66 5
62 67 91
62 68 79
62 69 52
62 70 5
62 71 17
62 72 48
62 73 7
62 74 42
62 75 47
62 76 1
62 77 94
62 78 18
62 79 70
62 80 57
62 81 89
62 82 15
62 83 80
62 84 1
62 85 48
62 86 59
62 87 54
62 88 67
62 89 6
62 90 39
62 91 69
62 92 81
62 93 60
62 94 53
62 95 20
62 96 83
62 97 14
62 98 99
62 99 26
62 100 10
63 64 79
63 65 13
63 66 22
63 67 77
63 68 24
63 69 23
63 70 32
63 71 40
63 72 8
63 73 20
63 74 84
63 75 83
63 76 99
63 77 96
63 78 15
63 79 93
63 80 27
63 81 77
63 82 16
63 83 94
63 84 33
63 85 4
63 86 81
63 87 0
63 88 8
63 89 49
63 90 47
63 91 44
63 92 98
63 93 30
63 94 11
63 95 75
63 96 56
63 97 6
63 98 59
63 99 59
63 100 6
64 65 48
64 66 15
64 67 37
64 68 15
64 69 29
64 70 72
64 71 9
64 72 82
64 73 92
64 74 25
64 75 11
64 76 68
64 77 84
64 78 14
64 79 98
64 80 63
64 81 70
64 82 33
64 83 30
64 84 39
64 85 34
64 86 49
64 87 78
64 88 23
64 89 69
64 90 15
64 91 99
64 92 33
64 93 61
64 94 38
64 95 11
64 96 64
64 97 84
64 98 86
64 99 57
64 100 50
65 66 87
65 67 24
65 68 0
65 69 52
65 70 0
65 71 37
65 72 12
65 73 50
65 74 33
65 75 34
65 76 24
65 77 91
65 78 48
65 79 12
65 80 91
65 81 19
65 82 85
65 83 27
65 84 55
65 85 59
65 86 64
65 87 36
65 88 29
65 89 53
65 90 8
65 91 2
65 92 82
65 93 88
65 94 44
65 95 60
65 96 88
65 97 13
65 98 77
65 99 66
65 100 26
66 67 72
66 68 14
66 69 82
66 70 79
66 71 92
66 72 30
66 73 40
66 74 30
66 75 56
66 76 93
66 77 41
66 78 83
66 79 70
66 80 97
66 81 42
66 82 18
66 83 30
66 84 23
66 85 71
66 86 74
66 87 81
66 88 13
66 89 9
66 90 6
66 91 50
66 92 73
66 93 50
66 94 63
66 95 44
66 96 5
66 97 42
66 98 26
66 99 89
66 100 33
67 68 13
67 69 23
67 70 25
67 71 48
67 72 88
67 73 15
67 74 66
67 75 96
67 76 98
67 77 88
67 78 21
67 79 65
67 80 20
67 81 26
67 82 1
67 83 55
67 84 57
67 85 19
67 86 71
67 87 86
67 88 86
67 89 7
67 90 67
67 91 37
67 92 84
67 93 90
67 94 55
67 95 1
67 96 35
67 97 83
67 98 27
67 99 36
67 100 41
68 69 0
68 70 31
68 71 99
68 72 68
68 73 34
68 74 80
68 75 59
68 76 80
68 77 74
68 78 78
68 79 93
68 80 78
68 81 63
68 82 68
68 83 9
68 84 94
68 85 26
68 86 2
68 87 80
68 88 22
68 89 68
68 90 25
68 91 79
68 92 55
68 93 30
68 94 73
68 95 95
68 96 12
68 97 23
68 98 78
68 99 66
68 100 78
69 70 11
69 71 5
69 72 87
69 73 75
69 74 66
69 75 48
69 76 75
69 77 68
69 78 56
69 79 39
69 80 1
69 81 9
69 82 84
69 83 1
69 84 98
69 85 70
69 86 88
69 87 33
69 88 58
69 89 4
69 90 38
69 91 51
69 92 47
69 93 77
69 94 6
69 95 28
69 96 58
69 97 43
69 98 24
69 99 18
69 100 82
70 71 4
70 72 24
70 73 26
70 74 67
70 75 42
70 76 21
70 77 88
70 78 76
70 79 8
70 80 0
70 81 9
70 82 63
70 83 71
70 84 48
70 85 51
70 86 23
70 87 46
70 88 31
70 89 79
70 90 76
70 91 16
70 92 76
70 93 57
70 94 33
70 95 46
70 96 26
70 97 96
70 98 77
70 99 35
70 100 8
71 72 54
71 73 26
71 74 52
71 75 69
71 76 94
71 77 22
71 78 55
71 79 44
71 80 14
71 81 3
71 82 15
71 83 95
71 84 85
71 85 19
71 86 56
71 87 85
71 88 2
71 89 5
71 90 80
71 91 53
71 92 87
71 93 42
71 94 25
71 95 80
71 96 77
71 97 74
71 98 54
71 99 35
71 100 74
72 73 82
72 74 45
72 75 73
72 76 19
72 77 20
72 78 32
72 79 14
72 80 91
72 81 69
72 82 99
72 83 13
72 84 99
72 85 45
72 86 52
72 87 38
72 88 95
72 89 58
72 90 44
72 91 10
72 92 28
72 93 80
72 94 98
72 95 40
72 96 71
72 97 39
72 98 96
72 99 17
72 100 80
73 74 24
73 75 16
73 76 14
73 77 23
73 78 26
73 79 40
73 80 70
73 81 81
73 82 9
73 83 67
73 84 90
73 85 7
73 86 74
73 87 67
73 88 15
73 89 3
73 90 85
73 91 66
73 92 21
73 93 67
73 94 50
73 95 41
73 96 79
73 97 28
73 98 82
73 99 96
73 100 4
74 75 45
74 76 17
74 77 93
74 78 60
74 79 58
74 80 31
74 81 16
74 82 73
74 83 49
74 84 39
74 85 78
74 86 32
74 87 79
74 88 67
74 89 90
74 90 37
74 91 68
74 92 34
74 93 21
74 94 65
74 95 35
74 96 86
74 97 24
74 98 82
74 99 60
74 100 93
75 76 80
75 77 65
75 78 63
75 79 21
75 80 50
75 81 6
75 82 63
75 83 96
75 84 89
75 85 8
75 86 33
75 87 73
75 88 18
75 89 70
75 90 34
75 91 92
75 92 19
75 93 54
75 94 88
75 95 35
75 96 91
75 97 48
75 98 30
75 99 19
75 100 88
76 77 22
76 78 9
76 79 18
76 80 26
76 81 93
76 82 39
76 83 95
76 84 41
76 85 33
76 86 78
76 87 75
76 88 1
76 89 33
76 90 32
76 91 41
76 92 4
76 93 56
76 94 48
76 95 1
76 96 17
76 97 35
76 98 60
76 99 66
76 100 34
77 78 21
77 79 78
77 80 36
77 81 36
77 82 8
77 83 30
77 84 84
77 85 91
77 86 56
77 87 1
77 88 2
77 89 25
77 90 9
77 91 17
77 92 80
77 93 55
77 94 83
77 95 14
77 96 20
77 97 6
77 98 10
77 99 95
77 100 34
78 79 93
78 80 95
78 81 51
78 82 56
78 83 64
78 84 83
78 85 33
78 86 23
78 87 47
78 88 90
78 89 30
78 90 67
78 91 84
78 92 99
78 93 70
78 94 10
78 95 23
78 96 73
78 97 55
78 98 12
78 99 90
78 100 2
79 80 79
79 81 53
79 82 58
79 83 12
79 84 9
79 85 52
79 86 12
79 87 37
79 88 59
79 89 76
79 90 10
79 91 26
79 92 32
79 93 92
79 94 34
79 95 92
79 96 15
79 97 23
79 98 60
79 99 22
79 100 53
80 81 58
80 82 99
80 83 37
80 84 65
80 85 94
80 86 70
80 87 2
80 88 65
80 89 93
80 90 25
80 91 68
80 92 45
80 93 71
80 94 58
80 95 42
80 96 91
80 97 26
80 98 45
80 99 53
80 100 28
81 82 32
81 83 70
81 84 15
81 85 56
81 86 74
81 87 59
81 88 21
81 89 25
81 90 71
81 91 54
81 92 54
81 93 74
81 94 55
81 95 92
81 96 30
81 97 25
81 98 36
81 99 12
81 100 46
82 83 58
82 84 12
82 85 11
82 86 85
82 87 8
82 88 60
82 89 96
82 90 86
82 91 23
82 92 31
82 93 37
82 94 72
82 95 58
82 96 56
82 97 22
82 98 12
82 99 41
82 100 10
83 84 66
83 85 62
83 86 35
83 87 58
83 88 72
83 89 86
83 90 56
83 91 21
83 92 60
83 93 8
83 94 84
83 95 10
83 96 97
83 97 84
83 98 79
83 99 72
83 100 33
84 85 73
84 86 54
84 87 38
84 88 28
84 89 40
84 90 8
84 91 59
84 92 58
84 93 77
84 94 2
84 95 61
84 96 25
84 97 86
84 98 35
84 99 84
84 100 52
85 86 21
85 87 98
85 88 59
85 89 23
85 90 90
85 91 60
85 92 35
85 93 10
85 94 35
85 95 94
85 96 76
85 97 84
85 98 48
85 99 82
85 100 24
86 87 84
86 88 88
86 89 69
86 90 93
86 91 80
86 92 28
86 93 77
86 94 17
86 95 82
86 96 43
86 97 23
86 98 63
86 99 90
86 100 31
87 88 32
87 89 72
87 90 47
87 91 81
87 92 65
87 93 68
87 94 99
87 95 28
87 96 87
87 97 60
87 98 27
87 99 48
87 100 81
88 89 67
88 90 82
88 91 28
88 92 71
88 93 65
88 94 40
88 95 99
88 96 88
88 97 87
88 98 43
88 99 80
88 100 75
89 90 25
89 91 32
89 92 51
89 93 4
89 94 9
89 95 98
89 96 14
89 97 45
89 98 38
89 99 36
89 100 77
90 91 15
90 92 98
90 93 90
90 94 72
90 95 0
90 96 8
90 97 30
90 98 19
90 99 30
90 100 11
91 92 8
91 93 56
91 94 80
91 95 94
91 96 45
91 97 59
91 98 8
91 99 93
91 100 79
92 93 12
92 94 78
92 95 62
92 96 4
92 97 49
92 98 93
92 99 68
92 100 6
93 94 8
93 95 98
93 96 61
93 97 91
93 98 7
93 99 22
93 100 79
94 95 8
94 96 49
94 97 42
94 98 93
94 99 44
94 100 54
95 96 84
95 97 26
95 98 48
95 99 20
95 100 35
96 97 6
96 98 53
96 99 27
96 100 73
97 98 59
97 99 10
97 100 0
98 99 57
98 100 96
99 100 8
