90 4005
1 2 87
1 3 26
1 4 8
1 5 30
1 6 47
1 7 59
1 8 8
1 9 64
1 10 71
1 11 25
1 12 1
1 13 44
1 14 61
1 15 77
1 16 34
1 17 6
1 18 29
1 19 23
1 20 55
1 21 73
1 22 45
1 23 65
1 24 19
1 25 79
1 26 8
1 27 3
1 28 30
1 29 57
1 30 89
1 31 21
1 32 69
1 33 69
1 34 38
1 35 84
1 36 43
1 37 30
1 38 46
1 39 29
1 40 68
1 41 61
1 42 22
1 43 10
1 44 77
1 45 5
1 46 55
1 47 79
1 48 15
1 49 1
1 50 47
1 51 82
1 52 18
1 53 69
1 54 11
1 55 76
1 56 40
1 57 36
1 58 9
1 59 41
1 60 63
1 61 59
1 62 46
1 63 71
1 64 16
1 65 27
1 66 83
1 67 87
1 68 76
1 69 79
1 70 31
1 71 10
1 72 43
1 73 29
1 74 27
1 75 63
1 76 61
1 77 44
1 78 34
1 79 74
1 80 85
1 81 5
1 82 39
1 83 87
1 84 75
1 85 38
1 86 66
1 87 31
1 88 5
1 89 21
1 90 60
2 3 49
2 4 35
2 5 87
2 6 1
2 7 85
2 8 39
2 9 2
2 10 44
2 11 30
2 12 21
2 13 3
2 14 52
2 15 89
2 16 16
2 17 84
2 18 27
2 19 79
2 20 74
2 21 20
2 22 84
2 23 26
2 24 77
2 25 27
2 26 14
2 27 88
2 28 40
2 29 62
2 30 60
2 31 13
2 32 54
2 33 41
2 34 60
2 35 38
2 36 81
2 37 11
2 38 23
2 39 47
2 40 5
2 41 68
2 42 74
2 43 34
2 44 70
2 45 57
2 46 76
2 47 21
2 48 75
2 49 28
2 50 32
2 51 49
2 52 87
2 53 81
2 54 24
2 55 72
2 56 1
2 57 29
2 58 45
2 59 47
2 60 41
2 61 18
2 62 34
2 63 85
2 64 22
2 65 88
2 66 67
2 67 20
2 68 85
2 69 17
2 70 53
2 71 32
2 72 49
2 73 55
2 74 36
2 75 78
2 76 8
2 77 52
2 78 83
2 79 1
2 80 51
2 81 47
2 82 77
2 83 51
2 84 16
2 85 71
2 86 37
2 87 81
2 88 19
2 89 50
2 90 20
3 4 73
3 5 89
3 6 63
3 7 76
3 8 27
3 9 63
3 10 1
3 11 16
3 12 78
3 13 80
3 14 32
3 15 67
3 16 87
3 17 16
3 18 7
3 19 75
3 20 21
3 21 1
3 22 61
3 23 80
3 24 10
3 25 62
3 26 12
3 27 62
3 28 24
3 29 8
3 30 55
3 31 58
3 32 6
3 33 73
3 34 84
3 35 69
3 36 21
3 37 35
3 38 14
3 39 6
3 40 4
3 41 6
3 42 48
3 43 4
3 44 69
3 45 7
3 46 7
3 47 8
3 48 84
3 49 17
3 50 50
3 51 38
3 52 60
3 53 8
3 54 70
3 55 55
3 56 35
3 57 63
3 58 64
3 59 33
3 60 63
3 61 79
3 62 71
3 63 27
3 64 13
3 65 44
3 66 73
3 67 42
3 68 23
3 69 15
3 70 60
3 71 68
3 72 42
3 73 27
3 74 74
3 75 42
3 76 31
3 77 45
3 78 72
3 79 35
3 80 6
3 81 54
3 82 89
3 83 14
3 84 49
3 85 59
3 86 10
3 87 83
3 88 89
3 89 43
3 90 84
4 5 54
4 6 69
4 7 1
4 8 42
4 9 82
4 10 75
4 11 37
4 12 4
4 13 19
4 14 41
4 15 84
4 16 45
4 17 40
4 18 20
4 19 70
4 20 22
4 21 2
4 22 32
4 23 30
4 24 61
4 25 18
4 26 36
4 27 84
4 28 45
4 29 50
4 30 55
4 31 59
4 32 56
4 33 42
4 34 65
4 35 23
4 36 19
4 37 47
4 38 29
4 39 51
4 40 77
4 41 60
4 42 10
4 43 68
4 44 22
4 45 86
4 46 68
4 47 17
4 48 86
4 49 12
4 50 32
4 51 18
4 52 22
4 53 1
4 54 36
4 55 71
4 56 21
4 57 8
4 58 20
4 59 22
4 60 23
4 61 26
4 62 0
4 63 60
4 64 61
4 65 24
4 66 6
4 67 57
4 68 56
4 69 89
4 70 24
4 71 59
4 72 76
4 73 6
4 74 60
4 75 80
4 76 61
4 77 0
4 78 51
4 79 30
4 80 49
4 81 23
4 82 35
4 83 77
4 84 63
4 85 4
4 86 41
4 87 34
4 88 75
4 89 49
4 90 6
5 6 34
5 7 29
5 8 52
5 9 16
5 10 34
5 11 58
5 12 75
5 13 12
5 14 60
5 15 46
5 16 32
5 17 73
5 18 65
5 19 80
5 20 78
5 21 66
5 22 28
5 23 35
5 24 15
5 25 14
5 26 2
5 27 77
5 28 13
5 29 17
5 30 57
5 31 58
5 32 82
5 33 79
5 34 23
5 35 81
5 36 63
5 37 11
5 38 85
5 39 80
5 40 45
5 41 16
5 42 33
5 43 31
5 44 52
5 45 13
5 46 42
5 47 56
5 48 74
5 49 61
5 50 89
5 51 0
5 52 18
5 53 62
5 54 21
5 55 11
5 56 29
5 57 20
5 58 63
5 59 60
5 60 52
5 61 55
5 62 39
5 63 82
5 64 49
5 65 51
5 66 74
5 67 57
5 68 52
5 69 7
5 70 79
5 71 49
5 72 56
5 73 8
5 74 41
5 75 70
5 76 20
5 77 17
5 78 34
5 79 33
5 80 50
5 81 51
5 82 45
5 83 84
5 84 64
5 85 18
5 86 23
5 87 11
5 88 52
5 89 17
5 90 32
6 7 3
6 8 49
6 9 62
6 10 11
6 11 23
6 12 78
6 13 31
6 14 75
6 15 61
6 16 29
6 17 55
6 18 58
6 19 48
6 20 71
6 21 4
6 22 71
6 23 36
6 24 79
6 25 86
6 26 23
6 27 34
6 28 52
6 29 73
6 30 12
6 31 31
6 32 14
6 33 86
6 34 66
6 35 19
6 36 41
6 37 64
6 38 2
6 39 61
6 40 67
6 41 71
6 42 4
6 43 9
6 44 63
6 45 63
6 46 80
6 47 46
6 48 43
6 49 47
6 50 66
6 51 4
6 52 27
6 53 6
6 54 21
6 55 26
6 56 10
6 57 28
6 58 30
6 59 81
6 60 68
6 61 58
6 62 37
6 63 28
6 64 75
6 65 35
6 66 40
6 67 11
6 68 58
6 69 58
6 70 44
6 71 58
6 72 61
6 73 36
6 74 26
6 75 55
6 76 88
6 77 17
6 78 17
6 79 60
6 80 39
6 81 6
6 82 47
6 83 79
6 84 49
6 85 37
6 86 73
6 87 17
6 88 5
6 89 83
6 90 3
7 8 60
7 9 76
7 10 25
7 11 4
7 12 36
7 13 4
7 14 83
7 15 57
7 16 28
7 17 34
7 18 45
7 19 47
7 20 21
7 21 87
7 22 55
7 23 5
7 24 86
7 25 60
7 26 7
7 27 77
7 28 87
7 29 26
7 30 76
7 31 59
7 32 39
7 33 89
7 34 5
7 35 29
7 36 75
7 37 63
7 38 55
7 39 64
7 40 10
7 41 27
7 42 74
7 43 52
7 44 15
7 45 55
7 46 41
7 47 68
7 48 51
7 49 33
7 50 67
7 51 13
7 52 5
7 53 40
7 54 54
7 55 63
7 56 66
7 57 33
7 58 76
7 59 15
7 60 51
7 61 12
7 62 1
7 63 14
7 64 82
7 65 50
7 66 28
7 67 77
7 68 70
7 69 29
7 70 59
7 71 61
7 72 49
7 73 80
7 74 33
7 75 69
7 76 37
7 77 56
7 78 19
7 79 56
7 80 71
7 81 88
7 82 39
7 83 17
7 84 78
7 85 74
7 86 76
7 87 84
7 88 88
7 89 29
7 90 73
8 9 32
8 10 6
8 11 31
8 12 38
8 13 89
8 14 68
8 15 31
8 16 13
8 17 66
8 18 83
8 19 10
8 20 35
8 21 75
8 22 3
8 23 2
8 24 66
8 25 44
8 26 1
8 27 76
8 28 32
8 29 2
8 30 50
8 31 39
8 32 35
8 33 67
8 34 19
8 35 70
8 36 43
8 37 83
8 38 63
8 39 31
8 40 55
8 41 10
8 42 68
8 43 69
8 44 82
8 45 15
8 46 78
8 47 32
8 48 42
8 49 59
8 50 47
8 51 39
8 52 42
8 53 21
8 54 38
8 55 10
8 56 63
8 57 2
8 58 9
8 59 13
8 60 35
8 61 39
8 62 59
8 63 20
8 64 32
8 65 39
8 66 44
8 67 51
8 68 20
8 69 2
8 70 25
8 71 2
8 72 4
8 73 52
8 74 53
8 75 52
8 76 3
8 77 68
8 78 47
8 79 10
8 80 80
8 81 67
8 82 72
8 83 59
8 84 13
8 85 80
8 86 82
8 87 29
8 88 25
8 89 13
8 90 49
9 10 17
9 11 52
9 12 58
9 13 26
9 14 59
9 15 72
9 16 2
9 17 11
9 18 10
9 19 40
9 20 31
9 21 74
9 22 81
9 23 86
9 24 31
9 25 18
9 26 3
9 27 32
9 28 46
9 29 36
9 30 50
9 31 80
9 32 81
9 33 75
9 34 79
9 35 10
9 36 26
9 37 86
9 38 30
9 39 39
9 40 44
9 41 68
9 42 68
9 43 50
9 44 39
9 45 51
9 46 56
9 47 15
9 48 67
9 49 18
9 50 9
9 51 52
9 52 63
9 53 81
9 54 75
9 55 25
9 56 35
9 57 8
9 58 75
9 59 36
9 60 61
9 61 9
9 62 27
9 63 13
9 64 75
9 65 25
9 66 12
9 67 34
9 68 84
9 69 58
9 70 32
9 71 85
9 72 52
9 73 77
9 74 35
9 75 75
9 76 43
9 77 49
9 78 32
9 79 46
9 80 52
9 81 35
9 82 70
9 83 67
9 84 23
9 85 85
9 86 1
9 87 14
9 88 75
9 89 40
9 90 11
10 11 77
10 12 76
10 13 55
10 14 16
10 15 28
10 16 67
10 17 48
10 18 2
10 19 59
10 20 30
10 21 30
10 22 25
10 23 36
10 24 46
10 25 62
10 26 81
10 27 70
10 28 70
10 29 13
10 30 29
10 31 14
10 32 47
10 33 7
10 34 1
10 35 3
10 36 66
10 37 6
10 38 13
10 39 45
10 40 68
10 41 67
10 42 3
10 43 73
10 44 43
10 45 13
10 46 37
10 47 45
10 48 13
10 49 13
10 50 81
10 51 14
10 52 80
10 53 15
10 54 26
10 55 36
10 56 22
10 57 47
10 58 82
10 59 22
10 60 13
10 61 6
10 62 85
10 63 31
10 64 44
10 65 50
10 66 43
10 67 68
10 68 71
10 69 26
10 70 87
10 71 83
10 72 13
10 73 51
10 74 15
10 75 51
10 76 50
10 77 19
10 78 30
10 79 0
10 80 8
10 81 87
10 82 86
10 83 31
10 84 88
10 85 67
10 86 18
10 87 77
10 88 59
10 89 25
10 90 87
11 12 31
11 13 51
11 14 51
11 15 6
11 16 39
11 17 25
11 18 0
11 19 5
11 20 35
11 21 24
11 22 55
11 23 50
11 24 86
11 25 33
11 26 36
11 27 73
11 28 30
11 29 21
11 30 84
11 31 85
11 32 54
11 33 39
11 34 54
11 35 59
11 36 41
11 37 64
11 38 52
11 39 10
11 40 60
11 41 76
11 42 28
11 43 72
11 44 7
11 45 64
11 46 46
11 47 56
11 48 47
11 49 70
11 50 74
11 51 54
11 52 44
11 53 67
11 54 16
11 55 53
11 56 73
11 57 33
11 58 45
11 59 62
11 60 45
11 61 31
11 62 60
11 63 36
11 64 49
11 65 49
11 66 2
11 67 88
11 68 30
11 69 51
11 70 1
11 71 14
11 72 53
11 73 16
11 74 23
11 75 69
11 76 33
11 77 22
11 78 76
11 79 89
11 80 88
11 81 82
11 82 82
11 83 27
11 84 17
11 85 55
11 86 87
11 87 88
11 88 38
11 89 24
11 90 18
12 13 54
12 14 87
12 15 3
12 16 69
12 17 16
12 18 19
12 19 68
12 20 76
12 21 64
12 22 34
12 23 60
12 24 11
12 25 63
12 26 13
12 27 23
12 28 13
12 29 26
12 30 10
12 31 82
12 32 69
12 33 80
12 34 53
12 35 20
12 36 9
12 37 27
12 38 46
12 39 73
12 40 13
12 41 53
12 42 29
12 43 28
12 44 82
12 45 32
12 46 36
12 47 51
12 48 27
12 49 68
12 50 60
12 51 0
12 52 84
12 53 67
12 54 83
12 55 30
12 56 18
12 57 17
12 58 31
12 59 63
12 60 80
12 61 72
12 62 15
12 63 54
12 64 18
12 65 31
12 66 68
12 67 53
12 68 45
12 69 44
12 70 82
12 71 26
12 72 6
12 73 59
12 74 3
12 75 61
12 76 62
12 77 45
12 78 68
12 79 44
12 80 21
12 81 84
12 82 14
12 83 7
12 84 19
12 85 2
12 86 30
12 87 74
12 88 86
12 89 31
12 90 63
13 14 18
13 15 57
13 16 56
13 17 84
13 18 43
13 19 22
13 20 31
13 21 80
13 22 45
13 23 62
13 24 79
13 25 20
13 26 17
13 27 21
13 28 49
13 29 68
13 30 14
13 31 56
13 32 67
13 33 38
13 34 80
13 35 13
13 36 83
13 37 7
13 38 17
13 39 77
13 40 30
13 41 45
13 42 6
13 43 77
13 44 88
13 45 34
13 46 68
13 47 16
13 48 27
13 49 87
13 50 15
13 51 27
13 52 43
13 53 67
13 54 82
13 55 74
13 56 71
13 57 41
13 58 33
13 59 76
13 60 36
13 61 49
13 62 55
13 63 75
13 64 39
13 65 41
13 66 75
13 67 20
13 68 49
13 69 25
13 70 26
13 71 58
13 72 89
13 73 45
13 74 68
13 75 82
13 76 55
13 77 2
13 78 4
13 79 79
13 80 42
13 81 62
13 82 41
13 83 8
13 84 73
13 85 2
13 86 38
13 87 75
13 88 32
13 89 16
13 90 0
14 15 26
14 16 31
14 17 24
14 18 41
14 19 19
14 20 0
14 21 34
14 22 33
14 23 23
14 24 85
14 25 42
14 26 6
14 27 28
14 28 20
14 29 0
14 30 26
14 31 65
14 32 85
14 33 76
14 34 9
14 35 89
14 36 35
14 37 4
14 38 38
14 39 39
14 40 75
14 41 10
14 42 24
14 43 0
14 44 86
14 45 54
14 46 49
14 47 11
14 48 3
14 49 18
14 50 0
14 51 36
14 52 25
14 53 2
14 54 25
14 55 73
14 56 0
14 57 8
14 58 68
14 59 3
14 60 21
14 61 10
14 62 24
14 63 74
14 64 2
14 65 49
14 66 35
14 67 31
14 68 64
14 69 58
14 70 73
14 71 52
14 72 88
14 73 35
14 74 54
14 75 27
14 76 60
14 77 64
14 78 82
14 79 30
14 80 24
14 81 24
14 82 27
14 83 4
14 84 59
14 85 10
14 86 48
14 87 63
14 88 7
14 89 41
14 90 29
15 16 39
15 17 76
15 18 49
15 19 46
15 20 49
15 21 0
15 22 79
15 23 16
15 24 51
15 25 61
15 26 8
15 27 13
15 28 6
15 29 58
15 30 58
15 31 77
15 32 8
15 33 61
15 34 65
15 35 23
15 36 78
15 37 53
15 38 52
15 39 72
15 40 88
15 41 39
15 42 80
15 43 2
15 44 31
15 45 11
15 46 23
15 47 50
15 48 56
15 49 87
15 50 26
15 51 58
15 52 53
15 53 62
15 54 11
15 55 80
15 56 77
15 57 77
15 58 22
15 59 72
15 60 2
15 61 13
15 62 18
15 63 7
15 64 25
15 65 36
15 66 43
15 67 16
15 68 45
15 69 38
15 70 88
15 71 18
15 72 81
15 73 39
15 74 52
15 75 36
15 76 6
15 77 2
15 78 0
15 79 63
15 80 27
15 81 41
15 82 27
15 83 24
15 84 51
15 85 47
15 86 76
15 87 11
15 88 33
15 89 26
15 90 63
16 17 72
16 18 13
16 19 15
16 20 30
16 21 57
16 22 3
16 23 8
16 24 59
16 25 23
16 26 44
16 27 19
16 28 13
16 29 73
16 30 1
16 31 88
16 32 66
16 33 67
16 34 40
16 35 19
16 36 61
16 37 84
16 38 45
16 39 88
16 40 16
16 41 23
16 42 49
16 43 81
16 44 16
16 45 18
16 46 6
16 47 67
16 48 75
16 49 16
16 50 81
16 51 85
16 52 13
16 53 74
16 54 63
16 55 13
16 56 82
16 57 75
16 58 72
16 59 77
16 60 84
16 61 77
16 62 33
16 63 36
16 64 18
16 65 9
16 66 79
16 67 74
16 68 14
16 69 6
16 70 85
16 71 7
16 72 88
16 73 18
16 74 76
16 75 44
16 76 33
16 77 28
16 78 83
16 79 11
16 80 86
16 81 35
16 82 57
16 83 79
16 84 81
16 85 44
16 86 17
16 87 30
16 88 80
16 89 48
16 90 62
17 18 52
17 19 28
17 20 28
17 21 33
17 22 11
17 23 86
17 24 40
17 25 69
17 26 67
17 27 85
17 28 51
17 29 44
17 30 11
17 31 58
17 32 6
17 33 32
17 34 15
17 35 2
17 36 65
17 37 76
17 38 42
17 39 84
17 40 8
17 41 39
17 42 55
17 43 31
17 44 81
17 45 26
17 46 11
17 47 42
17 48 25
17 49 6
17 50 21
17 51 67
17 52 24
17 53 16
17 54 12
17 55 22
17 56 86
17 57 18
17 58 9
17 59 5
17 60 22
17 61 59
17 62 13
17 63 21
17 64 54
17 65 40
17 66 82
17 67 78
17 68 12
17 69 20
17 70 37
17 71 53
17 72 9
17 73 71
17 74 63
17 75 62
17 76 18
17 77 26
17 78 8
17 79 55
17 80 24
17 81 88
17 82 34
17 83 41
17 84 50
17 85 19
17 86 80
17 87 5
17 88 72
17 89 35
17 90 65
18 19 81
18 20 9
18 21 88
18 22 22
18 23 58
18 24 25
18 25 0
18 26 89
18 27 31
18 28 26
18 29 12
18 30 84
18 31 79
18 32 24
18 33 29
18 34 69
18 35 42
18 36 67
18 37 51
18 38 71
18 39 45
18 40 19
18 41 55
18 42 7
18 43 46
18 44 85
18 45 37
18 46 26
18 47 32
18 48 83
18 49 6
18 50 50
18 51 29
18 52 80
18 53 45
18 54 8
18 55 86
18 56 19
18 57 29
18 58 86
18 59 13
18 60 8
18 61 74
18 62 39
18 63 84
18 64 65
18 65 12
18 66 38
18 67 55
18 68 26
18 69 7
18 70 63
18 71 20
18 72 17
18 73 0
18 74 13
18 75 30
18 76 8
18 77 12
18 78 49
18 79 71
18 80 56
18 81 77
18 82 34
18 83 69
18 84 31
18 85 66
18 86 10
18 87 33
18 88 32
18 89 82
18 90 25
19 20 53
19 21 8
19 22 76
19 23 86
19 24 50
19 25 14
19 26 19
19 27 50
19 28 0
19 29 84
19 30 19
19 31 15
19 32 40
19 33 37
19 34 21
19 35 20
19 36 8
19 37 3
19 38 39
19 39 70
19 40 77
19 41 39
19 42 31
19 43 42
19 44 23
19 45 37
19 46 88
19 47 28
19 48 19
19 49 5
19 50 7
19 51 4
19 52 86
19 53 74
19 54 53
19 55 89
19 56 68
19 57 5
19 58 66
19 59 34
19 60 87
19 61 68
19 62 24
19 63 63
19 64 2
19 65 5
19 66 50
19 67 40
19 68 3
19 69 33
19 70 46
19 71 82
19 72 83
19 73 37
19 74 28
19 75 41
19 76 38
19 77 29
19 78 29
19 79 36
19 80 71
19 81 87
19 82 54
19 83 58
19 84 78
19 85 71
19 86 27
19 87 41
19 88 77
19 89 65
19 90 13
20 21 49
20 22 41
20 23 48
20 24 48
20 25 15
20 26 69
20 27 22
20 28 82
20 29 8
20 30 32
20 31 50
20 32 14
20 33 3
20 34 72
20 35 14
20 36 55
20 37 68
20 38 87
20 39 48
20 40 49
20 41 24
20 42 70
20 43 69
20 44 13
20 45 38
20 46 34
20 47 62
20 48 84
20 49 62
20 50 22
20 51 16
20 52 28
20 53 53
20 54 9
20 55 43
20 56 20
20 57 78
20 58 66
20 59 9
20 60 59
20 61 11
20 62 85
20 63 2
20 64 30
20 65 27
20 66 43
20 67 9
20 68 17
20 69 30
20 70 32
20 71 66
20 72 52
20 73 87
20 74 36
20 75 28
20 76 11
20 77 70
20 78 1
20 79 48
20 80 18
20 81 19
20 82 87
20 83 8
20 84 47
20 85 51
20 86 40
20 87 3
20 88 8
20 89 74
20 90 39
21 22 58
21 23 51
21 24 15
21 25 58
21 26 54
21 27 60
21 28 29
21 29 73
21 30 68
21 31 77
21 32 76
21 33 16
21 34 0
21 35 17
21 36 28
21 37 17
21 38 37
21 39 76
21 40 0
21 41 80
21 42 30
21 43 72
21 44 15
21 45 10
21 46 63
21 47 28
21 48 78
21 49 5
21 50 57
21 51 26
21 52 18
21 53 38
21 54 59
21 55 80
21 56 28
21 57 3
21 58 15
21 59 89
21 60 72
21 61 45
21 62 0
21 63 7
21 64 63
21 65 82
21 66 31
21 67 41
21 68 51
21 69 43
21 70 36
21 71 4
21 72 11
21 73 62
21 74 54
21 75 41
21 76 35
21 77 65
21 78 0
21 79 37
21 80 32
21 81 31
21 82 41
21 83 5
21 84 4
21 85 84
21 86 69
21 87 69
21 88 89
21 89 47
21 90 11
22 23 46
22 24 64
22 25 81
22 26 56
22 27 8
22 28 52
22 29 18
22 30 0
22 31 73
22 32 12
22 33 34
22 34 34
22 35 88
22 36 28
22 37 74
22 38 70
22 39 54
22 40 56
22 41 24
22 42 74
22 43 79
22 44 70
22 45 3
22 46 60
22 47 11
22 48 13
22 49 89
22 50 39
22 51 85
22 52 65
22 53 37
22 54 16
22 55 84
22 56 50
22 57 15
22 58 61
22 59 75
22 60 1
22 61 3
22 62 87
22 63 26
22 64 37
22 65 33
22 66 14
22 67 5
22 68 85
22 69 77
22 70 71
22 71 43
22 72 7
22 73 37
22 74 18
22 75 24
22 76 68
22 77 44
22 78 65
22 79 49
22 80 66
22 81 19
22 82 75
22 83 8
22 84 42
22 85 43
22 86 79
22 87 5
22 88 1
22 89 88
22 90 35
23 24 46
23 25 50
23 26 66
23 27 34
23 28 30
23 29 3
23 30 46
23 31 16
23 32 68
23 33 38
23 34 45
23 35 60
23 36 24
23 37 69
23 38 20
23 39 40
23 40 7
23 41 47
23 42 80
23 43 65
23 44 84
23 45 43
23 46 50
23 47 21
23 48 9
23 49 61
23 50 73
23 51 75
23 52 26
23 53 13
23 54 16
23 55 51
23 56 31
23 57 28
23 58 9
23 59 3
23 60 70
23 61 59
23 62 22
23 63 65
23 64 65
23 65 80
23 66 0
23 67 81
23 68 65
23 69 8
23 70 68
23 71 3
23 72 86
23 73 57
23 74 11
23 75 25
23 76 63
23 77 70
23 78 39
23 79 80
23 80 85
23 81 21
23 82 70
23 83 46
23 84 59
23 85 61
23 86 39
23 87 2
23 88 36
23 89 31
23 90 52
24 25 48
24 26 6
24 27 31
24 28 20
24 29 48
24 30 10
24 31 76
24 32 64
24 33 2
24 34 26
24 35 82
24 36 56
24 37 18
24 38 14
24 39 46
24 40 8
24 41 31
24 42 28
24 43 43
24 44 7
24 45 26
24 46 13
24 47 39
24 48 47
24 49 32
24 50 33
24 51 35
24 52 35
24 53 19
24 54 66
24 55 67
24 56 41
24 57 69
24 58 15
24 59 9
24 60 4
24 61 49
24 62 68
24 63 89
24 64 36
24 65 72
24 66 58
24 67 46
24 68 4
24 69 60
24 70 86
24 71 75
24 72 77
24 73 46
24 74 76
24 75 5
24 76 34
24 77 37
24 78 9
24 79 46
24 80 41
24 81 86
24 82 56
24 83 72
24 84 0
24 85 63
24 86 41
24 87 78
24 88 52
24 89 49
24 90 3
25 26 59
25 27 31
25 28 58
25 29 58
25 30 45
25 31 85
25 32 73
25 33 28
25 34 48
25 35 61
25 36 60
25 37 20
25 38 63
25 39 65
25 40 39
25 41 26
25 42 71
25 43 36
25 44 44
25 45 29
25 46 45
25 47 55
25 48 51
25 49 75
25 50 48
25 51 48
25 52 82
25 53 71
25 54 41
25 55 66
25 56 57
25 57 76
25 58 18
25 59 18
25 60 35
25 61 67
25 62 36
25 63 43
25 64 8
25 65 70
25 66 8
25 67 8
25 68 0
25 69 39
25 70 30
25 71 76
25 72 82
25 73 76
25 74 88
25 75 32
25 76 18
25 77 69
25 78 10
25 79 60
25 80 2
25 81 26
25 82 23
25 83 24
25 84 53
25 85 30
25 86 25
25 87 65
25 88 77
25 89 40
25 90 16
26 27 15
26 28 78
26 29 69
26 30 6
26 31 3
26 32 81
26 33 65
26 34 34
26 35 82
26 36 1
26 37 68
26 38 80
26 39 41
26 40 15
26 41 22
26 42 39
26 43 32
26 44 64
26 45 68
26 46 31
26 47 1
26 48 28
26 49 5
26 50 43
26 51 35
26 52 59
26 53 58
26 54 13
26 55 49
26 56 65
26 57 11
26 58 44
26 59 87
26 60 52
26 61 26
26 62 85
26 63 35
26 64 68
26 65 53
26 66 68
26 67 28
26 68 55
26 69 0
26 70 62
26 71 73
26 72 57
26 73 15
26 74 38
26 75 76
26 76 39
26 77 18
26 78 44
26 79 27
26 80 77
26 81 33
26 82 24
26 83 8
26 84 88
26 85 12
26 86 4
26 87 31
26 88 37
26 89 66
26 90 10
27 28 57
27 29 50
27 30 35
27 31 74
27 32 54
27 33 77
27 34 84
27 35 19
27 36 19
27 37 47
27 38 41
27 39 76
27 40 46
27 41 53
27 42 70
27 43 45
27 44 36
27 45 22
27 46 52
27 47 9
27 48 82
27 49 34
27 50 21
27 51 72
27 52 63
27 53 58
27 54 43
27 55 66
27 56 2
27 57 70
27 58 29
27 59 73
27 60 57
27 61 23
27 62 89
27 63 18
27 64 1
27 65 83
27 66 21
27 67 32
27 68 48
27 69 22
27 70 67
27 71 71
27 72 12
27 73 71
27 74 80
27 75 46
27 76 64
27 77 29
27 78 46
27 79 43
27 80 49
27 81 68
27 82 18
27 83 88
27 84 37
27 85 2
27 86 68
27 87 30
27 88 84
27 89 8
27 90 57
28 29 63
28 30 36
28 31 73
28 32 1
28 33 61
28 34 81
28 35 69
28 36 5
28 37 20
28 38 0
28 39 45
28 40 60
28 41 39
28 42 26
28 43 4
28 44 8
28 45 18
28 46 38
28 47 84
28 48 66
28 49 39
28 50 67
28 51 85
28 52 83
28 53 89
28 54 39
28 55 14
28 56 34
28 57 67
28 58 63
28 59 21
28 60 62
28 61 6
28 62 53
28 63 44
28 64 8
28 65 6
28 66 9
28 67 70
28 68 85
28 69 64
28 70 36
28 71 1
28 72 26
28 73 28
28 74 24
28 75 9
28 76 3
28 77 54
28 78 38
28 79 88
28 80 70
28 81 18
28 82 37
28 83 66
28 84 23
28 85 2
28 86 3
28 87 30
28 88 53
28 89 50
28 90 33
29 30 77
29 31 49
29 32 83
29 33 13
29 34 72
29 35 82
29 36 10
29 37 30
29 38 22
29 39 83
29 40 69
29 41 68
29 42 70
29 43 37
29 44 63
29 45 23
29 46 66
29 47 57
29 48 42
29 49 35
29 50 36
29 51 72
29 52 77
29 53 78
29 54 66
29 55 14
29 56 81
29 57 60
29 58 7
29 59 58
29 60 82
29 61 55
29 62 19
29 63 64
29 64 26
29 65 33
29 66 47
29 67 60
29 68 76
29 69 29
29 70 18
29 71 79
29 72 65
29 73 85
29 74 86
29 75 58
29 76 66
29 77 50
29 78 28
29 79 50
29 80 1
29 81 74
29 82 28
29 83 19
29 84 89
29 85 13
29 86 19
29 87 72
29 88 57
29 89 56
29 90 57
30 31 72
30 32 34
30 33 21
30 34 44
30 35 5
30 36 62
30 37 59
30 38 54
30 39 30
30 40 2
30 41 86
30 42 72
30 43 44
30 44 58
30 45 31
30 46 6
30 47 82
30 48 80
30 49 58
30 50 78
30 51 80
30 52 57
30 53 61
30 54 39
30 55 14
30 56 34
30 57 84
30 58 51
30 59 89
30 60 65
30 61 69
30 62 59
30 63 29
30 64 19
30 65 79
30 66 34
30 67 54
30 68 79
30 69 52
30 70 75
30 71 48
30 72 86
30 73 33
30 74 46
30 75 6
30 76 31
30 77 22
30 78 32
30 79 45
30 80 40
30 81 71
30 82 67
30 83 64
30 84 4
30 85 41
30 86 37
30 87 27
30 88 23
30 89 26
30 90 86
31 32 67
31 33 83
31 34 27
31 35 63
31 36 57
31 37 68
31 38 69
31 39 66
31 40 83
31 41 75
31 42 46
31 43 70
31 44 46
31 45 81
31 46 14
31 47 19
31 48 12
31 49 2
31 50 67
31 51 27
31 52 52
31 53 63
31 54 34
31 55 81
31 56 29
31 57 47
31 58 30
31 59 49
31 60 87
31 61 51
31 62 6
31 63 79
31 64 86
31 65 63
31 66 46
31 67 67
31 68 9
31 69 7
31 70 49
31 71 58
31 72 10
31 73 53
31 74 78
31 75 51
31 76 0
31 77 48
31 78 20
31 79 22
31 80 16
31 81 82
31 82 72
31 83 66
31 84 57
31 85 5
31 86 76
31 87 22
31 88 58
31 89 69
31 90 35
32 33 21
32 34 4
32 35 28
32 36 37
32 37 11
32 38 28
32 39 51
32 40 29
32 41 44
32 42 62
32 43 24
32 44 76
32 45 44
32 46 9
32 47 51
32 48 40
32 49 5
32 50 0
32 51 49
32 52 58
32 53 20
32 54 32
32 55 79
32 56 22
32 57 24
32 58 46
32 59 1
32 60 76
32 61 76
32 62 85
32 63 45
32 64 0
32 65 21
32 66 62
32 67 36
32 68 62
32 69 0
32 70 21
32 71 67
32 72 75
32 73 52
32 74 6
32 75 30
32 76 87
32 77 47
32 78 5
32 79 34
32 80 51
32 81 87
32 82 39
32 83 73
32 84 25
32 85 19
32 86 80
32 87 43
32 88 68
32 89 12
32 90 14
33 34 75
33 35 23
33 36 9
33 37 35
33 38 1
33 39 56
33 40 49
33 41 69
33 42 86
33 43 17
33 44 42
33 45 82
33 46 55
33 47 19
33 48 25
33 49 62
33 50 46
33 51 19
33 52 61
33 53 83
33 54 31
33 55 35
33 56 37
33 57 62
33 58 1
33 59 88
33 60 21
33 61 54
33 62 46
33 63 57
33 64 6
33 65 45
33 66 24
33 67 57
33 68 18
33 69 42
33 70 27
33 71 36
33 72 40
33 73 38
33 74 31
33 75 64
33 76 48
33 77 6
33 78 48
33 79 41
33 80 35
33 81 49
33 82 44
33 83 44
33 84 25
33 85 18
33 86 25
33 87 47
33 88 78
33 89 22
33 90 35
34 35 84
34 36 73
34 37 47
34 38 56
34 39 89
34 40 29
34 41 84
34 42 49
34 43 46
34 44 55
34 45 35
34 46 31
34 47 5
34 48 28
34 49 35
34 50 79
34 51 60
34 52 73
34 53 21
34 54 37
34 55 67
34 56 81
34 57 5
34 58 72
34 59 88
34 60 82
34 61 78
34 62 69
34 63 80
34 64 70
34 65 71
34 66 45
34 67 65
34 68 42
34 69 69
34 70 48
34 71 1
34 72 70
34 73 55
34 74 1
34 75 70
34 76 46
34 77 75
34 78 5
34 79 14
34 80 48
34 81 51
34 82 23
34 83 49
34 84 8
34 85 66
34 86 38
34 87 4
34 88 35
34 89 32
34 90 41
35 36 61
35 37 12
35 38 39
35 39 71
35 40 53
35 41 38
35 42 88
35 43 41
35 44 5
35 45 87
35 46 49
35 47 78
35 48 64
35 49 75
35 50 74
35 51 83
35 52 45
35 53 62
35 54 89
35 55 42
35 56 56
35 57 13
35 58 18
35 59 25
35 60 57
35 61 85
35 62 82
35 63 41
35 64 36
35 65 32
35 66 66
35 67 66
35 68 46
35 69 56
35 70 21
35 71 76
35 72 57
35 73 64
35 74 27
35 75 35
35 76 68
35 77 11
35 78 86
35 79 57
35 80 3
35 81 68
35 82 60
35 83 83
35 84 81
35 85 67
35 86 73
35 87 47
35 88 44
35 89 84
35 90 45
36 37 70
36 38 5
36 39 33
36 40 32
36 41 29
36 42 2
36 43 8
36 44 23
36 45 15
36 46 43
36 47 38
36 48 73
36 49 4
36 50 60
36 51 21
36 52 7
36 53 42
36 54 63
36 55 54
36 56 40
36 57 51
36 58 50
36 59 44
36 60 24
36 61 16
36 62 64
36 63 41
36 64 59
36 65 81
36 66 32
36 67 43
36 68 38
36 69 85
36 70 75
36 71 64
36 72 80
36 73 45
36 74 18
36 75 75
36 76 84
36 77 12
36 78 26
36 79 4
36 80 4
36 81 50
36 82 80
36 83 26
36 84 52
36 85 75
36 86 52
36 87 32
36 88 44
36 89 35
36 90 30
37 38 68
37 39 10
37 40 15
37 41 31
37 42 75
37 43 0
37 44 17
37 45 25
37 46 35
37 47 88
37 48 51
37 49 65
37 50 60
37 51 48
37 52 46
37 53 63
37 54 52
37 55 35
37 56 37
37 57 55
37 58 36
37 59 74
37 60 40
37 61 88
37 62 20
37 63 16
37 64 11
37 65 33
37 66 31
37 67 53
37 68 6
37 69 42
37 70 74
37 71 65
37 72 25
37 73 34
37 74 38
37 75 10
37 76 39
37 77 28
37 78 76
37 79 43
37 80 15
37 81 35
37 82 56
37 83 12
37 84 5
37 85 60
37 86 34
37 87 25
37 88 12
37 89 77
37 90 31
38 39 49
38 40 59
38 41 44
38 42 74
38 43 49
38 44 51
38 45 3
38 46 85
38 47 38
38 48 66
38 49 1
38 50 7
38 51 33
38 52 3
38 53 10
38 54 20
38 55 71
38 56 16
38 57 4
38 58 75
38 59 33
38 60 72
38 61 34
38 62 14
38 63 16
38 64 23
38 65 55
38 66 54
38 67 24
38 68 5
38 69 7
38 70 61
38 71 75
38 72 60
38 73 68
38 74 72
38 75 2
38 76 41
38 77 61
38 78 24
38 79 45
38 80 84
38 81 38
38 82 88
38 83 20
38 84 86
38 85 2
38 86 32
38 87 74
38 88 45
38 89 34
38 90 77
39 40 41
39 41 39
39 42 61
39 43 65
39 44 43
39 45 35
39 46 38
39 47 40
39 48 80
39 49 37
39 50 54
39 51 45
39 52 18
39 53 79
39 54 30
39 55 52
39 56 38
39 57 12
39 58 89
39 59 88
39 60 29
39 61 33
39 62 75
39 63 27
39 64 89
39 65 4
39 66 26
39 67 39
39 68 85
39 69 18
39 70 35
39 71 63
39 72 15
39 73 0
39 74 32
39 75 71
39 76 3
39 77 65
39 78 18
39 79 73
39 80 56
39 81 85
39 82 36
39 83 57
39 84 6
39 85 9
39 86 22
39 87 78
39 88 0
39 89 48
39 90 56
40 41 9
40 42 68
40 43 76
40 44 86
40 45 21
40 46 69
40 47 22
40 48 87
40 49 86
40 50 72
40 51 42
40 52 0
40 53 13
40 54 7
40 55 55
40 56 71
40 57 45
40 58 61
40 59 51
40 60 78
40 61 85
40 62 64
40 63 33
40 64 45
40 65 3
40 66 36
40 67 50
40 68 65
40 69 24
40 70 68
40 71 77
40 72 51
40 73 29
40 74 38
40 75 38
40 76 4
40 77 0
40 78 89
40 79 71
40 80 79
40 81 42
40 82 0
40 83 31
40 84 47
40 85 2
40 86 2
40 87 84
40 88 69
40 89 0
40 90 43
41 42 57
41 43 20
41 44 22
41 45 68
41 46 27
41 47 33
41 48 81
41 49 29
41 50 49
41 51 28
41 52 68
41 53 7
41 54 1
41 55 84
41 56 84
41 57 33
41 58 35
41 59 35
41 60 19
41 61 50
41 62 56
41 63 68
41 64 60
41 65 70
41 66 5
41 67 11
41 68 48
41 69 68
41 70 71
41 71 55
41 72 34
41 73 35
41 74 11
41 75 65
41 76 25
41 77 14
41 78 56
41 79 73
41 80 53
41 81 11
41 82 28
41 83 1
41 84 3
41 85 9
41 86 79
41 87 44
41 88 57
41 89 30
41 90 54
42 43 37
42 44 48
42 45 73
42 46 12
42 47 66
42 48 70
42 49 72
42 50 50
42 51 44
42 52 68
42 53 80
42 54 46
42 55 32
42 56 6
42 57 71
42 58 80
42 59 80
42 60 72
42 61 57
42 62 75
42 63 87
42 64 75
42 65 16
42 66 21
42 67 4
42 68 68
42 69 33
42 70 53
42 71 38
42 72 9
42 73 67
42 74 38
42 75 32
42 76 45
42 77 18
42 78 21
42 79 64
42 80 7
42 81 27
42 82 86
42 83 80
42 84 55
42 85 33
42 86 82
42 87 39
42 88 68
42 89 70
42 90 83
43 44 56
43 45 37
43 46 0
43 47 29
43 48 83
43 49 72
43 50 78
43 51 85
43 52 56
43 53 8
43 54 62
43 55 42
43 56 4
43 57 8
43 58 13
43 59 8
43 60 40
43 61 20
43 62 64
43 63 23
43 64 75
43 65 75
43 66 44
43 67 65
43 68 25
43 69 32
43 70 84
43 71 36
43 72 25
43 73 31
43 74 26
43 75 47
43 76 44
43 77 77
43 78 39
43 79 22
43 80 26
43 81 61
43 82 51
43 83 40
43 84 31
43 85 1
43 86 40
43 87 49
43 88 72
43 89 87
43 90 0
44 45 52
44 46 45
44 47 53
44 48 8
44 49 7
44 50 4
44 51 83
44 52 89
44 53 21
44 54 32
44 55 88
44 56 8
44 57 63
44 58 23
44 59 46
44 60 36
44 61 43
44 62 6
44 63 55
44 64 13
44 65 1
44 66 43
44 67 39
44 68 87
44 69 48
44 70 65
44 71 19
44 72 31
44 73 79
44 74 14
44 75 27
44 76 19
44 77 16
44 78 53
44 79 66
44 80 19
44 81 52
44 82 58
44 83 26
44 84 37
44 85 4
44 86 59
44 87 29
44 88 67
44 89 75
44 90 21
45 46 73
45 47 36
45 48 61
45 49 81
45 50 20
45 51 72
45 52 26
45 53 41
45 54 14
45 55 46
45 56 43
45 57 14
45 58 24
45 59 10
45 60 89
45 61 39
45 62 50
45 63 10
45 64 74
45 65 75
45 66 83
45 67 28
45 68 19
45 69 87
45 70 13
45 71 85
45 72 75
45 73 52
45 74 19
45 75 82
45 76 4
45 77 58
45 78 11
45 79 89
45 80 28
45 81 54
45 82 37
45 83 5
45 84 54
45 85 54
45 86 6
45 87 57
45 88 6
45 89 12
45 90 29
46 47 43
46 48 19
46 49 70
46 50 30
46 51 0
46 52 74
46 53 57
46 54 77
46 55 23
46 56 39
46 57 66
46 58 86
46 59 31
46 60 32
46 61 23
46 62 5
46 63 88
46 64 37
46 65 79
46 66 74
46 67 89
46 68 2
46 69 72
46 70 78
46 71 11
46 72 48
46 73 76
46 74 21
46 75 30
46 76 84
46 77 8
46 78 30
46 79 15
46 80 35
46 81 23
46 82 81
46 83 24
46 84 52
46 85 53
46 86 51
46 87 21
46 88 49
46 89 19
46 90 57
47 48 16
47 49 82
47 50 60
47 51 55
47 52 60
47 53 22
47 54 77
47 55 29
47 56 7
47 57 36
47 58 4
47 59 18
47 60 38
47 61 55
47 62 5
47 63 57
47 64 67
47 65 38
47 66 79
47 67 88
47 68 50
47 69 68
47 70 87
47 71 53
47 72 35
47 73 57
47 74 45
47 75 17
47 76 54
47 77 53
47 78 44
47 79 20
47 80 9
47 81 38
47 82 1
47 83 62
47 84 60
47 85 50
47 86 6
47 87 75
47 88 4
47 89 22
47 90 70
48 49 51
48 50 74
48 51 20
48 52 60
48 53 32
48 54 39
48 55 23
48 56 42
48 57 40
48 58 12
48 59 68
48 60 72
48 61 2
48 62 61
48 63 2
48 64 41
48 65 8
48 66 25
48 67 74
48 68 16
48 69 56
48 70 19
48 71 42
48 72 43
48 73 11
48 74 1
48 75 13
48 76 67
48 77 32
48 78 41
48 79 17
48 80 0
48 81 75
48 82 63
48 83 67
48 84 89
48 85 17
48 86 86
48 87 7
48 88 88
48 89 81
48 90 72
49 50 52
49 51 40
49 52 4
49 53 42
49 54 69
49 55 36
49 56 34
49 57 36
49 58 48
49 59 67
49 60 49
49 61 50
49 62 57
49 63 74
49 64 81
49 65 14
49 66 51
49 67 61
49 68 39
49 69 15
49 70 1
49 71 4
49 72 26
49 73 26
49 74 80
49 75 18
49 76 71
49 77 16
49 78 34
49 79 60
49 80 8
49 81 53
49 82 24
49 83 23
49 84 65
49 85 40
49 86 72
49 87 70
49 88 7
49 89 30
49 90 53
50 51 10
50 52 70
50 53 0
50 54 49
50 55 51
50 56 64
50 57 54
50 58 81
50 59 53
50 60 31
50 61 39
50 62 14
50 63 79
50 64 50
50 65 21
50 66 37
50 67 1
50 68 79
50 69 5
50 70 53
50 71 20
50 72 14
50 73 86
50 74 37
50 75 79
50 76 78
50 77 58
50 78 33
50 79 86
50 80 61
50 81 45
50 82 89
50 83 7
50 84 31
50 85 0
50 86 20
50 87 24
50 88 20
50 89 87
50 90 89
51 52 66
51 53 32
51 54 85
51 55 8
51 56 54
51 57 11
51 58 32
51 59 83
51 60 65
51 61 46
51 62 67
51 63 30
51 64 35
51 65 47
51 66 69
51 67 68
51 68 12
51 69 17
51 70 0
51 71 15
51 72 28
51 73 82
51 74 84
51 75 88
51 76 71
51 77 73
51 78 53
51 79 19
51 80 5
51 81 86
51 82 62
51 83 89
51 84 40
51 85 72
51 86 66
51 87 64
51 88 31
51 89 6
51 90 45
52 53 31
52 54 17
52 55 51
52 56 32
52 57 21
52 58 72
52 59 83
52 60 37
52 61 86
52 62 89
52 63 28
52 64 40
52 65 41
52 66 69
52 67 29
52 68 71
52 69 6
52 70 82
52 71 18
52 72 21
52 73 65
52 74 42
52 75 6
52 76 69
52 77 53
52 78 6
52 79 77
52 80 81
52 81 40
52 82 18
52 83 18
52 84 24
52 85 84
52 86 83
52 87 62
52 88 69
52 89 69
52 90 64
53 54 75
53 55 23
53 56 86
53 57 16
53 58 78
53 59 5
53 60 59
53 61 53
53 62 76
53 63 7
53 64 11
53 65 54
53 66 29
53 67 76
53 68 22
53 69 59
53 70 19
53 71 44
53 72 25
53 73 38
53 74 54
53 75 21
53 76 80
53 77 72
53 78 44
53 79 37
53 80 26
53 81 7
53 82 45
53 83 49
53 84 76
53 85 35
53 86 68
53 87 53
53 88 68
53 89 28
53 90 83
54 55 54
54 56 46
54 57 0
54 58 53
54 59 25
54 60 87
54 61 80
54 62 56
54 63 18
54 64 53
54 65 75
54 66 21
54 67 75
54 68 45
54 69 37
54 70 26
54 71 75
54 72 14
54 73 50
54 74 41
54 75 29
54 76 57
54 77 61
54 78 38
54 79 27
54 80 46
54 81 87
54 82 61
54 83 64
54 84 67
54 85 18
54 86 60
54 87 66
54 88 17
54 89 13
54 90 10
55 56 87
55 57 77
55 58 31
55 59 64
55 60 5
55 61 69
55 62 85
55 63 83
55 64 4
55 65 19
55 66 66
55 67 34
55 68 67
55 69 79
55 70 77
55 71 79
55 72 26
55 73 5
55 74 64
55 75 9
55 76 50
55 77 47
55 78 88
55 79 17
55 80 31
55 81 51
55 82 2
55 83 54
55 84 88
55 85 20
55 86 34
55 87 81
55 88 50
55 89 47
55 90 46
56 57 69
56 58 59
56 59 21
56 60 5
56 61 66
56 62 78
56 63 32
56 64 79
56 65 67
56 66 71
56 67 28
56 68 43
56 69 88
56 70 60
56 71 79
56 72 84
56 73 58
56 74 45
56 75 19
56 76 63
56 77 47
56 78 62
56 79 27
56 80 70
56 81 82
56 82 57
56 83 81
56 84 81
56 85 28
56 86 37
56 87 6
56 88 41
56 89 30
56 90 5
57 58 80
57 59 12
57 60 17
57 61 37
57 62 81
57 63 74
57 64 71
57 65 72
57 66 45
57 67 67
57 68 39
57 69 1
57 70 38
57 71 37
57 72 68
57 73 16
57 74 10
57 75 16
57 76 48
57 77 45
57 78 52
57 79 63
57 80 6
57 81 27
57 82 71
57 83 48
57 84 88
57 85 15
57 86 47
57 87 16
57 88 43
57 89 52
57 90 31
58 59 85
58 60 8
58 61 13
58 62 65
58 63 26
58 64 36
58 65 29
58 66 7
58 67 44
58 68 49
58 69 28
58 70 15
58 71 7
58 72 37
58 73 16
58 74 82
58 75 36
58 76 4
58 77 36
58 78 9
58 79 44
58 80 77
58 81 86
58 82 63
58 83 1
58 84 36
58 85 11
58 86 28
58 87 37
58 88 74
58 89 86
58 90 72
59 60 81
59 61 15
59 62 68
59 63 65
59 64 65
59 65 79
59 66 10
59 67 6
59 68 76
59 69 82
59 70 47
59 71 62
59 72 26
59 73 88
59 74 47
59 75 50
59 76 0
59 77 86
59 78 87
59 79 22
59 80 12
59 81 29
59 82 63
59 83 79
59 84 20
59 85 52
59 86 6
59 87 43
59 88 74
59 89 52
59 90 15
60 61 8
60 62 7
60 63 4
60 64 11
60 65 85
60 66 70
60 67 9
60 68 17
60 69 84
60 70 63
60 71 11
60 72 7
60 73 34
60 74 26
60 75 1
60 76 36
60 77 54
60 78 2
60 79 23
60 80 20
60 81 60
60 82 15
60 83 82
60 84 18
60 85 22
60 86 17
60 87 22
60 88 0
60 89 19
60 90 21
61 62 51
61 63 2
61 64 60
61 65 43
61 66 34
61 67 89
61 68 42
61 69 85
61 70 9
61 71 17
61 72 1
61 73 47
61 74 20
61 75 40
61 76 26
61 77 24
61 78 42
61 79 12
61 80 23
61 81 24
61 82 84
61 83 3
61 84 84
61 85 59
61 86 71
61 87 84
61 88 34
61 89 18
61 90 47
62 63 21
62 64 83
62 65 59
62 66 45
62 67 22
62 68 67
62 69 3
62 70 30
62 71 62
62 72 11
62 73 2
62 74 69
62 75 43
62 76 76
62 77 57
62 78 5
62 79 19
62 80 89
62 81 68
62 82 0
62 83 80
62 84 45
62 85 19
62 86 15
62 87 14
62 88 76
62 89 21
62 90 2
63 64 85
63 65 50
63 66 47
63 67 61
63 68 16
63 69 77
63 70 12
63 71 41
63 72 63
63 73 16
63 74 77
63 75 10
63 76 29
63 77 87
63 78 82
63 79 32
63 80 34
63 81 21
63 82 21
63 83 34
63 84 66
63 85 68
63 86 36
63 87 51
63 88 56
63 89 26
63 90 71
64 65 67
64 66 67
64 67 39
64 68 50
64 69 60
64 70 25
64 71 88
64 72 28
64 73 76
64 74 84
64 75 1
64 76 16
64 77 7
64 78 71
64 79 23
64 80 26
64 81 35
64 82 52
64 83 59
64 84 28
64 85 43
64 86 63
64 87 45
64 88 80
64 89 59
64 90 29
65 66 24
65 67 21
65 68 1
65 69 55
65 70 58
65 71 33
65 72 57
65 73 22
65 74 76
65 75 13
65 76 81
65 77 63
65 78 16
65 79 3
65 80 61
65 81 8
65 82 71
65 83 1
65 84 2
65 85 72
65 86 25
65 87 43
65 88 29
65 89 32
65 90 18
66 67 58
66 68 59
66 69 10
66 70 46
66 71 18
66 72 89
66 73 22
66 74 13
66 75 35
66 76 52
66 77 6
66 78 64
66 79 28
66 80 3
66 81 79
66 82 58
66 83 88
66 84 56
66 85 49
66 86 50
66 87 30
66 88 17
66 89 11
66 90 10
67 68 26
67 69 43
67 70 18
67 71 27
67 72 71
67 73 73
67 74 4
67 75 75
67 76 33
67 77 15
67 78 6
67 79 80
67 80 88
67 81 42
67 82 78
67 83 30
67 84 58
67 85 29
67 86 84
67 87 7
67 88 17
67 89 6
67 90 85
68 69 0
68 70 42
68 71 5
68 72 27
68 73 15
68 74 2
68 75 13
68 76 28
68 77 85
68 78 21
68 79 24
68 80 34
68 81 38
68 82 24
68 83 43
68 84 62
68 85 55
68 86 23
68 87 22
68 88 89
68 89 20
68 90 45
69 70 19
69 71 78
69 72 48
69 73 41
69 74 38
69 75 50
69 76 79
69 77 22
69 78 21
69 79 43
69 80 52
69 81 72
69 82 29
69 83 33
69 84 22
69 85 51
69 86 29
69 87 62
69 88 36
69 89 45
69 90 24
70 71 33
70 72 30
70 73 8
70 74 39
70 75 86
70 76 6
70 77 28
70 78 18
70 79 81
70 80 62
70 81 63
70 82 65
70 83 13
70 84 53
70 85 64
70 86 41
70 87 71
70 88 10
70 89 21
70 90 34
71 72 14
71 73 44
71 74 13
71 75 49
71 76 20
71 77 70
71 78 54
71 79 77
71 80 42
71 81 54
71 82 43
71 83 85
71 84 75
71 85 53
71 86 57
71 87 12
71 88 47
71 89 74
71 90 88
72 73 54
72 74 13
72 75 70
72 76 16
72 77 8
72 78 73
72 79 7
72 80 38
72 81 5
72 82 84
72 83 10
72 84 41
72 85 32
72 86 63
72 87 82
72 88 80
72 89 22
72 90 55
73 74 78
73 75 27
73 76 86
73 77 16
73 78 13
73 79 42
73 80 80
73 81 13
73 82 25
73 83 50
73 84 81
73 85 40
73 86 72
73 87 33
73 88 19
73 89 6
73 90 28
74 75 23
74 76 34
74 77 25
74 78 50
74 79 41
74 80 70
74 81 51
74 82 54
74 83 36
74 84 79
74 85 84
74 86 43
74 87 59
74 88 89
74 89 14
74 90 4
75 76 27
75 77 89
75 78 45
75 79 66
75 80 20
75 81 68
75 82 7
75 83 5
75 84 54
75 85 14
75 86 11
75 87 33
75 88 45
75 89 59
75 90 23
76 77 66
76 78 23
76 79 39
76 80 60
76 81 48
76 82 23
76 83 1
76 84 61
76 85 27
76 86 76
76 87 71
76 88 81
76 89 35
76 90 37
77 78 82
77 79 87
77 80 50
77 81 88
77 82 83
77 83 21
77 84 75
77 85 37
77 86 70
77 87 58
77 88 85
77 89 65
77 90 82
78 79 69
78 80 46
78 81 87
78 82 32
78 83 85
78 84 78
78 85 9
78 86 3
78 87 35
78 88 38
78 89 38
78 90 76
79 80 0
79 81 76
79 82 52
79 83 46
79 84 85
79 85 28
79 86 0
79 87 22
79 88 22
79 89 6
79 90 13
80 81 18
80 82 70
80 83 30
80 84 27
80 85 51
80 86 77
80 87 69
80 88 40
80 89 72
80 90 33
81 82 17
81 83 0
81 84 36
81 85 1
81 86 49
81 87 57
81 88 40
81 89 54
81 90 27
82 83 5
82 84 37
82 85 25
82 86 58
82 87 81
82 88 41
82 89 36
82 90 11
83 84 47
83 85 87
83 86 32
83 87 79
83 88 64
83 89 77
83 90 89
84 85 45
84 86 39
84 87 69
84 88 2
84 89 56
84 90 83
85 86 1
85 87 37
85 88 4
85 89 66
85 90 29
86 87 54
86 88 22
86 89 38
86 90 10
87 88 62
87 89 20
87 90 79
88 89 25
88 90 79
89 90 51
