80 3160
1 2 47
1 3 47
1 4 53
1 5 43
1 6 29
1 7 47
1 8 4
1 9 15
1 10 45
1 11 43
1 12 67
1 13 8
1 14 59
1 15 64
1 16 30
1 17 69
1 18 74
1 19 53
1 20 51
1 21 53
1 22 33
1 23 1
1 24 11
1 25 52
1 26 4
1 27 60
1 28 37
1 29 6
1 30 48
1 31 39
1 32 37
1 33 61
1 34 16
1 35 10
1 36 32
1 37 18
1 38 53
1 39 46
1 40 6
1 41 56
1 42 49
1 43 5
1 44 8
1 45 30
1 46 52
1 47 45
1 48 23
1 49 77
1 50 47
1 51 79
1 52 72
1 53 30
1 54 59
1 55 19
1 56 21
1 57 28
1 58 6
1 59 74
1 60 31
1 61 59
1 62 50
1 63 71
1 64 34
1 65 1
1 66 13
1 67 76
1 68 7
1 69 59
1 70 53
1 71 37
1 72 65
1 73 52
1 74 17
1 75 26
1 76 51
1 77 70
1 78 50
1 79 9
1 80 40
2 3 53
2 4 62
2 5 55
2 6 18
2 7 57
2 8 67
2 9 16
2 10 42
2 11 64
2 12 40
2 13 30
2 14 45
2 15 55
2 16 44
2 17 74
2 18 69
2 19 41
2 20 63
2 21 75
2 22 9
2 23 68
2 24 16
2 25 36
2 26 75
2 27 40
2 28 63
2 29 75
2 30 3
2 31 46
2 32 22
2 33 21
2 34 39
2 35 24
2 36 79
2 37 78
2 38 43
2 39 49
2 40 26
2 41 35
2 42 32
2 43 24
2 44 74
2 45 52
2 46 4
2 47 74
2 48 43
2 49 8
2 50 4
2 51 32
2 52 78
2 53 49
2 54 63
2 55 48
2 56 68
2 57 6
2 58 26
2 59 22
2 60 44
2 61 35
2 62 1
2 63 46
2 64 61
2 65 39
2 66 43
2 67 50
2 68 14
2 69 28
2 70 44
2 71 76
2 72 37
2 73 52
2 74 56
2 75 73
2 76 47
2 77 35
2 78 32
2 79 63
2 80 2
3 4 73
3 5 33
3 6 52
3 7 62
3 8 41
3 9 60
3 10 25
3 11 50
3 12 77
3 13 29
3 14 34
3 15 63
3 16 20
3 17 60
3 18 20
3 19 20
3 20 60
3 21 72
3 22 0
3 23 16
3 24 61
3 25 16
3 26 8
3 27 48
3 28 73
3 29 43
3 30 19
3 31 35
3 32 36
3 33 62
3 34 14
3 35 38
3 36 29
3 37 48
3 38 43
3 39 17
3 40 57
3 41 76
3 42 52
3 43 28
3 44 21
3 45 49
3 46 8
3 47 14
3 48 2
3 49 59
3 50 22
3 51 29
3 52 24
3 53 68
3 54 34
3 55 77
3 56 42
3 57 8
3 58 50
3 59 58
3 60 15
3 61 40
3 62 69
3 63 72
3 64 45
3 65 29
3 66 70
3 67 61
3 68 66
3 69 60
3 70 5
3 71 75
3 72 28
3 73 62
3 74 55
3 75 40
3 76 70
3 77 5
3 78 47
3 79 41
3 80 5
4 5 22
4 6 26
4 7 41
4 8 18
4 9 22
4 10 32
4 11 70
4 12 62
4 13 69
4 14 18
4 15 43
4 16 19
4 17 28
4 18 44
4 19 78
4 20 49
4 21 5
4 22 46
4 23 54
4 24 73
4 25 33
4 26 47
4 27 39
4 28 32
4 29 77
4 30 46
4 31 58
4 32 35
4 33 46
4 34 22
4 35 65
4 36 55
4 37 43
4 38 21
4 39 37
4 40 7
4 41 73
4 42 11
4 43 49
4 44 18
4 45 17
4 46 25
4 47 21
4 48 9
4 49 27
4 50 26
4 51 33
4 52 21
4 53 14
4 54 53
4 55 40
4 56 62
4 57 79
4 58 48
4 59 26
4 60 32
4 61 70
4 62 2
4 63 0
4 64 7
4 65 43
4 66 66
4 67 49
4 68 27
4 69 14
4 70 38
4 71 62
4 72 5
4 73 22
4 74 61
4 75 67
4 76 25
4 77 41
4 78 14
4 79 66
4 80 22
5 6 8
5 7 37
5 8 2
5 9 33
5 10 60
5 11 51
5 12 63
5 13 30
5 14 46
5 15 3
5 16 33
5 17 16
5 18 37
5 19 22
5 20 28
5 21 12
5 22 20
5 23 22
5 24 30
5 25 62
5 26 10
5 27 37
5 28 2
5 29 73
5 30 28
5 31 2
5 32 38
5 33 48
5 34 27
5 35 20
5 36 67
5 37 44
5 38 52
5 39 1
5 40 18
5 41 16
5 42 26
5 43 8
5 44 73
5 45 16
5 46 38
5 47 34
5 48 76
5 49 12
5 50 73
5 51 65
5 52 73
5 53 25
5 54 50
5 55 41
5 56 24
5 57 44
5 58 44
5 59 3
5 60 21
5 61 72
5 62 24
5 63 3
5 64 32
5 65 32
5 66 57
5 67 56
5 68 0
5 69 21
5 70 51
5 71 60
5 72 10
5 73 61
5 74 67
5 75 0
5 76 45
5 77 56
5 78 45
5 79 42
5 80 22
6 7 33
6 8 38
6 9 5
6 10 55
6 11 55
6 12 15
6 13 54
6 14 38
6 15 64
6 16 44
6 17 48
6 18 43
6 19 9
6 20 57
6 21 62
6 22 62
6 23 71
6 24 35
6 25 73
6 26 33
6 27 30
6 28 40
6 29 69
6 30 10
6 31 45
6 32 47
6 33 1
6 34 39
6 35 72
6 36 0
6 37 60
6 38 38
6 39 49
6 40 34
6 41 42
6 42 74
6 43 20
6 44 68
6 45 23
6 46 71
6 47 49
6 48 54
6 49 11
6 50 33
6 51 47
6 52 30
6 53 60
6 54 42
6 55 67
6 56 36
6 57 75
6 58 54
6 59 20
6 60 27
6 61 37
6 62 39
6 63 13
6 64 71
6 65 5
6 66 77
6 67 67
6 68 21
6 69 69
6 70 13
6 71 23
6 72 5
6 73 14
6 74 52
6 75 69
6 76 60
6 77 30
6 78 46
6 79 13
6 80 0
7 8 10
7 9 36
7 10 13
7 11 29
7 12 69
7 13 69
7 14 38
7 15 19
7 16 3
7 17 36
7 18 37
7 19 62
7 20 37
7 21 31
7 22 2
7 23 37
7 24 18
7 25 54
7 26 29
7 27 67
7 28 62
7 29 57
7 30 73
7 31 65
7 32 8
7 33 7
7 34 32
7 35 47
7 36 17
7 37 71
7 38 77
7 39 19
7 40 18
7 41 25
7 42 55
7 43 4
7 44 5
7 45 76
7 46 13
7 47 29
7 48 67
7 49 24
7 50 70
7 51 0
7 52 6
7 53 12
7 54 27
7 55 35
7 56 29
7 57 29
7 58 65
7 59 63
7 60 73
7 61 67
7 62 40
7 63 29
7 64 16
7 65 0
7 66 8
7 67 13
7 68 50
7 69 14
7 70 67
7 71 72
7 72 49
7 73 34
7 74 26
7 75 78
7 76 13
7 77 77
7 78 51
7 79 58
7 80 23
8 9 12
8 10 48
8 11 11
8 12 30
8 13 3
8 14 76
8 15 48
8 16 26
8 17 28
8 18 53
8 19 26
8 20 24
8 21 24
8 22 76
8 23 29
8 24 39
8 25 45
8 26 45
8 27 48
8 28 7
8 29 68
8 30 15
8 31 35
8 32 25
8 33 35
8 34 47
8 35 62
8 36 0
8 37 69
8 38 19
8 39 15
8 40 41
8 41 74
8 42 24
8 43 54
8 44 42
8 45 66
8 46 36
8 47 10
8 48 60
8 49 7
8 50 54
8 51 16
8 52 59
8 53 73
8 54 26
8 55 56
8 56 35
8 57 3
8 58 55
8 59 73
8 60 53
8 61 42
8 62 13
8 63 41
8 64 23
8 65 22
8 66 50
8 67 43
8 68 24
8 69 14
8 70 57
8 71 52
8 72 45
8 73 44
8 74 28
8 75 41
8 76 25
8 77 76
8 78 36
8 79 48
8 80 41
9 10 9
9 11 4
9 12 38
9 13 42
9 14 43
9 15 31
9 16 8
9 17 56
9 18 40
9 19 42
9 20 27
9 21 58
9 22 48
9 23 20
9 24 18
9 25 30
9 26 1
9 27 39
9 28 20
9 29 45
9 30 70
9 31 53
9 32 77
9 33 15
9 34 40
9 35 79
9 36 0
9 37 28
9 38 52
9 39 38
9 40 45
9 41 62
9 42 64
9 43 21
9 44 73
9 45 28
9 46 38
9 47 26
9 48 58
9 49 79
9 50 44
9 51 45
9 52 35
9 53 9
9 54 62
9 55 26
9 56 64
9 57 61
9 58 7
9 59 34
9 60 73
9 61 38
9 62 7
9 63 50
9 64 57
9 65 61
9 66 63
9 67 33
9 68 14
9 69 33
9 70 74
9 71 43
9 72 76
9 73 12
9 74 69
9 75 71
9 76 77
9 77 50
9 78 40
9 79 29
9 80 31
10 11 49
10 12 59
10 13 42
10 14 7
10 15 50
10 16 70
10 17 0
10 18 7
10 19 13
10 20 74
10 21 36
10 22 4
10 23 68
10 24 25
10 25 12
10 26 40
10 27 70
10 28 11
10 29 66
10 30 60
10 31 32
10 32 31
10 33 30
10 34 11
10 35 41
10 36 3
10 37 29
10 38 74
10 39 71
10 40 45
10 41 48
10 42 47
10 43 25
10 44 28
10 45 72
10 46 19
10 47 36
10 48 44
10 49 28
10 50 47
10 51 78
10 52 19
10 53 12
10 54 44
10 55 7
10 56 76
10 57 2
10 58 60
10 59 22
10 60 8
10 61 57
10 62 32
10 63 67
10 64 76
10 65 79
10 66 31
10 67 25
10 68 72
10 69 47
10 70 48
10 71 10
10 72 28
10 73 43
10 74 57
10 75 17
10 76 44
10 77 62
10 78 71
10 79 77
10 80 45
11 12 30
11 13 40
11 14 19
11 15 19
11 16 34
11 17 20
11 18 72
11 19 31
11 20 8
11 21 63
11 22 24
11 23 68
11 24 20
11 25 40
11 26 43
11 27 62
11 28 18
11 29 78
11 30 25
11 31 44
11 32 29
11 33 47
11 34 6
11 35 73
11 36 15
11 37 45
11 38 29
11 39 35
11 40 79
11 41 7
11 42 74
11 43 6
11 44 57
11 45 70
11 46 1
11 47 70
11 48 4
11 49 11
11 50 44
11 51 30
11 52 18
11 53 44
11 54 76
11 55 57
11 56 73
11 57 56
11 58 6
11 59 21
11 60 15
11 61 68
11 62 10
11 63 38
11 64 39
11 65 23
11 66 76
11 67 51
11 68 32
11 69 75
11 70 78
11 71 69
11 72 30
11 73 60
11 74 64
11 75 79
11 76 7
11 77 9
11 78 10
11 79 32
11 80 24
12 13 17
12 14 40
12 15 40
12 16 50
12 17 19
12 18 5
12 19 17
12 20 54
12 21 73
12 22 32
12 23 39
12 24 34
12 25 27
12 26 16
12 27 73
12 28 54
12 29 61
12 30 7
12 31 54
12 32 74
12 33 24
12 34 42
12 35 62
12 36 70
12 37 59
12 38 38
12 39 0
12 40 16
12 41 49
12 42 7
12 43 21
12 44 6
12 45 57
12 46 38
12 47 20
12 48 0
12 49 7
12 50 65
12 51 73
12 52 40
12 53 68
12 54 38
12 55 62
12 56 51
12 57 59
12 58 51
12 59 66
12 60 20
12 61 65
12 62 7
12 63 28
12 64 24
12 65 5
12 66 20
12 67 29
12 68 71
12 69 26
12 70 17
12 71 71
12 72 70
12 73 16
12 74 76
12 75 35
12 76 48
12 77 52
12 78 79
12 79 13
12 80 4
13 14 43
13 15 55
13 16 68
13 17 50
13 18 40
13 19 28
13 20 54
13 21 75
13 22 67
13 23 3
13 24 35
13 25 39
13 26 6
13 27 29
13 28 51
13 29 40
13 30 19
13 31 44
13 32 9
13 33 16
13 34 65
13 35 29
13 36 28
13 37 78
13 38 59
13 39 54
13 40 2
13 41 23
13 42 67
13 43 55
13 44 9
13 45 73
13 46 38
13 47 76
13 48 55
13 49 24
13 50 34
13 51 71
13 52 48
13 53 12
13 54 39
13 55 33
13 56 9
13 57 41
13 58 62
13 59 28
13 60 46
13 61 62
13 62 29
13 63 44
13 64 76
13 65 16
13 66 1
13 67 65
13 68 44
13 69 9
13 70 76
13 71 53
13 72 67
13 73 28
13 74 47
13 75 40
13 76 75
13 77 78
13 78 63
13 79 7
13 80 40
14 15 5
14 16 9
14 17 25
14 18 5
14 19 42
14 20 50
14 21 23
14 22 78
14 23 57
14 24 56
14 25 22
14 26 37
14 27 34
14 28 13
14 29 73
14 30 37
14 31 51
14 32 21
14 33 6
14 34 79
14 35 4
14 36 19
14 37 17
14 38 25
14 39 45
14 40 59
14 41 58
14 42 67
14 43 8
14 44 35
14 45 59
14 46 47
14 47 8
14 48 72
14 49 62
14 50 14
14 51 45
14 52 73
14 53 11
14 54 28
14 55 30
14 56 60
14 57 54
14 58 64
14 59 68
14 60 22
14 61 58
14 62 61
14 63 69
14 64 56
14 65 34
14 66 76
14 67 18
14 68 74
14 69 48
14 70 61
14 71 43
14 72 16
14 73 0
14 74 65
14 75 40
14 76 21
14 77 17
14 78 19
14 79 54
14 80 62
15 16 67
15 17 21
15 18 25
15 19 10
15 20 58
15 21 23
15 22 5
15 23 43
15 24 47
15 25 12
15 26 45
15 27 53
15 28 30
15 29 69
15 30 29
15 31 69
15 32 9
15 33 18
15 34 73
15 35 61
15 36 34
15 37 14
15 38 73
15 39 21
15 40 10
15 41 55
15 42 31
15 43 12
15 44 65
15 45 52
15 46 28
15 47 66
15 48 74
15 49 42
15 50 72
15 51 30
15 52 41
15 53 68
15 54 32
15 55 78
15 56 75
15 57 23
15 58 11
15 59 23
15 60 9
15 61 64
15 62 15
15 63 38
15 64 4
15 65 76
15 66 67
15 67 60
15 68 67
15 69 66
15 70 4
15 71 8
15 72 12
15 73 62
15 74 74
15 75 49
15 76 25
15 77 66
15 78 8
15 79 76
15 80 53
16 17 33
16 18 36
16 19 52
16 20 40
16 21 52
16 22 44
16 23 25
16 24 63
16 25 47
16 26 29
16 27 40
16 28 43
16 29 8
16 30 50
16 31 54
16 32 12
16 33 17
16 34 64
16 35 45
16 36 36
16 37 62
16 38 47
16 39 69
16 40 77
16 41 61
16 42 46
16 43 49
16 44 30
16 45 54
16 46 34
16 47 52
16 48 8
16 49 60
16 50 24
16 51 60
16 52 42
16 53 64
16 54 16
16 55 13
16 56 77
16 57 70
16 58 25
16 59 45
16 60 65
16 61 64
16 62 21
16 63 48
16 64 78
16 65 12
16 66 17
16 67 65
16 68 34
16 69 52
16 70 23
16 71 78
16 72 45
16 73 27
16 74 62
16 75 40
16 76 79
16 77 5
16 78 52
16 79 76
16 80 64
17 18 33
17 19 68
17 20 43
17 21 33
17 22 12
17 23 53
17 24 68
17 25 78
17 26 1
17 27 55
17 28 59
17 29 59
17 30 5
17 31 50
17 32 32
17 33 27
17 34 73
17 35 2
17 36 3
17 37 47
17 38 5
17 39 32
17 40 36
17 41 61
17 42 72
17 43 10
17 44 27
17 45 29
17 46 22
17 47 72
17 48 26
17 49 22
17 50 35
17 51 65
17 52 71
17 53 78
17 54 56
17 55 63
17 56 18
17 57 56
17 58 2
17 59 34
17 60 78
17 61 3
17 62 77
17 63 56
17 64 26
17 65 31
17 66 74
17 67 69
17 68 51
17 69 19
17 70 12
17 71 41
17 72 55
17 73 44
17 74 15
17 75 13
17 76 38
17 77 57
17 78 65
17 79 62
17 80 39
18 19 49
18 20 53
18 21 12
18 22 15
18 23 51
18 24 62
18 25 66
18 26 44
18 27 53
18 28 37
18 29 35
18 30 19
18 31 35
18 32 38
18 33 51
18 34 24
18 35 54
18 36 14
18 37 57
18 38 73
18 39 78
18 40 0
18 41 28
18 42 49
18 43 20
18 44 13
18 45 72
18 46 48
18 47 19
18 48 41
18 49 58
18 50 12
18 51 10
18 52 39
18 53 74
18 54 47
18 55 41
18 56 22
18 57 8
18 58 20
18 59 46
18 60 60
18 61 62
18 62 25
18 63 35
18 64 79
18 65 42
18 66 58
18 67 64
18 68 43
18 69 31
18 70 55
18 71 17
18 72 55
18 73 67
18 74 63
18 75 55
18 76 53
18 77 2
18 78 65
18 79 22
18 80 40
19 20 4
19 21 60
19 22 51
19 23 59
19 24 47
19 25 12
19 26 6
19 27 38
19 28 29
19 29 70
19 30 11
19 31 58
19 32 30
19 33 24
19 34 17
19 35 50
19 36 43
19 37 75
19 38 59
19 39 78
19 40 10
19 41 39
19 42 35
19 43 58
19 44 63
19 45 13
19 46 0
19 47 3
19 48 70
19 49 61
19 50 50
19 51 5
19 52 0
19 53 13
19 54 74
19 55 1
19 56 58
19 57 41
19 58 53
19 59 44
19 60 40
19 61 69
19 62 79
19 63 71
19 64 12
19 65 17
19 66 31
19 67 18
19 68 75
19 69 46
19 70 6
19 71 45
19 72 67
19 73 12
19 74 9
19 75 15
19 76 64
19 77 62
19 78 29
19 79 9
19 80 35
20 21 71
20 22 0
20 23 60
20 24 55
20 25 60
20 26 8
20 27 4
20 28 47
20 29 57
20 30 57
20 31 62
20 32 58
20 33 77
20 34 30
20 35 51
20 36 12
20 37 65
20 38 66
20 39 34
20 40 0
20 41 54
20 42 2
20 43 25
20 44 41
20 45 4
20 46 69
20 47 48
20 48 17
20 49 7
20 50 19
20 51 8
20 52 53
20 53 22
20 54 30
20 55 69
20 56 25
20 57 41
20 58 39
20 59 28
20 60 56
20 61 44
20 62 0
20 63 49
20 64 40
20 65 6
20 66 68
20 67 32
20 68 68
20 69 32
20 70 9
20 71 72
20 72 79
20 73 74
20 74 66
20 75 56
20 76 70
20 77 42
20 78 28
20 79 22
20 80 45
21 22 69
21 23 1
21 24 64
21 25 20
21 26 62
21 27 55
21 28 44
21 29 28
21 30 26
21 31 18
21 32 13
21 33 23
21 34 41
21 35 35
21 36 44
21 37 75
21 38 33
21 39 16
21 40 79
21 41 11
21 42 68
21 43 22
21 44 64
21 45 48
21 46 35
21 47 11
21 48 50
21 49 76
21 50 72
21 51 47
21 52 22
21 53 35
21 54 36
21 55 52
21 56 2
21 57 9
21 58 77
21 59 29
21 60 49
21 61 61
21 62 14
21 63 74
21 64 6
21 65 71
21 66 34
21 67 71
21 68 9
21 69 74
21 70 19
21 71 11
21 72 77
21 73 6
21 74 47
21 75 46
21 76 45
21 77 2
21 78 32
21 79 27
21 80 51
22 23 49
22 24 39
22 25 64
22 26 59
22 27 42
22 28 78
22 29 3
22 30 29
22 31 12
22 32 28
22 33 44
22 34 18
22 35 78
22 36 71
22 37 46
22 38 64
22 39 52
22 40 38
22 41 16
22 42 59
22 43 8
22 44 43
22 45 49
22 46 31
22 47 68
22 48 52
22 49 33
22 50 77
22 51 29
22 52 71
22 53 38
22 54 31
22 55 35
22 56 38
22 57 4
22 58 26
22 59 76
22 60 72
22 61 79
22 62 45
22 63 24
22 64 61
22 65 51
22 66 70
22 67 58
22 68 68
22 69 25
22 70 68
22 71 70
22 72 32
22 73 64
22 74 63
22 75 21
22 76 21
22 77 42
22 78 34
22 79 64
22 80 77
23 24 33
23 25 46
23 26 65
23 27 72
23 28 50
23 29 69
23 30 18
23 31 29
23 32 19
23 33 31
23 34 5
23 35 65
23 36 61
23 37 35
23 38 44
23 39 24
23 40 59
23 41 70
23 42 63
23 43 23
23 44 37
23 45 77
23 46 67
23 47 46
23 48 63
23 49 33
23 50 45
23 51 72
23 52 8
23 53 0
23 54 62
23 55 76
23 56 5
23 57 61
23 58 53
23 59 57
23 60 26
23 61 58
23 62 1
23 63 31
23 64 28
23 65 51
23 66 53
23 67 31
23 68 58
23 69 9
23 70 64
23 71 65
23 72 65
23 73 0
23 74 62
23 75 17
23 76 30
23 77 18
23 78 65
23 79 25
23 80 73
24 25 7
24 26 17
24 27 24
24 28 34
24 29 16
24 30 10
24 31 56
24 32 23
24 33 69
24 34 8
24 35 19
24 36 27
24 37 73
24 38 8
24 39 10
24 40 49
24 41 42
24 42 12
24 43 50
24 44 3
24 45 23
24 46 5
24 47 53
24 48 64
24 49 60
24 50 30
24 51 23
24 52 50
24 53 25
24 54 6
24 55 59
24 56 18
24 57 11
24 58 36
24 59 48
24 60 25
24 61 4
24 62 44
24 63 69
24 64 9
24 65 49
24 66 21
24 67 4
24 68 38
24 69 66
24 70 11
24 71 11
24 72 25
24 73 10
24 74 54
24 75 67
24 76 52
24 77 41
24 78 19
24 79 3
24 80 33
25 26 29
25 27 4
25 28 50
25 29 60
25 30 19
25 31 12
25 32 18
25 33 26
25 34 58
25 35 38
25 36 40
25 37 49
25 38 18
25 39 17
25 40 21
25 41 56
25 42 25
25 43 43
25 44 47
25 45 26
25 46 28
25 47 33
25 48 66
25 49 75
25 50 49
25 51 39
25 52 50
25 53 39
25 54 40
25 55 33
25 56 31
25 57 19
25 58 53
25 59 62
25 60 30
25 61 76
25 62 29
25 63 77
25 64 76
25 65 76
25 66 17
25 67 10
25 68 32
25 69 67
25 70 51
25 71 46
25 72 47
25 73 67
25 74 54
25 75 26
25 76 53
25 77 69
25 78 35
25 79 51
25 80 50
26 27 4
26 28 74
26 29 43
26 30 2
26 31 41
26 32 36
26 33 45
26 34 69
26 35 41
26 36 70
26 37 72
26 38 42
26 39 56
26 40 79
26 41 15
26 42 55
26 43 49
26 44 44
26 45 8
26 46 29
26 47 56
26 48 15
26 49 26
26 50 14
26 51 23
26 52 67
26 53 50
26 54 6
26 55 67
26 56 32
26 57 43
26 58 69
26 59 33
26 60 27
26 61 62
26 62 34
26 63 14
26 64 60
26 65 79
26 66 69
26 67 41
26 68 22
26 69 20
26 70 25
26 71 51
26 72 67
26 73 48
26 74 12
26 75 52
26 76 1
26 77 78
26 78 50
26 79 70
26 80 19
27 28 9
27 29 57
27 30 49
27 31 59
27 32 25
27 33 3
27 34 19
27 35 69
27 36 6
27 37 45
27 38 37
27 39 33
27 40 55
27 41 46
27 42 51
27 43 21
27 44 43
27 45 77
27 46 5
27 47 8
27 48 74
27 49 69
27 50 4
27 51 44
27 52 35
27 53 17
27 54 3
27 55 11
27 56 47
27 57 28
27 58 16
27 59 26
27 60 10
27 61 5
27 62 43
27 63 77
27 64 12
27 65 5
27 66 69
27 67 39
27 68 36
27 69 40
27 70 13
27 71 33
27 72 55
27 73 38
27 74 51
27 75 46
27 76 16
27 77 61
27 78 70
27 79 6
27 80 59
28 29 62
28 30 27
28 31 27
28 32 78
28 33 2
28 34 3
28 35 4
28 36 67
28 37 21
28 38 70
28 39 54
28 40 23
28 41 71
28 42 34
28 43 75
28 44 75
28 45 79
28 46 26
28 47 6
28 48 17
28 49 42
28 50 2
28 51 23
28 52 43
28 53 64
28 54 15
28 55 30
28 56 70
28 57 39
28 58 39
28 59 43
28 60 7
28 61 30
28 62 72
28 63 42
28 64 72
28 65 62
28 66 53
28 67 5
28 68 33
28 69 71
28 70 77
28 71 79
28 72 13
28 73 23
28 74 26
28 75 22
28 76 20
28 77 16
28 78 27
28 79 67
28 80 56
29 30 46
29 31 24
29 32 50
29 33 78
29 34 10
29 35 48
29 36 16
29 37 41
29 38 69
29 39 42
29 40 23
29 41 34
29 42 56
29 43 76
29 44 57
29 45 75
29 46 17
29 47 26
29 48 66
29 49 42
29 50 33
29 51 67
29 52 22
29 53 2
29 54 34
29 55 51
29 56 21
29 57 17
29 58 14
29 59 23
29 60 10
29 61 17
29 62 47
29 63 42
29 64 59
29 65 28
29 66 60
29 67 79
29 68 10
29 69 20
29 70 63
29 71 8
29 72 54
29 73 4
29 74 20
29 75 35
29 76 62
29 77 14
29 78 46
29 79 64
29 80 20
30 31 43
30 32 77
30 33 15
30 34 19
30 35 10
30 36 46
30 37 29
30 38 34
30 39 31
30 40 75
30 41 22
30 42 63
30 43 43
30 44 17
30 45 5
30 46 57
30 47 8
30 48 42
30 49 27
30 50 24
30 51 69
30 52 65
30 53 18
30 54 49
30 55 71
30 56 13
30 57 30
30 58 7
30 59 66
30 60 46
30 61 31
30 62 61
30 63 28
30 64 44
30 65 58
30 66 26
30 67 71
30 68 66
30 69 18
30 70 11
30 71 22
30 72 20
30 73 30
30 74 25
30 75 16
30 76 16
30 77 40
30 78 63
30 79 21
30 80 59
31 32 32
31 33 76
31 34 20
31 35 77
31 36 1
31 37 75
31 38 42
31 39 6
31 40 28
31 41 68
31 42 0
31 43 37
31 44 67
31 45 51
31 46 35
31 47 66
31 48 56
31 49 45
31 50 42
31 51 48
31 52 54
31 53 72
31 54 79
31 55 71
31 56 42
31 57 51
31 58 57
31 59 76
31 60 38
31 61 55
31 62 58
31 63 40
31 64 4
31 65 77
31 66 6
31 67 42
31 68 75
31 69 41
31 70 16
31 71 72
31 72 41
31 73 77
31 74 6
31 75 5
31 76 71
31 77 19
31 78 10
31 79 13
31 80 2
32 33 10
32 34 64
32 35 71
32 36 27
32 37 75
32 38 72
32 39 76
32 40 78
32 41 70
32 42 22
32 43 48
32 44 51
32 45 51
32 46 70
32 47 68
32 48 29
32 49 67
32 50 15
32 51 3
32 52 36
32 53 62
32 54 66
32 55 25
32 56 42
32 57 52
32 58 66
32 59 53
32 60 78
32 61 15
32 62 6
32 63 2
32 64 21
32 65 72
32 66 12
32 67 40
32 68 24
32 69 40
32 70 49
32 71 10
32 72 56
32 73 62
32 74 75
32 75 12
32 76 23
32 77 63
32 78 40
32 79 37
32 80 35
33 34 73
33 35 34
33 36 46
33 37 45
33 38 31
33 39 51
33 40 25
33 41 16
33 42 39
33 43 69
33 44 76
33 45 41
33 46 21
33 47 16
33 48 47
33 49 36
33 50 40
33 51 8
33 52 76
33 53 26
33 54 30
33 55 51
33 56 74
33 57 37
33 58 29
33 59 79
33 60 6
33 61 72
33 62 5
33 63 37
33 64 24
33 65 2
33 66 46
33 67 50
33 68 52
33 69 21
33 70 27
33 71 10
33 72 23
33 73 51
33 74 58
33 75 67
33 76 9
33 77 12
33 78 57
33 79 30
33 80 18
34 35 69
34 36 3
34 37 76
34 38 32
34 39 12
34 40 59
34 41 25
34 42 62
34 43 64
34 44 77
34 45 62
34 46 35
34 47 38
34 48 66
34 49 70
34 50 68
34 51 69
34 52 67
34 53 24
34 54 41
34 55 5
34 56 60
34 57 40
34 58 36
34 59 78
34 60 13
34 61 6
34 62 77
34 63 30
34 64 34
34 65 22
34 66 64
34 67 7
34 68 23
34 69 44
34 70 65
34 71 4
34 72 31
34 73 31
34 74 7
34 75 67
34 76 20
34 77 20
34 78 65
34 79 49
34 80 44
35 36 57
35 37 72
35 38 74
35 39 39
35 40 57
35 41 68
35 42 60
35 43 37
35 44 73
35 45 15
35 46 14
35 47 21
35 48 23
35 49 24
35 50 61
35 51 4
35 52 43
35 53 25
35 54 66
35 55 76
35 56 41
35 57 5
35 58 58
35 59 0
35 60 17
35 61 14
35 62 51
35 63 29
35 64 35
35 65 61
35 66 56
35 67 59
35 68 48
35 69 7
35 70 34
35 71 48
35 72 57
35 73 50
35 74 67
35 75 41
35 76 1
35 77 20
35 78 46
35 79 40
35 80 55
36 37 77
36 38 52
36 39 66
36 40 34
36 41 7
36 42 37
36 43 33
36 44 52
36 45 43
36 46 77
36 47 17
36 48 10
36 49 43
36 50 72
36 51 29
36 52 60
36 53 48
36 54 1
36 55 7
36 56 65
36 57 20
36 58 34
36 59 53
36 60 10
36 61 28
36 62 38
36 63 45
36 64 72
36 65 1
36 66 44
36 67 1
36 68 45
36 69 24
36 70 52
36 71 21
36 72 5
36 73 70
36 74 54
36 75 60
36 76 41
36 77 57
36 78 7
36 79 13
36 80 37
37 38 61
37 39 8
37 40 42
37 41 64
37 42 34
37 43 67
37 44 25
37 45 50
37 46 77
37 47 36
37 48 7
37 49 7
37 50 76
37 51 63
37 52 15
37 53 52
37 54 72
37 55 24
37 56 61
37 57 45
37 58 41
37 59 57
37 60 25
37 61 22
37 62 42
37 63 23
37 64 74
37 65 59
37 66 14
37 67 52
37 68 12
37 69 30
37 70 42
37 71 40
37 72 1
37 73 39
37 74 36
37 75 46
37 76 39
37 77 60
37 78 54
37 79 25
37 80 41
38 39 55
38 40 37
38 41 0
38 42 52
38 43 8
38 44 33
38 45 23
38 46 34
38 47 37
38 48 63
38 49 28
38 50 1
38 51 69
38 52 51
38 53 32
38 54 11
38 55 21
38 56 16
38 57 0
38 58 61
38 59 0
38 60 62
38 61 70
38 62 27
38 63 70
38 64 0
38 65 75
38 66 9
38 67 17
38 68 49
38 69 6
38 70 22
38 71 20
38 72 20
38 73 19
38 74 17
38 75 13
38 76 69
38 77 49
38 78 62
38 79 23
38 80 60
39 40 26
39 41 16
39 42 68
39 43 59
39 44 25
39 45 75
39 46 56
39 47 73
39 48 1
39 49 67
39 50 38
39 51 31
39 52 46
39 53 44
39 54 2
39 55 43
39 56 26
39 57 66
39 58 72
39 59 4
39 60 26
39 61 45
39 62 77
39 63 44
39 64 75
39 65 54
39 66 38
39 67 77
39 68 58
39 69 32
39 70 66
39 71 70
39 72 39
39 73 77
39 74 38
39 75 55
39 76 71
39 77 10
39 78 43
39 79 21
39 80 72
40 41 72
40 42 52
40 43 58
40 44 26
40 45 53
40 46 67
40 47 66
40 48 48
40 49 64
40 50 32
40 51 60
40 52 59
40 53 63
40 54 44
40 55 18
40 56 57
40 57 50
40 58 31
40 59 72
40 60 40
40 61 11
40 62 12
40 63 36
40 64 44
40 65 43
40 66 1
40 67 65
40 68 58
40 69 72
40 70 6
40 71 6
40 72 42
40 73 48
40 74 46
40 75 49
40 76 41
40 77 30
40 78 61
40 79 50
40 80 41
41 42 47
41 43 40
41 44 18
41 45 42
41 46 48
41 47 46
41 48 7
41 49 14
41 50 15
41 51 60
41 52 57
41 53 17
41 54 23
41 55 34
41 56 48
41 57 24
41 58 77
41 59 11
41 60 8
41 61 74
41 62 9
41 63 59
41 64 15
41 65 26
41 66 51
41 67 61
41 68 39
41 69 74
41 70 63
41 71 15
41 72 61
41 73 43
41 74 12
41 75 3
41 76 13
41 77 6
41 78 14
41 79 45
41 80 25
42 43 33
42 44 54
42 45 72
42 46 59
42 47 20
42 48 28
42 49 15
42 50 2
42 51 25
42 52 3
42 53 8
42 54 74
42 55 59
42 56 43
42 57 1
42 58 36
42 59 78
42 60 73
42 61 65
42 62 23
42 63 56
42 64 31
42 65 38
42 66 50
42 67 16
42 68 19
42 69 66
42 70 76
42 71 3
42 72 63
42 73 8
42 74 3
42 75 69
42 76 11
42 77 25
42 78 75
42 79 74
42 80 2
43 44 78
43 45 75
43 46 17
43 47 75
43 48 52
43 49 13
43 50 72
43 51 34
43 52 17
43 53 67
43 54 1
43 55 64
43 56 53
43 57 15
43 58 50
43 59 62
43 60 63
43 61 15
43 62 22
43 63 41
43 64 25
43 65 64
43 66 45
43 67 73
43 68 74
43 69 60
43 70 39
43 71 3
43 72 34
43 73 56
43 74 75
43 75 37
43 76 36
43 77 0
43 78 75
43 79 5
43 80 33
44 45 46
44 46 33
44 47 75
44 48 68
44 49 72
44 50 17
44 51 65
44 52 37
44 53 55
44 54 46
44 55 1
44 56 27
44 57 45
44 58 0
44 59 36
44 60 60
44 61 59
44 62 49
44 63 16
44 64 21
44 65 26
44 66 40
44 67 3
44 68 75
44 69 63
44 70 29
44 71 51
44 72 22
44 73 19
44 74 52
44 75 0
44 76 48
44 77 55
44 78 17
44 79 26
44 80 61
45 46 5
45 47 79
45 48 71
45 49 69
45 50 46
45 51 1
45 52 74
45 53 22
45 54 7
45 55 54
45 56 47
45 57 24
45 58 37
45 59 59
45 60 68
45 61 35
45 62 48
45 63 76
45 64 32
45 65 60
45 66 65
45 67 23
45 68 77
45 69 28
45 70 1
45 71 23
45 72 37
45 73 73
45 74 79
45 75 59
45 76 9
45 77 68
45 78 78
45 79 28
45 80 0
46 47 52
46 48 17
46 49 45
46 50 3
46 51 67
46 52 16
46 53 63
46 54 72
46 55 32
46 56 37
46 57 64
46 58 2
46 59 69
46 60 57
46 61 12
46 62 61
46 63 19
46 64 78
46 65 14
46 66 73
46 67 56
46 68 79
46 69 53
46 70 23
46 71 48
46 72 33
46 73 59
46 74 15
46 75 53
46 76 75
46 77 52
46 78 58
46 79 77
46 80 10
47 48 64
47 49 37
47 50 58
47 51 31
47 52 6
47 53 39
47 54 72
47 55 2
47 56 24
47 57 26
47 58 34
47 59 73
47 60 38
47 61 18
47 62 12
47 63 61
47 64 2
47 65 38
47 66 29
47 67 36
47 68 74
47 69 17
47 70 38
47 71 7
47 72 2
47 73 19
47 74 34
47 75 36
47 76 66
47 77 72
47 78 42
47 79 76
47 80 61
48 49 55
48 50 24
48 51 11
48 52 33
48 53 1
48 54 63
48 55 65
48 56 42
48 57 8
48 58 10
48 59 16
48 60 67
48 61 2
48 62 40
48 63 78
48 64 6
48 65 59
48 66 1
48 67 78
48 68 32
48 69 15
48 70 1
48 71 23
48 72 11
48 73 1
48 74 43
48 75 5
48 76 26
48 77 41
48 78 0
48 79 30
48 80 55
49 50 67
49 51 53
49 52 4
49 53 52
49 54 4
49 55 52
49 56 22
49 57 23
49 58 5
49 59 70
49 60 51
49 61 32
49 62 1
49 63 57
49 64 45
49 65 7
49 66 47
49 67 10
49 68 79
49 69 55
49 70 56
49 71 53
49 72 59
49 73 52
49 74 41
49 75 67
49 76 20
49 77 26
49 78 73
49 79 22
49 80 54
50 51 45
50 52 52
50 53 51
50 54 9
50 55 42
50 56 56
50 57 79
50 58 47
50 59 10
50 60 14
50 61 50
50 62 64
50 63 54
50 64 40
50 65 19
50 66 76
50 67 60
50 68 50
50 69 5
50 70 17
50 71 61
50 72 18
50 73 20
50 74 31
50 75 52
50 76 26
50 77 50
50 78 51
50 79 43
50 80 35
51 52 65
51 53 29
51 54 29
51 55 68
51 56 36
51 57 15
51 58 15
51 59 19
51 60 14
51 61 77
51 62 16
51 63 71
51 64 36
51 65 64
51 66 14
51 67 15
51 68 51
51 69 60
51 70 61
51 71 3
51 72 58
51 73 16
51 74 66
51 75 0
51 76 61
51 77 31
51 78 72
51 79 8
51 80 26
52 53 3
52 54 10
52 55 65
52 56 61
52 57 46
52 58 1
52 59 42
52 60 52
52 61 47
52 62 36
52 63 50
52 64 62
52 65 33
52 66 56
52 67 46
52 68 34
52 69 34
52 70 73
52 71 7
52 72 7
52 73 56
52 74 0
52 75 42
52 76 71
52 77 28
52 78 69
52 79 76
52 80 44
53 54 9
53 55 14
53 56 30
53 57 41
53 58 50
53 59 69
53 60 30
53 61 12
53 62 54
53 63 20
53 64 20
53 65 61
53 66 26
53 67 68
53 68 26
53 69 62
53 70 55
53 71 76
53 72 21
53 73 76
53 74 25
53 75 14
53 76 76
53 77 64
53 78 57
53 79 11
53 80 24
54 55 1
54 56 38
54 57 62
54 58 8
54 59 69
54 60 28
54 61 76
54 62 4
54 63 49
54 64 52
54 65 69
54 66 0
54 67 3
54 68 78
54 69 45
54 70 7
54 71 49
54 72 9
54 73 16
54 74 44
54 75 29
54 76 5
54 77 75
54 78 43
54 79 20
54 80 59
55 56 65
55 57 33
55 58 50
55 59 79
55 60 11
55 61 67
55 62 79
55 63 53
55 64 15
55 65 59
55 66 64
55 67 6
55 68 53
55 69 23
55 70 68
55 71 44
55 72 74
55 73 30
55 74 24
55 75 31
55 76 18
55 77 20
55 78 40
55 79 7
55 80 11
56 57 27
56 58 11
56 59 9
56 60 62
56 61 79
56 62 52
56 63 64
56 64 67
56 65 55
56 66 65
56 67 38
56 68 13
56 69 57
56 70 52
56 71 73
56 72 64
56 73 79
56 74 20
56 75 74
56 76 42
56 77 2
56 78 11
56 79 47
56 80 46
57 58 59
57 59 21
57 60 36
57 61 37
57 62 10
57 63 41
57 64 12
57 65 29
57 66 51
57 67 51
57 68 31
57 69 67
57 70 23
57 71 48
57 72 62
57 73 14
57 74 59
57 75 44
57 76 46
57 77 36
57 78 19
57 79 16
57 80 30
58 59 8
58 60 44
58 61 23
58 62 48
58 63 45
58 64 66
58 65 15
58 66 1
58 67 34
58 68 58
58 69 12
58 70 73
58 71 15
58 72 28
58 73 78
58 74 44
58 75 55
58 76 37
58 77 21
58 78 16
58 79 56
58 80 73
59 60 55
59 61 14
59 62 75
59 63 25
59 64 15
59 65 2
59 66 54
59 67 33
59 68 45
59 69 61
59 70 37
59 71 35
59 72 3
59 73 70
59 74 3
59 75 46
59 76 1
59 77 16
59 78 64
59 79 31
59 80 41
60 61 29
60 62 33
60 63 61
60 64 28
60 65 73
60 66 19
60 67 39
60 68 59
60 69 64
60 70 25
60 71 50
60 72 31
60 73 28
60 74 78
60 75 1
60 76 43
60 77 44
60 78 64
60 79 0
60 80 45
61 62 52
61 63 50
61 64 62
61 65 1
61 66 50
61 67 9
61 68 19
61 69 17
61 70 64
61 71 64
61 72 18
61 73 54
61 74 46
61 75 47
61 76 26
61 77 57
61 78 39
61 79 67
61 80 51
62 63 52
62 64 1
62 65 13
62 66 75
62 67 73
62 68 43
62 69 32
62 70 48
62 71 62
62 72 56
62 73 7
62 74 59
62 75 76
62 76 41
62 77 0
62 78 9
62 79 41
62 80 20
63 64 76
63 65 35
63 66 76
63 67 47
63 68 63
63 69 42
63 70 35
63 71 18
63 72 9
63 73 64
63 74 64
63 75 68
63 76 17
63 77 12
63 78 68
63 79 61
63 80 78
64 65 55
64 66 77
64 67 3
64 68 62
64 69 10
64 70 65
64 71 79
64 72 52
64 73 68
64 74 40
64 75 20
64 76 70
64 77 64
64 78 66
64 79 77
64 80 38
65 66 24
65 67 19
65 68 34
65 69 15
65 70 42
65 71 50
65 72 54
65 73 24
65 74 71
65 75 65
65 76 77
65 77 78
65 78 57
65 79 0
65 80 55
66 67 55
66 68 43
66 69 3
66 70 25
66 71 11
66 72 49
66 73 21
66 74 9
66 75 42
66 76 3
66 77 56
66 78 32
66 79 47
66 80 66
67 68 22
67 69 78
67 70 9
67 71 51
67 72 26
67 73 9
67 74 26
67 75 63
67 76 23
67 77 60
67 78 4
67 79 1
67 80 32
68 69 31
68 70 6
68 71 45
68 72 13
68 73 61
68 74 5
68 75 60
68 76 56
68 77 60
68 78 63
68 79 50
68 80 18
69 70 63
69 71 14
69 72 10
69 73 42
69 74 62
69 75 57
69 76 25
69 77 25
69 78 62
69 79 49
69 80 59
70 71 62
70 72 32
70 73 61
70 74 25
70 75 6
70 76 46
70 77 5
70 78 52
70 79 19
70 80 51
71 72 29
71 73 50
71 74 54
71 75 69
71 76 16
71 77 24
71 78 68
71 79 68
71 80 1
72 73 59
72 74 63
72 75 79
72 76 47
72 77 77
72 78 7
72 79 31
72 80 69
73 74 17
73 75 54
73 76 78
73 77 51
73 78 23
73 79 10
73 80 9
74 75 71
74 76 22
74 77 36
74 78 55
74 79 72
74 80 7
75 76 8
75 77 5
75 78 16
75 79 43
75 80 20
76 77 40
76 78 75
76 79 76
76 80 49
77 78 48
77 79 32
77 80 71
78 79 76
78 80 58
79 80 57
