90 4005
1 2 7
1 3 26
1 4 47
1 5 73
1 6 68
1 7 6
1 8 37
1 9 78
1 10 77
1 11 89
1 12 42
1 13 81
1 14 32
1 15 19
1 16 14
1 17 82
1 18 8
1 19 42
1 20 46
1 21 70
1 22 16
1 23 86
1 24 21
1 25 72
1 26 88
1 27 45
1 28 9
1 29 8
1 30 23
1 31 33
1 32 64
1 33 49
1 34 30
1 35 42
1 36 46
1 37 37
1 38 87
1 39 71
1 40 83
1 41 31
1 42 40
1 43 44
1 44 11
1 45 34
1 46 41
1 47 55
1 48 23
1 49 40
1 50 72
1 51 30
1 52 46
1 53 45
1 54 17
1 55 47
1 56 13
1 57 82
1 58 40
1 59 7
1 60 38
1 61 65
1 62 22
1 63 71
1 64 26
1 65 75
1 66 64
1 67 54
1 68 63
1 69 88
1 70 66
1 71 61
1 72 63
1 73 6
1 74 22
1 75 45
1 76 19
1 77 37
1 78 53
1 79 16
1 80 32
1 81 88
1 82 80
1 83 57
1 84 29
1 85 73
1 86 40
1 87 55
1 88 49
1 89 1
1 90 37
2 3 64
2 4 36
2 5 29
2 6 39
2 7 30
2 8 83
2 9 87
2 10 29
2 11 59
2 12 28
2 13 48
2 14 47
2 15 69
2 16 48
2 17 85
2 18 32
2 19 48
2 20 5
2 21 84
2 22 60
2 23 84
2 24 10
2 25 59
2 26 22
2 27 44
2 28 20
2 29 42
2 30 33
2 31 20
2 32 71
2 33 60
2 34 22
2 35 17
2 36 32
2 37 32
2 38 46
2 39 38
2 40 47
2 41 5
2 42 89
2 43 50
2 44 7
2 45 14
2 46 8
2 47 13
2 48 0
2 49 87
2 50 11
2 51 2
2 52 40
2 53 83
2 54 40
2 55 70
2 56 36
2 57 26
2 58 50
2 59 74
2 60 70
2 61 28
2 62 83
2 63 20
2 64 71
2 65 28
2 66 42
2 67 76
2 68 41
2 69 3
2 70 78
2 71 79
2 72 20
2 73 45
2 74 43
2 75 10
2 76 58
2 77 59
2 78 10
2 79 69
2 80 83
2 81 89
2 82 26
2 83 4
2 84 8
2 85 38
2 86 8
2 87 12
2 88 64
2 89 38
2 90 20
3 4 29
3 5 7
3 6 60
3 7 57
3 8 78
3 9 37
3 10 30
3 11 67
3 12 6
3 13 6
3 14 40
3 15 59
3 16 8
3 17 30
3 18 70
3 19 64
3 20 68
3 21 34
3 22 26
3 23 33
3 24 3
3 25 81
3 26 5
3 27 89
3 28 86
3 29 35
3 30 57
3 31 55
3 32 81
3 33 68
3 34 42
3 35 27
3 36 46
3 37 84
3 38 84
3 39 74
3 40 21
3 41 22
3 42 49
3 43 71
3 44 56
3 45 82
3 46 45
3 47 73
3 48 58
3 49 51
3 50 40
3 51 45
3 52 18
3 53 75
3 54 66
3 55 42
3 56 6
3 57 35
3 58 21
3 59 69
3 60 27
3 61 7
3 62 47
3 63 5
3 64 35
3 65 36
3 66 28
3 67 75
3 68 60
3 69 69
3 70 36
3 71 21
3 72 50
3 73 86
3 74 33
3 75 35
3 76 42
3 77 16
3 78 88
3 79 11
3 80 18
3 81 52
3 82 12
3 83 7
3 84 7
3 85 67
3 86 49
3 87 29
3 88 7
3 89 26
3 90 59
4 5 39
4 6 59
4 7 84
4 8 8
4 9 76
4 10 2
4 11 55
4 12 6
4 13 52
4 14 63
4 15 74
4 16 80
4 17 79
4 18 68
4 19 40
4 20 26
4 21 19
4 22 1
4 23 59
4 24 81
4 25 53
4 26 22
4 27 3
4 28 79
4 29 79
4 30 69
4 31 42
4 32 75
4 33 62
4 34 5
4 35 56
4 36 11
4 37 64
4 38 12
4 39 66
4 40 38
4 41 43
4 42 45
4 43 28
4 44 60
4 45 4
4 46 28
4 47 56
4 48 71
4 49 72
4 50 29
4 51 15
4 52 64
4 53 52
4 54 65
4 55 56
4 56 17
4 57 72
4 58 74
4 59 26
4 60 32
4 61 25
4 62 42
4 63 14
4 64 85
4 65 45
4 66 64
4 67 50
4 68 40
4 69 81
4 70 62
4 71 34
4 72 80
4 73 39
4 74 31
4 75 67
4 76 55
4 77 12
4 78 43
4 79 65
4 80 79
4 81 10
4 82 59
4 83 13
4 84 52
4 85 58
4 86 32
4 87 56
4 88 31
4 89 13
4 90 18
5 6 5
5 7 78
5 8 50
5 9 86
5 10 55
5 11 3
5 12 2
5 13 0
5 14 0
5 15 9
5 16 77
5 17 77
5 18 17
5 19 86
5 20 52
5 21 8
5 22 79
5 23 38
5 24 44
5 25 83
5 26 81
5 27 32
5 28 18
5 29 31
5 30 87
5 31 71
5 32 79
5 33 47
5 34 2
5 35 69
5 36 26
5 37 71
5 38 46
5 39 32
5 40 65
5 41 30
5 42 19
5 43 32
5 44 3
5 45 67
5 46 21
5 47 14
5 48 38
5 49 69
5 50 87
5 51 1
5 52 11
5 53 48
5 54 56
5 55 40
5 56 61
5 57 75
5 58 22
5 59 31
5 60 47
5 61 11
5 62 75
5 63 3
5 64 83
5 65 23
5 66 7
5 67 32
5 68 61
5 69 2
5 70 89
5 71 46
5 72 20
5 73 59
5 74 86
5 75 51
5 76 66
5 77 31
5 78 27
5 79 81
5 80 20
5 81 10
5 82 44
5 83 86
5 84 84
5 85 59
5 86 54
5 87 61
5 88 35
5 89 80
5 90 77
6 7 39
6 8 82
6 9 55
6 10 7
6 11 16
6 12 24
6 13 84
6 14 7
6 15 44
6 16 61
6 17 25
6 18 83
6 19 47
6 20 43
6 21 85
6 22 36
6 23 33
6 24 45
6 25 30
6 26 12
6 27 41
6 28 3
6 29 21
6 30 78
6 31 55
6 32 39
6 33 68
6 34 74
6 35 87
6 36 73
6 37 13
6 38 32
6 39 41
6 40 78
6 41 29
6 42 47
6 43 37
6 44 5
6 45 81
6 46 44
6 47 48
6 48 58
6 49 78
6 50 26
6 51 58
6 52 28
6 53 48
6 54 79
6 55 4
6 56 62
6 57 62
6 58 37
6 59 19
6 60 14
6 61 27
6 62 25
6 63 30
6 64 64
6 65 57
6 66 67
6 67 23
6 68 70
6 69 89
6 70 23
6 71 73
6 72 55
6 73 81
6 74 80
6 75 71
6 76 4
6 77 60
6 78 24
6 79 40
6 80 84
6 81 56
6 82 41
6 83 53
6 84 3
6 85 5
6 86 35
6 87 63
6 88 61
6 89 55
6 90 20
7 8 69
7 9 84
7 10 46
7 11 85
7 12 50
7 13 48
7 14 68
7 15 30
7 16 58
7 17 16
7 18 27
7 19 81
7 20 13
7 21 25
7 22 29
7 23 20
7 24 7
7 25 19
7 26 22
7 27 48
7 28 3
7 29 86
7 30 32
7 31 43
7 32 45
7 33 51
7 34 62
7 35 66
7 36 7
7 37 53
7 38 53
7 39 63
7 40 26
7 41 15
7 42 71
7 43 32
7 44 41
7 45 38
7 46 52
7 47 6
7 48 19
7 49 32
7 50 1
7 51 72
7 52 16
7 53 39
7 54 31
7 55 68
7 56 45
7 57 48
7 58 89
7 59 27
7 60 65
7 61 42
7 62 70
7 63 41
7 64 79
7 65 54
7 66 43
7 67 76
7 68 32
7 69 81
7 70 15
7 71 73
7 72 70
7 73 3
7 74 88
7 75 78
7 76 4
7 77 77
7 78 79
7 79 49
7 80 88
7 81 49
7 82 27
7 83 87
7 84 80
7 85 37
7 86 15
7 87 83
7 88 13
7 89 48
7 90 71
8 9 33
8 10 61
8 11 25
8 12 57
8 13 59
8 14 46
8 15 16
8 16 67
8 17 53
8 18 23
8 19 80
8 20 11
8 21 11
8 22 79
8 23 68
8 24 13
8 25 13
8 26 82
8 27 57
8 28 53
8 29 62
8 30 78
8 31 29
8 32 85
8 33 72
8 34 70
8 35 18
8 36 8
8 37 63
8 38 88
8 39 10
8 40 15
8 41 88
8 42 59
8 43 74
8 44 69
8 45 62
8 46 34
8 47 57
8 48 1
8 49 60
8 50 44
8 51 44
8 52 34
8 53 49
8 54 45
8 55 68
8 56 11
8 57 58
8 58 85
8 59 8
8 60 71
8 61 72
8 62 53
8 63 89
8 64 52
8 65 23
8 66 59
8 67 33
8 68 10
8 69 85
8 70 71
8 71 58
8 72 61
8 73 34
8 74 73
8 75 25
8 76 48
8 77 62
8 78 36
8 79 10
8 80 54
8 81 24
8 82 9
8 83 18
8 84 0
8 85 3
8 86 3
8 87 10
8 88 1
8 89 13
8 90 57
9 10 81
9 11 68
9 12 61
9 13 5
9 14 72
9 15 62
9 16 72
9 17 4
9 18 38
9 19 6
9 20 81
9 21 88
9 22 4
9 23 52
9 24 78
9 25 84
9 26 80
9 27 23
9 28 45
9 29 43
9 30 0
9 31 36
9 32 32
9 33 45
9 34 28
9 35 31
9 36 49
9 37 46
9 38 79
9 39 18
9 40 37
9 41 32
9 42 49
9 43 85
9 44 60
9 45 76
9 46 80
9 47 51
9 48 25
9 49 18
9 50 15
9 51 89
9 52 76
9 53 3
9 54 23
9 55 85
9 56 70
9 57 85
9 58 29
9 59 61
9 60 41
9 61 60
9 62 46
9 63 5
9 64 60
9 65 84
9 66 54
9 67 74
9 68 54
9 69 87
9 70 33
9 71 22
9 72 46
9 73 31
9 74 84
9 75 14
9 76 66
9 77 5
9 78 34
9 79 72
9 80 29
9 81 20
9 82 73
9 83 42
9 84 10
9 85 49
9 86 32
9 87 38
9 88 18
9 89 79
9 90 55
10 11 74
10 12 21
10 13 13
10 14 81
10 15 75
10 16 2
10 17 53
10 18 56
10 19 59
10 20 1
10 21 67
10 22 33
10 23 26
10 24 0
10 25 88
10 26 65
10 27 29
10 28 85
10 29 49
10 30 45
10 31 83
10 32 41
10 33 84
10 34 36
10 35 84
10 36 59
10 37 28
10 38 31
10 39 20
10 40 27
10 41 33
10 42 18
10 43 32
10 44 77
10 45 78
10 46 67
10 47 84
10 48 12
10 49 13
10 50 28
10 51 38
10 52 35
10 53 73
10 54 72
10 55 26
10 56 10
10 57 62
10 58 78
10 59 0
10 60 37
10 61 15
10 62 70
10 63 47
10 64 88
10 65 58
10 66 65
10 67 45
10 68 51
10 69 34
10 70 7
10 71 30
10 72 65
10 73 35
10 74 35
10 75 67
10 76 67
10 77 65
10 78 40
10 79 66
10 80 78
10 81 61
10 82 38
10 83 60
10 84 42
10 85 35
10 86 58
10 87 77
10 88 53
10 89 32
10 90 77
11 12 45
11 13 72
11 14 39
11 15 86
11 16 88
11 17 54
11 18 25
11 19 70
11 20 1
11 21 43
11 22 19
11 23 57
11 24 58
11 25 18
11 26 87
11 27 30
11 28 51
11 29 89
11 30 61
11 31 79
11 32 71
11 33 18
11 34 42
11 35 70
11 36 74
11 37 49
11 38 22
11 39 85
11 40 27
11 41 2
11 42 74
11 43 34
11 44 88
11 45 22
11 46 86
11 47 69
11 48 44
11 49 35
11 50 1
11 51 51
11 52 49
11 53 13
11 54 13
11 55 26
11 56 82
11 57 27
11 58 86
11 59 0
11 60 59
11 61 56
11 62 21
11 63 26
11 64 75
11 65 15
11 66 29
11 67 60
11 68 57
11 69 60
11 70 76
11 71 2
11 72 24
11 73 35
11 74 58
11 75 89
11 76 3
11 77 79
11 78 83
11 79 77
11 80 11
11 81 48
11 82 83
11 83 83
11 84 61
11 85 4
11 86 63
11 87 25
11 88 30
11 89 5
11 90 46
12 13 45
12 14 30
12 15 77
12 16 80
12 17 69
12 18 57
12 19 83
12 20 64
12 21 48
12 22 17
12 23 54
12 24 26
12 25 45
12 26 26
12 27 71
12 28 59
12 29 25
12 30 69
12 31 89
12 32 35
12 33 63
12 34 46
12 35 36
12 36 41
12 37 41
12 38 6
12 39 25
12 40 10
12 41 28
12 42 77
12 43 1
12 44 20
12 45 3
12 46 59
12 47 44
12 48 25
12 49 23
12 50 57
12 51 26
12 52 52
12 53 89
12 54 43
12 55 73
12 56 8
12 57 31
12 58 28
12 59 80
12 60 3
12 61 57
12 62 1
12 63 30
12 64 18
12 65 83
12 66 48
12 67 80
12 68 63
12 69 21
12 70 1
12 71 47
12 72 50
12 73 32
12 74 85
12 75 45
12 76 29
12 77 59
12 78 66
12 79 85
12 80 75
12 81 18
12 82 27
12 83 77
12 84 52
12 85 63
12 86 47
12 87 43
12 88 22
12 89 51
12 90 15
13 14 74
13 15 59
13 16 88
13 17 53
13 18 18
13 19 48
13 20 18
13 21 58
13 22 8
13 23 72
13 24 44
13 25 33
13 26 13
13 27 9
13 28 74
13 29 78
13 30 15
13 31 15
13 32 67
13 33 77
13 34 21
13 35 32
13 36 18
13 37 23
13 38 21
13 39 5
13 40 30
13 41 19
13 42 60
13 43 31
13 44 46
13 45 55
13 46 73
13 47 13
13 48 36
13 49 81
13 50 50
13 51 43
13 52 45
13 53 82
13 54 1
13 55 48
13 56 88
13 57 67
13 58 82
13 59 81
13 60 61
13 61 13
13 62 44
13 63 3
13 64 79
13 65 34
13 66 48
13 67 45
13 68 81
13 69 41
13 70 57
13 71 70
13 72 6
13 73 30
13 74 66
13 75 53
13 76 29
13 77 86
13 78 62
13 79 26
13 80 40
13 81 63
13 82 71
13 83 53
13 84 32
13 85 28
13 86 64
13 87 38
13 88 88
13 89 30
13 90 59
14 15 79
14 16 29
14 17 35
14 18 54
14 19 73
14 20 74
14 21 5
14 22 56
14 23 50
14 24 68
14 25 82
14 26 15
14 27 25
14 28 34
14 29 82
14 30 9
14 31 50
14 32 72
14 33 43
14 34 14
14 35 39
14 36 55
14 37 77
14 38 11
14 39 32
14 40 57
14 41 39
14 42 30
14 43 80
14 44 6
14 45 1
14 46 48
14 47 78
14 48 61
14 49 77
14 50 19
14 51 40
14 52 0
14 53 53
14 54 11
14 55 6
14 56 54
14 57 54
14 58 67
14 59 34
14 60 46
14 61 44
14 62 48
14 63 11
14 64 9
14 65 8
14 66 13
14 67 56
14 68 31
14 69 9
14 70 89
14 71 40
14 72 24
14 73 18
14 74 16
14 75 84
14 76 55
14 77 68
14 78 84
14 79 16
14 80 74
14 81 74
14 82 82
14 83 77
14 84 65
14 85 62
14 86 72
14 87 27
14 88 23
14 89 74
14 90 82
15 16 75
15 17 80
15 18 65
15 19 86
15 20 14
15 21 69
15 22 73
15 23 30
15 24 8
15 25 61
15 26 48
15 27 51
15 28 53
15 29 10
15 30 57
15 31 86
15 32 81
15 33 21
15 34 14
15 35 45
15 36 68
15 37 72
15 38 6
15 39 71
15 40 38
15 41 84
15 42 59
15 43 15
15 44 80
15 45 23
15 46 87
15 47 73
15 48 15
15 49 81
15 50 71
15 51 7
15 52 44
15 53 81
15 54 9
15 55 43
15 56 82
15 57 9
15 58 5
15 59 51
15 60 30
15 61 19
15 62 86
15 63 75
15 64 18
15 65 53
15 66 18
15 67 77
15 68 50
15 69 4
15 70 54
15 71 9
15 72 23
15 73 39
15 74 58
15 75 7
15 76 57
15 77 42
15 78 66
15 79 0
15 80 0
15 81 23
15 82 84
15 83 57
15 84 48
15 85 32
15 86 82
15 87 85
15 88 74
15 89 32
15 90 43
16 17 38
16 18 2
16 19 88
16 20 25
16 21 49
16 22 6
16 23 25
16 24 30
16 25 9
16 26 84
16 27 70
16 28 67
16 29 10
16 30 79
16 31 53
16 32 45
16 33 46
16 34 42
16 35 37
16 36 77
16 37 66
16 38 79
16 39 30
16 40 24
16 41 12
16 42 26
16 43 54
16 44 3
16 45 78
16 46 8
16 47 38
16 48 49
16 49 4
16 50 55
16 51 62
16 52 32
16 53 19
16 54 44
16 55 78
16 56 9
16 57 34
16 58 29
16 59 86
16 60 48
16 61 32
16 62 83
16 63 13
16 64 84
16 65 64
16 66 13
16 67 20
16 68 61
16 69 72
16 70 62
16 71 39
16 72 60
16 73 50
16 74 43
16 75 1
16 76 8
16 77 31
16 78 34
16 79 22
16 80 15
16 81 64
16 82 68
16 83 42
16 84 57
16 85 64
16 86 10
16 87 71
16 88 9
16 89 76
16 90 2
17 18 85
17 19 1
17 20 22
17 21 87
17 22 80
17 23 20
17 24 39
17 25 57
17 26 30
17 27 25
17 28 79
17 29 47
17 30 66
17 31 88
17 32 86
17 33 67
17 34 87
17 35 54
17 36 82
17 37 29
17 38 20
17 39 72
17 40 79
17 41 84
17 42 61
17 43 85
17 44 20
17 45 25
17 46 39
17 47 72
17 48 1
17 49 18
17 50 11
17 51 26
17 52 84
17 53 23
17 54 45
17 55 72
17 56 59
17 57 72
17 58 31
17 59 83
17 60 37
17 61 26
17 62 78
17 63 1
17 64 75
17 65 73
17 66 23
17 67 40
17 68 61
17 69 23
17 70 71
17 71 29
17 72 47
17 73 48
17 74 76
17 75 24
17 76 14
17 77 20
17 78 37
17 79 0
17 80 50
17 81 59
17 82 29
17 83 10
17 84 37
17 85 88
17 86 30
17 87 5
17 88 69
17 89 80
17 90 38
18 19 56
18 20 16
18 21 31
18 22 63
18 23 9
18 24 29
18 25 28
18 26 88
18 27 16
18 28 25
18 29 50
18 30 46
18 31 83
18 32 73
18 33 84
18 34 40
18 35 82
18 36 89
18 37 14
18 38 78
18 39 25
18 40 18
18 41 40
18 42 51
18 43 33
18 44 87
18 45 33
18 46 86
18 47 51
18 48 72
18 49 7
18 50 39
18 51 5
18 52 57
18 53 73
18 54 70
18 55 77
18 56 55
18 57 7
18 58 77
18 59 23
18 60 58
18 61 87
18 62 49
18 63 3
18 64 14
18 65 42
18 66 34
18 67 85
18 68 41
18 69 3
18 70 15
18 71 60
18 72 61
18 73 61
18 74 41
18 75 8
18 76 58
18 77 49
18 78 71
18 79 36
18 80 68
18 81 86
18 82 71
18 83 3
18 84 27
18 85 15
18 86 88
18 87 46
18 88 67
18 89 77
18 90 5
19 20 79
19 21 71
19 22 75
19 23 53
19 24 2
19 25 31
19 26 89
19 27 61
19 28 65
19 29 55
19 30 13
19 31 59
19 32 65
19 33 36
19 34 50
19 35 88
19 36 42
19 37 30
19 38 39
19 39 4
19 40 45
19 41 54
19 42 24
19 43 30
19 44 86
19 45 33
19 46 88
19 47 11
19 48 58
19 49 23
19 50 31
19 51 64
19 52 23
19 53 23
19 54 64
19 55 88
19 56 86
19 57 71
19 58 82
19 59 10
19 60 85
19 61 66
19 62 30
19 63 72
19 64 50
19 65 72
19 66 7
19 67 89
19 68 44
19 69 18
19 70 35
19 71 77
19 72 49
19 73 85
19 74 89
19 75 77
19 76 45
19 77 12
19 78 61
19 79 40
19 80 7
19 81 65
19 82 31
19 83 18
19 84 69
19 85 83
19 86 44
19 87 35
19 88 33
19 89 9
19 90 7
20 21 30
20 22 72
20 23 35
20 24 45
20 25 61
20 26 60
20 27 77
20 28 45
20 29 68
20 30 18
20 31 17
20 32 63
20 33 53
20 34 70
20 35 22
20 36 59
20 37 7
20 38 27
20 39 89
20 40 81
20 41 80
20 42 65
20 43 20
20 44 77
20 45 14
20 46 6
20 47 70
20 48 54
20 49 10
20 50 60
20 51 35
20 52 21
20 53 6
20 54 26
20 55 63
20 56 34
20 57 39
20 58 15
20 59 59
20 60 88
20 61 69
20 62 51
20 63 16
20 64 45
20 65 77
20 66 62
20 67 15
20 68 31
20 69 72
20 70 32
20 71 30
20 72 33
20 73 38
20 74 15
20 75 65
20 76 41
20 77 63
20 78 34
20 79 74
20 80 81
20 81 36
20 82 56
20 83 24
20 84 81
20 85 45
20 86 39
20 87 28
20 88 10
20 89 29
20 90 83
21 22 15
21 23 61
21 24 65
21 25 38
21 26 64
21 27 36
21 28 8
21 29 9
21 30 70
21 31 24
21 32 10
21 33 21
21 34 40
21 35 13
21 36 29
21 37 17
21 38 63
21 39 67
21 40 72
21 41 14
21 42 49
21 43 78
21 44 16
21 45 63
21 46 25
21 47 0
21 48 38
21 49 82
21 50 46
21 51 52
21 52 33
21 53 30
21 54 34
21 55 23
21 56 50
21 57 19
21 58 19
21 59 15
21 60 86
21 61 37
21 62 81
21 63 89
21 64 60
21 65 61
21 66 57
21 67 11
21 68 42
21 69 46
21 70 58
21 71 41
21 72 72
21 73 68
21 74 30
21 75 62
21 76 67
21 77 30
21 78 42
21 79 75
21 80 34
21 81 56
21 82 20
21 83 60
21 84 46
21 85 28
21 86 27
21 87 15
21 88 2
21 89 60
21 90 61
22 23 77
22 24 75
22 25 21
22 26 43
22 27 50
22 28 60
22 29 36
22 30 45
22 31 54
22 32 74
22 33 64
22 34 40
22 35 14
22 36 68
22 37 28
22 38 84
22 39 77
22 40 24
22 41 74
22 42 74
22 43 19
22 44 55
22 45 50
22 46 34
22 47 32
22 48 33
22 49 7
22 50 49
22 51 82
22 52 88
22 53 64
22 54 81
22 55 87
22 56 82
22 57 20
22 58 29
22 59 28
22 60 10
22 61 1
22 62 19
22 63 24
22 64 31
22 65 75
22 66 58
22 67 40
22 68 14
22 69 80
22 70 5
22 71 26
22 72 17
22 73 29
22 74 70
22 75 36
22 76 67
22 77 8
22 78 58
22 79 57
22 80 41
22 81 0
22 82 80
22 83 60
22 84 88
22 85 43
22 86 59
22 87 80
22 88 86
22 89 12
22 90 33
23 24 21
23 25 17
23 26 8
23 27 17
23 28 75
23 29 86
23 30 44
23 31 78
23 32 11
23 33 68
23 34 25
23 35 48
23 36 3
23 37 21
23 38 36
23 39 64
23 40 72
23 41 6
23 42 58
23 43 69
23 44 51
23 45 68
23 46 1
23 47 68
23 48 60
23 49 34
23 50 44
23 51 49
23 52 82
23 53 64
23 54 52
23 55 59
23 56 62
23 57 36
23 58 72
23 59 67
23 60 39
23 61 24
23 62 31
23 63 61
23 64 65
23 65 26
23 66 40
23 67 76
23 68 89
23 69 66
23 70 25
23 71 44
23 72 72
23 73 38
23 74 79
23 75 32
23 76 72
23 77 54
23 78 24
23 79 66
23 80 32
23 81 72
23 82 15
23 83 43
23 84 67
23 85 37
23 86 72
23 87 48
23 88 5
23 89 82
23 90 26
24 25 77
24 26 56
24 27 77
24 28 61
24 29 0
24 30 1
24 31 24
24 32 1
24 33 27
24 34 60
24 35 46
24 36 12
24 37 53
24 38 13
24 39 66
24 40 63
24 41 65
24 42 63
24 43 37
24 44 32
24 45 65
24 46 57
24 47 50
24 48 77
24 49 86
24 50 28
24 51 82
24 52 34
24 53 24
24 54 37
24 55 40
24 56 85
24 57 49
24 58 65
24 59 70
24 60 17
24 61 58
24 62 50
24 63 13
24 64 70
24 65 47
24 66 10
24 67 37
24 68 43
24 69 52
24 70 55
24 71 39
24 72 19
24 73 65
24 74 15
24 75 52
24 76 33
24 77 7
24 78 40
24 79 63
24 80 5
24 81 86
24 82 29
24 83 46
24 84 85
24 85 85
24 86 23
24 87 29
24 88 31
24 89 43
24 90 72
25 26 44
25 27 40
25 28 76
25 29 75
25 30 12
25 31 13
25 32 38
25 33 81
25 34 56
25 35 86
25 36 32
25 37 48
25 38 4
25 39 15
25 40 38
25 41 59
25 42 55
25 43 72
25 44 51
25 45 62
25 46 81
25 47 1
25 48 67
25 49 49
25 50 53
25 51 52
25 52 18
25 53 81
25 54 0
25 55 27
25 56 37
25 57 21
25 58 62
25 59 56
25 60 43
25 61 50
25 62 54
25 63 3
25 64 27
25 65 44
25 66 59
25 67 34
25 68 50
25 69 67
25 70 19
25 71 56
25 72 3
25 73 31
25 74 88
25 75 1
25 76 76
25 77 67
25 78 29
25 79 47
25 80 32
25 81 34
25 82 17
25 83 24
25 84 36
25 85 63
25 86 2
25 87 5
25 88 43
25 89 89
25 90 60
26 27 9
26 28 51
26 29 52
26 30 65
26 31 20
26 32 39
26 33 25
26 34 13
26 35 26
26 36 37
26 37 15
26 38 44
26 39 43
26 40 2
26 41 17
26 42 32
26 43 33
26 44 5
26 45 5
26 46 4
26 47 33
26 48 24
26 49 26
26 50 73
26 51 44
26 52 0
26 53 23
26 54 22
26 55 77
26 56 33
26 57 29
26 58 85
26 59 73
26 60 55
26 61 60
26 62 28
26 63 26
26 64 74
26 65 18
26 66 35
26 67 24
26 68 81
26 69 48
26 70 55
26 71 41
26 72 41
26 73 48
26 74 29
26 75 84
26 76 55
26 77 43
26 78 89
26 79 64
26 80 82
26 81 54
26 82 63
26 83 70
26 84 74
26 85 20
26 86 47
26 87 54
26 88 0
26 89 13
26 90 9
27 28 70
27 29 23
27 30 66
27 31 6
27 32 9
27 33 72
27 34 54
27 35 44
27 36 5
27 37 39
27 38 79
27 39 75
27 40 68
27 41 82
27 42 72
27 43 53
27 44 11
27 45 0
27 46 22
27 47 50
27 48 64
27 49 61
27 50 12
27 51 46
27 52 78
27 53 2
27 54 63
27 55 75
27 56 66
27 57 45
27 58 39
27 59 6
27 60 67
27 61 87
27 62 56
27 63 23
27 64 66
27 65 63
27 66 5
27 67 9
27 68 13
27 69 11
27 70 87
27 71 33
27 72 27
27 73 40
27 74 0
27 75 70
27 76 26
27 77 32
27 78 25
27 79 71
27 80 4
27 81 56
27 82 69
27 83 6
27 84 81
27 85 20
27 86 33
27 87 30
27 88 85
27 89 75
27 90 54
28 29 14
28 30 45
28 31 20
28 32 87
28 33 67
28 34 27
28 35 59
28 36 62
28 37 72
28 38 4
28 39 29
28 40 34
28 41 82
28 42 76
28 43 6
28 44 64
28 45 7
28 46 45
28 47 76
28 48 47
28 49 9
28 50 60
28 51 43
28 52 76
28 53 73
28 54 85
28 55 85
28 56 68
28 57 8
28 58 9
28 59 71
28 60 58
28 61 80
28 62 83
28 63 76
28 64 37
28 65 72
28 66 12
28 67 82
28 68 28
28 69 75
28 70 85
28 71 21
28 72 46
28 73 6
28 74 52
28 75 77
28 76 33
28 77 75
28 78 64
28 79 71
28 80 29
28 81 10
28 82 57
28 83 15
28 84 34
28 85 32
28 86 18
28 87 2
28 88 24
28 89 78
28 90 35
29 30 70
29 31 28
29 32 53
29 33 62
29 34 34
29 35 71
29 36 27
29 37 78
29 38 43
29 39 59
29 40 75
29 41 33
29 42 34
29 43 87
29 44 54
29 45 57
29 46 68
29 47 16
29 48 19
29 49 28
29 50 54
29 51 46
29 52 69
29 53 53
29 54 8
29 55 47
29 56 55
29 57 64
29 58 59
29 59 7
29 60 15
29 61 19
29 62 32
29 63 68
29 64 78
29 65 83
29 66 20
29 67 2
29 68 40
29 69 36
29 70 83
29 71 36
29 72 17
29 73 39
29 74 84
29 75 2
29 76 89
29 77 14
29 78 23
29 79 30
29 80 75
29 81 37
29 82 11
29 83 52
29 84 81
29 85 5
29 86 65
29 87 53
29 88 14
29 89 65
29 90 57
30 31 72
30 32 81
30 33 83
30 34 53
30 35 3
30 36 34
30 37 7
30 38 68
30 39 36
30 40 84
30 41 65
30 42 59
30 43 26
30 44 53
30 45 32
30 46 27
30 47 75
30 48 65
30 49 49
30 50 86
30 51 5
30 52 86
30 53 67
30 54 54
30 55 8
30 56 78
30 57 8
30 58 76
30 59 81
30 60 80
30 61 79
30 62 82
30 63 54
30 64 74
30 65 24
30 66 47
30 67 32
30 68 31
30 69 78
30 70 16
30 71 39
30 72 61
30 73 63
30 74 7
30 75 31
30 76 4
30 77 80
30 78 34
30 79 13
30 80 61
30 81 73
30 82 64
30 83 80
30 84 28
30 85 56
30 86 32
30 87 3
30 88 12
30 89 18
30 90 33
31 32 25
31 33 54
31 34 52
31 35 11
31 36 20
31 37 84
31 38 5
31 39 4
31 40 22
31 41 31
31 42 46
31 43 86
31 44 65
31 45 72
31 46 73
31 47 26
31 48 66
31 49 39
31 50 56
31 51 15
31 52 72
31 53 69
31 54 40
31 55 28
31 56 3
31 57 0
31 58 44
31 59 47
31 60 39
31 61 53
31 62 1
31 63 80
31 64 57
31 65 75
31 66 54
31 67 57
31 68 31
31 69 18
31 70 62
31 71 4
31 72 18
31 73 35
31 74 70
31 75 1
31 76 48
31 77 41
31 78 44
31 79 12
31 80 78
31 81 72
31 82 35
31 83 39
31 84 65
31 85 37
31 86 59
31 87 39
31 88 4
31 89 72
31 90 69
32 33 70
32 34 31
32 35 33
32 36 84
32 37 33
32 38 59
32 39 10
32 40 47
32 41 15
32 42 28
32 43 51
32 44 70
32 45 85
32 46 27
32 47 13
32 48 28
32 49 13
32 50 71
32 51 74
32 52 68
32 53 35
32 54 47
32 55 50
32 56 52
32 57 54
32 58 19
32 59 50
32 60 88
32 61 22
32 62 25
32 63 70
32 64 21
32 65 72
32 66 18
32 67 86
32 68 80
32 69 74
32 70 27
32 71 23
32 72 74
32 73 38
32 74 85
32 75 12
32 76 2
32 77 11
32 78 64
32 79 18
32 80 12
32 81 3
32 82 12
32 83 80
32 84 56
32 85 74
32 86 84
32 87 61
32 88 70
32 89 51
32 90 5
33 34 38
33 35 3
33 36 40
33 37 48
33 38 84
33 39 9
33 40 47
33 41 58
33 42 47
33 43 88
33 44 73
33 45 20
33 46 70
33 47 36
33 48 46
33 49 5
33 50 20
33 51 21
33 52 45
33 53 4
33 54 82
33 55 26
33 56 2
33 57 36
33 58 48
33 59 73
33 60 28
33 61 39
33 62 79
33 63 22
33 64 29
33 65 45
33 66 43
33 67 59
33 68 48
33 69 60
33 70 8
33 71 62
33 72 86
33 73 26
33 74 60
33 75 64
33 76 24
33 77 53
33 78 42
33 79 10
33 80 59
33 81 30
33 82 66
33 83 38
33 84 67
33 85 69
33 86 15
33 87 35
33 88 58
33 89 32
33 90 73
34 35 66
34 36 21
34 37 87
34 38 72
34 39 2
34 40 84
34 41 61
34 42 15
34 43 76
34 44 82
34 45 80
34 46 19
34 47 43
34 48 56
34 49 14
34 50 16
34 51 27
34 52 88
34 53 78
34 54 23
34 55 58
34 56 36
34 57 71
34 58 52
34 59 86
34 60 79
34 61 25
34 62 16
34 63 47
34 64 19
34 65 84
34 66 66
34 67 86
34 68 42
34 69 76
34 70 74
34 71 49
34 72 29
34 73 56
34 74 22
34 75 20
34 76 11
34 77 36
34 78 53
34 79 76
34 80 8
34 81 44
34 82 9
34 83 15
34 84 39
34 85 10
34 86 58
34 87 61
34 88 34
34 89 78
34 90 22
35 36 48
35 37 44
35 38 32
35 39 50
35 40 56
35 41 15
35 42 58
35 43 41
35 44 35
35 45 23
35 46 20
35 47 79
35 48 15
35 49 11
35 50 87
35 51 43
35 52 21
35 53 60
35 54 59
35 55 34
35 56 11
35 57 24
35 58 80
35 59 3
35 60 13
35 61 48
35 62 77
35 63 25
35 64 21
35 65 37
35 66 65
35 67 28
35 68 71
35 69 19
35 70 3
35 71 56
35 72 74
35 73 41
35 74 87
35 75 38
35 76 37
35 77 81
35 78 64
35 79 78
35 80 83
35 81 5
35 82 16
35 83 8
35 84 22
35 85 72
35 86 2
35 87 0
35 88 11
35 89 33
35 90 73
36 37 51
36 38 18
36 39 38
36 40 39
36 41 89
36 42 8
36 43 7
36 44 26
36 45 55
36 46 27
36 47 51
36 48 62
36 49 7
36 50 84
36 51 11
36 52 42
36 53 34
36 54 18
36 55 38
36 56 70
36 57 68
36 58 46
36 59 83
36 60 41
36 61 33
36 62 4
36 63 60
36 64 74
36 65 32
36 66 19
36 67 49
36 68 55
36 69 89
36 70 76
36 71 77
36 72 34
36 73 10
36 74 7
36 75 5
36 76 19
36 77 38
36 78 37
36 79 17
36 80 31
36 81 19
36 82 6
36 83 21
36 84 50
36 85 72
36 86 2
36 87 75
36 88 10
36 89 56
36 90 34
37 38 85
37 39 35
37 40 57
37 41 9
37 42 50
37 43 71
37 44 45
37 45 38
37 46 9
37 47 69
37 48 36
37 49 3
37 50 53
37 51 17
37 52 44
37 53 77
37 54 60
37 55 43
37 56 85
37 57 86
37 58 69
37 59 17
37 60 25
37 61 74
37 62 14
37 63 10
37 64 23
37 65 18
37 66 43
37 67 67
37 68 16
37 69 74
37 70 87
37 71 76
37 72 71
37 73 40
37 74 2
37 75 31
37 76 89
37 77 89
37 78 51
37 79 74
37 80 45
37 81 74
37 82 5
37 83 89
37 84 40
37 85 30
37 86 18
37 87 38
37 88 0
37 89 87
37 90 61
38 39 37
38 40 8
38 41 53
38 42 59
38 43 73
38 44 21
38 45 60
38 46 53
38 47 19
38 48 86
38 49 81
38 50 62
38 51 28
38 52 72
38 53 39
38 54 61
38 55 50
38 56 76
38 57 49
38 58 67
38 59 78
38 60 7
38 61 41
38 62 14
38 63 85
38 64 40
38 65 83
38 66 46
38 67 15
38 68 21
38 69 40
38 70 72
38 71 15
38 72 30
38 73 42
38 74 27
38 75 48
38 76 13
38 77 63
38 78 40
38 79 10
38 80 23
38 81 35
38 82 62
38 83 19
38 84 49
38 85 4
38 86 86
38 87 29
38 88 13
38 89 27
38 90 67
39 40 81
39 41 76
39 42 65
39 43 46
39 44 29
39 45 39
39 46 22
39 47 26
39 48 34
39 49 19
39 50 53
39 51 58
39 52 62
39 53 74
39 54 51
39 55 31
39 56 61
39 57 82
39 58 47
39 59 54
39 60 77
39 61 23
39 62 85
39 63 18
39 64 2
39 65 18
39 66 35
39 67 36
39 68 10
39 69 56
39 70 2
39 71 48
39 72 37
39 73 58
39 74 30
39 75 20
39 76 20
39 77 68
39 78 20
39 79 18
39 80 85
39 81 41
39 82 17
39 83 51
39 84 57
39 85 79
39 86 12
39 87 14
39 88 76
39 89 67
39 90 34
40 41 26
40 42 8
40 43 9
40 44 56
40 45 63
40 46 25
40 47 60
40 48 52
40 49 39
40 50 29
40 51 54
40 52 78
40 53 38
40 54 45
40 55 23
40 56 38
40 57 23
40 58 40
40 59 76
40 60 27
40 61 65
40 62 41
40 63 84
40 64 73
40 65 3
40 66 1
40 67 14
40 68 26
40 69 70
40 70 81
40 71 25
40 72 22
40 73 30
40 74 74
40 75 61
40 76 64
40 77 53
40 78 73
40 79 39
40 80 86
40 81 63
40 82 78
40 83 8
40 84 16
40 85 5
40 86 76
40 87 82
40 88 83
40 89 73
40 90 30
41 42 10
41 43 55
41 44 88
41 45 31
41 46 70
41 47 45
41 48 44
41 49 34
41 50 62
41 51 31
41 52 68
41 53 0
41 54 69
41 55 57
41 56 30
41 57 30
41 58 47
41 59 38
41 60 50
41 61 33
41 62 53
41 63 74
41 64 63
41 65 85
41 66 25
41 67 47
41 68 38
41 69 43
41 70 62
41 71 72
41 72 12
41 73 7
41 74 25
41 75 19
41 76 16
41 77 75
41 78 86
41 79 34
41 80 31
41 81 75
41 82 75
41 83 38
41 84 0
41 85 83
41 86 49
41 87 20
41 88 28
41 89 66
41 90 55
42 43 53
42 44 36
42 45 57
42 46 8
42 47 41
42 48 50
42 49 46
42 50 46
42 51 76
42 52 73
42 53 12
42 54 31
42 55 8
42 56 71
42 57 32
42 58 86
42 59 34
42 60 80
42 61 11
42 62 79
42 63 40
42 64 51
42 65 61
42 66 31
42 67 49
42 68 3
42 69 2
42 70 1
42 71 50
42 72 23
42 73 38
42 74 14
42 75 14
42 76 28
42 77 78
42 78 72
42 79 73
42 80 35
42 81 74
42 82 50
42 83 16
42 84 39
42 85 44
42 86 56
42 87 12
42 88 47
42 89 20
42 90 70
43 44 50
43 45 38
43 46 53
43 47 17
43 48 87
43 49 71
43 50 37
43 51 31
43 52 50
43 53 85
43 54 41
43 55 64
43 56 48
43 57 78
43 58 86
43 59 68
43 60 55
43 61 23
43 62 87
43 63 63
43 64 73
43 65 72
43 66 4
43 67 87
43 68 58
43 69 34
43 70 65
43 71 82
43 72 42
43 73 40
43 74 81
43 75 54
43 76 4
43 77 48
43 78 54
43 79 10
43 80 15
43 81 83
43 82 39
43 83 27
43 84 83
43 85 49
43 86 13
43 87 71
43 88 0
43 89 50
43 90 34
44 45 57
44 46 69
44 47 30
44 48 50
44 49 47
44 50 4
44 51 24
44 52 85
44 53 11
44 54 12
44 55 46
44 56 43
44 57 70
44 58 34
44 59 58
44 60 86
44 61 9
44 62 89
44 63 15
44 64 8
44 65 87
44 66 61
44 67 46
44 68 12
44 69 11
44 70 10
44 71 10
44 72 17
44 73 56
44 74 57
44 75 21
44 76 74
44 77 29
44 78 49
44 79 8
44 80 75
44 81 43
44 82 57
44 83 42
44 84 27
44 85 43
44 86 29
44 87 89
44 88 21
44 89 73
44 90 58
45 46 68
45 47 11
45 48 53
45 49 34
45 50 56
45 51 87
45 52 65
45 53 32
45 54 2
45 55 26
45 56 53
45 57 79
45 58 20
45 59 62
45 60 49
45 61 38
45 62 17
45 63 48
45 64 45
45 65 51
45 66 68
45 67 34
45 68 55
45 69 37
45 70 0
45 71 29
45 72 36
45 73 64
45 74 19
45 75 22
45 76 41
45 77 80
45 78 61
45 79 60
45 80 85
45 81 3
45 82 42
45 83 55
45 84 85
45 85 12
45 86 69
45 87 20
45 88 57
45 89 45
45 90 27
46 47 52
46 48 12
46 49 10
46 50 60
46 51 72
46 52 51
46 53 83
46 54 3
46 55 66
46 56 68
46 57 34
46 58 79
46 59 19
46 60 2
46 61 40
46 62 7
46 63 49
46 64 9
46 65 68
46 66 1
46 67 17
46 68 53
46 69 43
46 70 50
46 71 54
46 72 68
46 73 4
46 74 84
46 75 87
46 76 15
46 77 62
46 78 83
46 79 39
46 80 35
46 81 15
46 82 85
46 83 88
46 84 78
46 85 47
46 86 32
46 87 8
46 88 27
46 89 23
46 90 2
47 48 33
47 49 15
47 50 72
47 51 34
47 52 73
47 53 58
47 54 38
47 55 81
47 56 55
47 57 36
47 58 61
47 59 89
47 60 13
47 61 45
47 62 7
47 63 25
47 64 21
47 65 34
47 66 59
47 67 38
47 68 27
47 69 32
47 70 40
47 71 13
47 72 28
47 73 3
47 74 11
47 75 67
47 76 37
47 77 9
47 78 3
47 79 37
47 80 88
47 81 49
47 82 35
47 83 28
47 84 36
47 85 52
47 86 29
47 87 44
47 88 59
47 89 22
47 90 38
48 49 77
48 50 69
48 51 75
48 52 54
48 53 53
48 54 78
48 55 13
48 56 11
48 57 88
48 58 17
48 59 87
48 60 79
48 61 50
48 62 74
48 63 48
48 64 33
48 65 44
48 66 32
48 67 64
48 68 27
48 69 82
48 70 37
48 71 19
48 72 14
48 73 77
48 74 44
48 75 62
48 76 56
48 77 85
48 78 83
48 79 38
48 80 9
48 81 25
48 82 13
48 83 60
48 84 74
48 85 18
48 86 74
48 87 13
48 88 38
48 89 55
48 90 23
49 50 73
49 51 80
49 52 42
49 53 19
49 54 23
49 55 65
49 56 55
49 57 34
49 58 42
49 59 58
49 60 55
49 61 53
49 62 18
49 63 29
49 64 30
49 65 85
49 66 5
49 67 24
49 68 6
49 69 82
49 70 21
49 71 7
49 72 17
49 73 16
49 74 5
49 75 30
49 76 22
49 77 4
49 78 66
49 79 63
49 80 43
49 81 89
49 82 2
49 83 31
49 84 51
49 85 4
49 86 60
49 87 56
49 88 65
49 89 49
49 90 23
50 51 67
50 52 27
50 53 21
50 54 24
50 55 1
50 56 89
50 57 9
50 58 82
50 59 2
50 60 56
50 61 84
50 62 33
50 63 50
50 64 6
50 65 21
50 66 25
50 67 71
50 68 53
50 69 19
50 70 42
50 71 13
50 72 87
50 73 68
50 74 77
50 75 11
50 76 4
50 77 13
50 78 49
50 79 18
50 80 40
50 81 18
50 82 12
50 83 4
50 84 62
50 85 33
50 86 37
50 87 29
50 88 59
50 89 76
50 90 86
51 52 69
51 53 78
51 54 28
51 55 52
51 56 70
51 57 13
51 58 31
51 59 67
51 60 18
51 61 88
51 62 11
51 63 76
51 64 76
51 65 86
51 66 69
51 67 26
51 68 51
51 69 82
51 70 68
51 71 7
51 72 27
51 73 4
51 74 44
51 75 71
51 76 14
51 77 2
51 78 56
51 79 79
51 80 68
51 81 35
51 82 57
51 83 83
51 84 69
51 85 54
51 86 23
51 87 49
51 88 76
51 89 71
51 90 69
52 53 76
52 54 19
52 55 28
52 56 78
52 57 23
52 58 12
52 59 22
52 60 25
52 61 73
52 62 45
52 63 14
52 64 65
52 65 66
52 66 24
52 67 50
52 68 27
52 69 77
52 70 1
52 71 85
52 72 41
52 73 88
52 74 40
52 75 24
52 76 41
52 77 86
52 78 33
52 79 28
52 80 23
52 81 68
52 82 77
52 83 70
52 84 82
52 85 52
52 86 59
52 87 36
52 88 11
52 89 83
52 90 72
53 54 13
53 55 19
53 56 21
53 57 4
53 58 14
53 59 46
53 60 86
53 61 85
53 62 2
53 63 65
53 64 75
53 65 77
53 66 30
53 67 51
53 68 83
53 69 18
53 70 75
53 71 39
53 72 34
53 73 56
53 74 39
53 75 25
53 76 8
53 77 6
53 78 85
53 79 89
53 80 45
53 81 7
53 82 51
53 83 52
53 84 28
53 85 64
53 86 74
53 87 7
53 88 63
53 89 77
53 90 43
54 55 84
54 56 11
54 57 50
54 58 19
54 59 12
54 60 21
54 61 27
54 62 35
54 63 55
54 64 23
54 65 76
54 66 9
54 67 88
54 68 31
54 69 40
54 70 17
54 71 9
54 72 65
54 73 73
54 74 29
54 75 63
54 76 82
54 77 34
54 78 53
54 79 81
54 80 63
54 81 16
54 82 73
54 83 12
54 84 35
54 85 31
54 86 27
54 87 69
54 88 86
54 89 55
54 90 47
55 56 67
55 57 28
55 58 37
55 59 47
55 60 89
55 61 7
55 62 18
55 63 88
55 64 87
55 65 24
55 66 62
55 67 11
55 68 61
55 69 21
55 70 79
55 71 42
55 72 42
55 73 41
55 74 88
55 75 26
55 76 70
55 77 1
55 78 22
55 79 26
55 80 60
55 81 82
55 82 19
55 83 26
55 84 26
55 85 70
55 86 87
55 87 24
55 88 11
55 89 73
55 90 3
56 57 63
56 58 58
56 59 89
56 60 86
56 61 88
56 62 23
56 63 42
56 64 21
56 65 77
56 66 20
56 67 74
56 68 4
56 69 39
56 70 5
56 71 45
56 72 53
56 73 57
56 74 39
56 75 84
56 76 82
56 77 27
56 78 11
56 79 49
56 80 66
56 81 48
56 82 49
56 83 13
56 84 19
56 85 29
56 86 88
56 87 57
56 88 55
56 89 20
56 90 20
57 58 80
57 59 25
57 60 47
57 61 14
57 62 64
57 63 25
57 64 73
57 65 0
57 66 26
57 67 77
57 68 47
57 69 51
57 70 6
57 71 7
57 72 75
57 73 6
57 74 49
57 75 54
57 76 64
57 77 74
57 78 72
57 79 66
57 80 17
57 81 6
57 82 77
57 83 28
57 84 0
57 85 51
57 86 76
57 87 71
57 88 30
57 89 82
57 90 19
58 59 42
58 60 33
58 61 48
58 62 6
58 63 0
58 64 28
58 65 3
58 66 53
58 67 48
58 68 19
58 69 9
58 70 40
58 71 45
58 72 3
58 73 54
58 74 38
58 75 62
58 76 54
58 77 39
58 78 66
58 79 83
58 80 69
58 81 42
58 82 55
58 83 77
58 84 79
58 85 9
58 86 8
58 87 31
58 88 47
58 89 35
58 90 59
59 60 30
59 61 52
59 62 1
59 63 70
59 64 65
59 65 59
59 66 54
59 67 9
59 68 1
59 69 15
59 70 65
59 71 44
59 72 9
59 73 30
59 74 21
59 75 65
59 76 57
59 77 55
59 78 56
59 79 59
59 80 14
59 81 23
59 82 11
59 83 6
59 84 43
59 85 52
59 86 5
59 87 2
59 88 26
59 89 30
59 90 56
60 61 4
60 62 0
60 63 77
60 64 85
60 65 63
60 66 82
60 67 67
60 68 88
60 69 17
60 70 22
60 71 60
60 72 26
60 73 73
60 74 28
60 75 27
60 76 80
60 77 53
60 78 17
60 79 37
60 80 44
60 81 72
60 82 5
60 83 59
60 84 48
60 85 33
60 86 77
60 87 79
60 88 19
60 89 38
60 90 66
61 62 40
61 63 9
61 64 77
61 65 80
61 66 72
61 67 16
61 68 89
61 69 67
61 70 72
61 71 82
61 72 32
61 73 55
61 74 25
61 75 33
61 76 28
61 77 63
61 78 75
61 79 5
61 80 56
61 81 85
61 82 1
61 83 19
61 84 28
61 85 33
61 86 64
61 87 29
61 88 35
61 89 70
61 90 72
62 63 5
62 64 59
62 65 20
62 66 6
62 67 7
62 68 55
62 69 2
62 70 42
62 71 53
62 72 51
62 73 61
62 74 63
62 75 87
62 76 76
62 77 58
62 78 86
62 79 25
62 80 69
62 81 58
62 82 74
62 83 11
62 84 41
62 85 66
62 86 5
62 87 62
62 88 16
62 89 13
62 90 71
63 64 77
63 65 29
63 66 37
63 67 73
63 68 79
63 69 5
63 70 50
63 71 61
63 72 73
63 73 89
63 74 85
63 75 44
63 76 7
63 77 75
63 78 50
63 79 62
63 80 8
63 81 17
63 82 76
63 83 39
63 84 6
63 85 59
63 86 80
63 87 25
63 88 10
63 89 55
63 90 51
64 65 2
64 66 62
64 67 26
64 68 86
64 69 21
64 70 62
64 71 68
64 72 23
64 73 82
64 74 3
64 75 73
64 76 53
64 77 54
64 78 25
64 79 15
64 80 64
64 81 78
64 82 60
64 83 64
64 84 32
64 85 59
64 86 34
64 87 25
64 88 39
64 89 10
64 90 70
65 66 58
65 67 82
65 68 27
65 69 20
65 70 23
65 71 46
65 72 71
65 73 23
65 74 4
65 75 35
65 76 42
65 77 74
65 78 67
65 79 73
65 80 59
65 81 75
65 82 26
65 83 87
65 84 19
65 85 31
65 86 65
65 87 55
65 88 85
65 89 36
65 90 84
66 67 20
66 68 23
66 69 37
66 70 82
66 71 74
66 72 57
66 73 35
66 74 87
66 75 1
66 76 87
66 77 86
66 78 37
66 79 8
66 80 26
66 81 25
66 82 51
66 83 79
66 84 32
66 85 47
66 86 80
66 87 85
66 88 56
66 89 56
66 90 39
67 68 29
67 69 50
67 70 29
67 71 81
67 72 13
67 73 56
67 74 88
67 75 40
67 76 2
67 77 55
67 78 63
67 79 23
67 80 39
67 81 82
67 82 79
67 83 31
67 84 14
67 85 35
67 86 85
67 87 81
67 88 3
67 89 71
67 90 63
68 69 59
68 70 43
68 71 16
68 72 28
68 73 73
68 74 21
68 75 73
68 76 54
68 77 33
68 78 52
68 79 53
68 80 24
68 81 73
68 82 22
68 83 11
68 84 45
68 85 60
68 86 40
68 87 58
68 88 4
68 89 58
68 90 69
69 70 36
69 71 85
69 72 26
69 73 31
69 74 85
69 75 70
69 76 18
69 77 13
69 78 44
69 79 12
69 80 71
69 81 18
69 82 56
69 83 54
69 84 64
69 85 84
69 86 5
69 87 80
69 88 25
69 89 85
69 90 61
70 71 30
70 72 3
70 73 2
70 74 50
70 75 29
70 76 31
70 77 68
70 78 20
70 79 17
70 80 80
70 81 3
70 82 57
70 83 33
70 84 89
70 85 40
70 86 31
70 87 74
70 88 57
70 89 22
70 90 6
71 72 23
71 73 5
71 74 13
71 75 57
71 76 71
71 77 20
71 78 33
71 79 23
71 80 65
71 81 49
71 82 17
71 83 31
71 84 82
71 85 16
71 86 83
71 87 67
71 88 45
71 89 15
71 90 55
72 73 81
72 74 34
72 75 71
72 76 59
72 77 3
72 78 52
72 79 80
72 80 51
72 81 74
72 82 76
72 83 62
72 84 81
72 85 16
72 86 54
72 87 75
72 88 79
72 89 87
72 90 25
73 74 28
73 75 82
73 76 9
73 77 83
73 78 45
73 79 64
73 80 56
73 81 62
73 82 87
73 83 36
73 84 21
73 85 63
73 86 41
73 87 79
73 88 4
73 89 39
73 90 5
74 75 89
74 76 17
74 77 27
74 78 61
74 79 73
74 80 70
74 81 41
74 82 57
74 83 85
74 84 12
74 85 86
74 86 30
74 87 81
74 88 50
74 89 74
74 90 8
75 76 54
75 77 4
75 78 17
75 79 33
75 80 50
75 81 82
75 82 2
75 83 34
75 84 45
75 85 19
75 86 82
75 87 4
75 88 10
75 89 79
75 90 82
76 77 22
76 78 55
76 79 51
76 80 31
76 81 78
76 82 64
76 83 64
76 84 61
76 85 86
76 86 61
76 87 88
76 88 22
76 89 84
76 90 6
77 78 13
77 79 10
77 80 30
77 81 87
77 82 45
77 83 30
77 84 68
77 85 33
77 86 18
77 87 26
77 88 58
77 89 35
77 90 72
78 79 31
78 80 70
78 81 52
78 82 23
78 83 1
78 84 52
78 85 22
78 86 8
78 87 3
78 88 8
78 89 19
78 90 30
79 80 15
79 81 68
79 82 70
79 83 82
79 84 88
79 85 58
79 86 57
79 87 33
79 88 62
79 89 69
79 90 24
80 81 83
80 82 53
80 83 33
80 84 42
80 85 16
80 86 76
80 87 78
80 88 42
80 89 60
80 90 49
81 82 48
81 83 75
81 84 21
81 85 27
81 86 69
81 87 59
81 88 61
81 89 32
81 90 42
82 83 64
82 84 89
82 85 24
82 86 59
82 87 53
82 88 36
82 89 42
82 90 80
83 84 89
83 85 11
83 86 73
83 87 65
83 88 24
83 89 60
83 90 2
84 85 6
84 86 28
84 87 6
84 88 37
84 89 82
84 90 49
85 86 87
85 87 74
85 88 16
85 89 63
85 90 51
86 87 76
86 88 60
86 89 77
86 90 45
87 88 84
87 89 28
87 90 75
88 89 11
88 90 36
89 90 35
