90 4005
1 2 25
1 3 69
1 4 39
1 5 10
1 6 29
1 7 18
1 8 71
1 9 82
1 10 35
1 11 46
1 12 32
1 13 75
1 14 41
1 15 33
1 16 85
1 17 59
1 18 89
1 19 23
1 20 18
1 21 59
1 22 7
1 23 0
1 24 10
1 25 26
1 26 7
1 27 42
1 28 38
1 29 78
1 30 70
1 31 30
1 32 82
1 33 51
1 34 30
1 35 11
1 36 47
1 37 70
1 38 62
1 39 36
1 40 55
1 41 23
1 42 43
1 43 51
1 44 27
1 45 23
1 46 56
1 47 27
1 48 57
1 49 26
1 50 63
1 51 40
1 52 66
1 53 70
1 54 74
1 55 49
1 56 69
1 57 18
1 58 23
1 59 77
1 60 70
1 61 53
1 62 37
1 63 23
1 64 25
1 65 30
1 66 87
1 67 26
1 68 74
1 69 6
1 70 3
1 71 81
1 72 70
1 73 63
1 74 29
1 75 0
1 76 6
1 77 64
1 78 16
1 79 7
1 80 52
1 81 14
1 82 66
1 83 82
1 84 5
1 85 13
1 86 38
1 87 76
1 88 8
1 89 85
1 90 89
2 3 68
2 4 28
2 5 26
2 6 35
2 7 89
2 8 11
2 9 58
2 10 70
2 11 39
2 12 25
2 13 44
2 14 13
2 15 77
2 16 2
2 17 3
2 18 73
2 19 56
2 20 89
2 21 82
2 22 32
2 23 65
2 24 76
2 25 36
2 26 19
2 27 20
2 28 88
2 29 7
2 30 57
2 31 63
2 32 44
2 33 32
2 34 32
2 35 52
2 36 83
2 37 17
2 38 1
2 39 65
2 40 49
2 41 24
2 42 71
2 43 37
2 44 32
2 45 0
2 46 47
2 47 51
2 48 16
2 49 5
2 50 50
2 51 12
2 52 6
2 53 45
2 54 13
2 55 70
2 56 50
2 57 11
2 58 7
2 59 73
2 60 46
2 61 51
2 62 89
2 63 49
2 64 88
2 65 50
2 66 32
2 67 29
2 68 89
2 69 72
2 70 85
2 71 23
2 72 43
2 73 4
2 74 20
2 75 76
2 76 11
2 77 77
2 78 74
2 79 12
2 80 67
2 81 15
2 82 62
2 83 56
2 84 43
2 85 21
2 86 63
2 87 74
2 88 5
2 89 24
2 90 84
3 4 29
3 5 35
3 6 1
3 7 40
3 8 7
3 9 37
3 10 56
3 11 28
3 12 1
3 13 49
3 14 12
3 15 0
3 16 56
3 17 55
3 18 88
3 19 19
3 20 15
3 21 40
3 22 57
3 23 61
3 24 57
3 25 16
3 26 2
3 27 7
3 28 12
3 29 48
3 30 2
3 31 48
3 32 45
3 33 29
3 34 20
3 35 2
3 36 84
3 37 23
3 38 65
3 39 35
3 40 48
3 41 24
3 42 3
3 43 53
3 44 5
3 45 67
3 46 70
3 47 39
3 48 82
3 49 63
3 50 56
3 51 17
3 52 58
3 53 47
3 54 47
3 55 24
3 56 36
3 57 3
3 58 26
3 59 24
3 60 22
3 61 38
3 62 10
3 63 35
3 64 25
3 65 83
3 66 9
3 67 62
3 68 50
3 69 19
3 70 14
3 71 47
3 72 44
3 73 38
3 74 89
3 75 61
3 76 1
3 77 58
3 78 56
3 79 10
3 80 42
3 81 78
3 82 7
3 83 80
3 84 89
3 85 85
3 86 26
3 87 45
3 88 28
3 89 57
3 90 64
4 5 72
4 6 4
4 7 85
4 8 34
4 9 43
4 10 69
4 11 44
4 12 42
4 13 56
4 14 18
4 15 79
4 16 72
4 17 6
4 18 61
4 19 82
4 20 78
4 21 43
4 22 57
4 23 50
4 24 16
4 25 7
4 26 14
4 27 82
4 28 56
4 29 30
4 30 48
4 31 22
4 32 66
4 33 60
4 34 37
4 35 77
4 36 5
4 37 1
4 38 30
4 39 53
4 40 72
4 41 81
4 42 19
4 43 83
4 44 80
4 45 64
4 46 34
4 47 88
4 48 26
4 49 44
4 50 68
4 51 2
4 52 12
4 53 15
4 54 72
4 55 60
4 56 35
4 57 58
4 58 0
4 59 16
4 60 67
4 61 72
4 62 81
4 63 47
4 64 47
4 65 46
4 66 68
4 67 6
4 68 73
4 69 86
4 70 1
4 71 27
4 72 70
4 73 31
4 74 16
4 75 62
4 76 61
4 77 40
4 78 6
4 79 0
4 80 15
4 81 81
4 82 51
4 83 14
4 84 35
4 85 66
4 86 55
4 87 88
4 88 68
4 89 69
4 90 84
5 6 71
5 7 79
5 8 34
5 9 22
5 10 35
5 11 25
5 12 83
5 13 77
5 14 37
5 15 65
5 16 59
5 17 81
5 18 89
5 19 86
5 20 36
5 21 20
5 22 73
5 23 44
5 24 71
5 25 89
5 26 14
5 27 64
5 28 50
5 29 40
5 30 51
5 31 19
5 32 54
5 33 23
5 34 62
5 35 41
5 36 39
5 37 41
5 38 66
5 39 22
5 40 0
5 41 40
5 42 50
5 43 28
5 44 66
5 45 33
5 46 63
5 47 85
5 48 13
5 49 7
5 50 31
5 51 43
5 52 81
5 53 36
5 54 82
5 55 47
5 56 59
5 57 20
5 58 62
5 59 1
5 60 34
5 61 43
5 62 62
5 63 87
5 64 47
5 65 67
5 66 66
5 67 2
5 68 83
5 69 82
5 70 56
5 71 86
5 72 12
5 73 31
5 74 30
5 75 13
5 76 83
5 77 79
5 78 76
5 79 74
5 80 11
5 81 72
5 82 40
5 83 80
5 84 14
5 85 53
5 86 47
5 87 65
5 88 39
5 89 87
5 90 66
6 7 55
6 8 41
6 9 27
6 10 46
6 11 59
6 12 34
6 13 38
6 14 53
6 15 58
6 16 23
6 17 67
6 18 28
6 19 0
6 20 49
6 21 64
6 22 32
6 23 4
6 24 55
6 25 81
6 26 88
6 27 80
6 28 46
6 29 17
6 30 53
6 31 78
6 32 88
6 33 1
6 34 68
6 35 76
6 36 83
6 37 13
6 38 17
6 39 77
6 40 8
6 41 77
6 42 14
6 43 75
6 44 29
6 45 45
6 46 49
6 47 3
6 48 47
6 49 58
6 50 22
6 51 17
6 52 15
6 53 41
6 54 14
6 55 3
6 56 75
6 57 74
6 58 68
6 59 34
6 60 89
6 61 84
6 62 14
6 63 8
6 64 71
6 65 54
6 66 57
6 67 54
6 68 16
6 69 34
6 70 43
6 71 16
6 72 36
6 73 81
6 74 76
6 75 50
6 76 61
6 77 88
6 78 24
6 79 20
6 80 41
6 81 20
6 82 24
6 83 84
6 84 61
6 85 6
6 86 61
6 87 8
6 88 66
6 89 86
6 90 86
7 8 51
7 9 20
7 10 55
7 11 79
7 12 81
7 13 81
7 14 71
7 15 6
7 16 16
7 17 67
7 18 45
7 19 9
7 20 89
7 21 86
7 22 21
7 23 70
7 24 45
7 25 61
7 26 62
7 27 56
7 28 69
7 29 22
7 30 40
7 31 66
7 32 69
7 33 64
7 34 22
7 35 45
7 36 57
7 37 24
7 38 51
7 39 70
7 40 81
7 41 1
7 42 69
7 43 55
7 44 49
7 45 62
7 46 40
7 47 25
7 48 57
7 49 4
7 50 28
7 51 53
7 52 50
7 53 40
7 54 29
7 55 4
7 56 14
7 57 63
7 58 83
7 59 26
7 60 55
7 61 73
7 62 85
7 63 70
7 64 61
7 65 17
7 66 7
7 67 9
7 68 21
7 69 65
7 70 15
7 71 74
7 72 76
7 73 38
7 74 35
7 75 36
7 76 85
7 77 75
7 78 11
7 79 33
7 80 51
7 81 80
7 82 28
7 83 60
7 84 55
7 85 76
7 86 18
7 87 1
7 88 47
7 89 75
7 90 40
8 9 15
8 10 63
8 11 5
8 12 24
8 13 51
8 14 59
8 15 80
8 16 54
8 17 44
8 18 78
8 19 78
8 20 48
8 21 1
8 22 0
8 23 57
8 24 57
8 25 41
8 26 25
8 27 15
8 28 21
8 29 25
8 30 34
8 31 12
8 32 36
8 33 33
8 34 53
8 35 59
8 36 6
8 37 49
8 38 74
8 39 17
8 40 4
8 41 52
8 42 48
8 43 29
8 44 11
8 45 72
8 46 76
8 47 6
8 48 8
8 49 42
8 50 41
8 51 44
8 52 64
8 53 25
8 54 64
8 55 2
8 56 78
8 57 23
8 58 53
8 59 44
8 60 76
8 61 70
8 62 58
8 63 81
8 64 13
8 65 10
8 66 56
8 67 7
8 68 52
8 69 20
8 70 17
8 71 84
8 72 26
8 73 80
8 74 32
8 75 83
8 76 69
8 77 49
8 78 26
8 79 13
8 80 8
8 81 6
8 82 16
8 83 87
8 84 67
8 85 40
8 86 14
8 87 13
8 88 33
8 89 65
8 90 72
9 10 48
9 11 43
9 12 51
9 13 14
9 14 57
9 15 80
9 16 44
9 17 32
9 18 29
9 19 55
9 20 65
9 21 48
9 22 66
9 23 85
9 24 18
9 25 0
9 26 68
9 27 56
9 28 34
9 29 54
9 30 46
9 31 40
9 32 36
9 33 53
9 34 18
9 35 0
9 36 59
9 37 67
9 38 58
9 39 51
9 40 0
9 41 70
9 42 25
9 43 60
9 44 3
9 45 68
9 46 31
9 47 67
9 48 12
9 49 15
9 50 44
9 51 88
9 52 18
9 53 0
9 54 87
9 55 81
9 56 27
9 57 42
9 58 55
9 59 17
9 60 13
9 61 52
9 62 28
9 63 34
9 64 20
9 65 27
9 66 64
9 67 33
9 68 41
9 69 18
9 70 41
9 71 10
9 72 69
9 73 15
9 74 44
9 75 83
9 76 84
9 77 64
9 78 45
9 79 66
9 80 30
9 81 74
9 82 75
9 83 53
9 84 83
9 85 74
9 86 55
9 87 69
9 88 80
9 89 50
9 90 35
10 11 45
10 12 32
10 13 22
10 14 41
10 15 53
10 16 8
10 17 68
10 18 14
10 19 2
10 20 20
10 21 34
10 22 34
10 23 71
10 24 64
10 25 37
10 26 21
10 27 56
10 28 65
10 29 80
10 30 23
10 31 71
10 32 5
10 33 7
10 34 3
10 35 73
10 36 31
10 37 27
10 38 27
10 39 11
10 40 52
10 41 57
10 42 7
10 43 24
10 44 36
10 45 8
10 46 31
10 47 35
10 48 44
10 49 50
10 50 22
10 51 10
10 52 53
10 53 33
10 54 19
10 55 70
10 56 21
10 57 51
10 58 36
10 59 50
10 60 63
10 61 20
10 62 38
10 63 31
10 64 42
10 65 30
10 66 25
10 67 0
10 68 66
10 69 52
10 70 62
10 71 70
10 72 28
10 73 84
10 74 69
10 75 44
10 76 41
10 77 74
10 78 59
10 79 0
10 80 76
10 81 71
10 82 39
10 83 28
10 84 20
10 85 9
10 86 19
10 87 22
10 88 29
10 89 10
10 90 78
11 12 31
11 13 76
11 14 84
11 15 30
11 16 73
11 17 73
11 18 57
11 19 70
11 20 5
11 21 44
11 22 33
11 23 76
11 24 34
11 25 73
11 26 73
11 27 0
11 28 13
11 29 59
11 30 27
11 31 75
11 32 85
11 33 52
11 34 75
11 35 84
11 36 37
11 37 56
11 38 53
11 39 24
11 40 16
11 41 2
11 42 8
11 43 47
11 44 40
11 45 39
11 46 6
11 47 29
11 48 18
11 49 4
11 50 10
11 51 32
11 52 65
11 53 86
11 54 34
11 55 63
11 56 3
11 57 10
11 58 69
11 59 13
11 60 39
11 61 8
11 62 52
11 63 34
11 64 71
11 65 37
11 66 87
11 67 20
11 68 17
11 69 19
11 70 3
11 71 23
11 72 44
11 73 36
11 74 25
11 75 66
11 76 72
11 77 0
11 78 76
11 79 72
11 80 35
11 81 33
11 82 53
11 83 35
11 84 78
11 85 24
11 86 52
11 87 26
11 88 22
11 89 81
11 90 84
12 13 52
12 14 62
12 15 63
12 16 59
12 17 7
12 18 53
12 19 78
12 20 14
12 21 84
12 22 84
12 23 38
12 24 84
12 25 67
12 26 32
12 27 83
12 28 74
12 29 47
12 30 51
12 31 61
12 32 45
12 33 18
12 34 21
12 35 74
12 36 64
12 37 20
12 38 3
12 39 65
12 40 56
12 41 84
12 42 45
12 43 30
12 44 62
12 45 69
12 46 6
12 47 55
12 48 58
12 49 32
12 50 60
12 51 43
12 52 3
12 53 55
12 54 83
12 55 70
12 56 72
12 57 47
12 58 17
12 59 0
12 60 38
12 61 26
12 62 30
12 63 22
12 64 25
12 65 86
12 66 17
12 67 18
12 68 53
12 69 65
12 70 57
12 71 46
12 72 32
12 73 46
12 74 62
12 75 67
12 76 23
12 77 47
12 78 47
12 79 82
12 80 3
12 81 56
12 82 0
12 83 38
12 84 55
12 85 78
12 86 73
12 87 14
12 88 35
12 89 26
12 90 54
13 14 21
13 15 5
13 16 10
13 17 66
13 18 0
13 19 37
13 20 88
13 21 36
13 22 10
13 23 85
13 24 30
13 25 40
13 26 47
13 27 69
13 28 82
13 29 73
13 30 34
13 31 78
13 32 54
13 33 3
13 34 75
13 35 85
13 36 40
13 37 28
13 38 5
13 39 84
13 40 70
13 41 24
13 42 75
13 43 50
13 44 37
13 45 15
13 46 20
13 47 18
13 48 37
13 49 30
13 50 78
13 51 33
13 52 84
13 53 45
13 54 10
13 55 3
13 56 34
13 57 46
13 58 14
13 59 55
13 60 31
13 61 59
13 62 34
13 63 60
13 64 10
13 65 13
13 66 61
13 67 22
13 68 25
13 69 53
13 70 45
13 71 88
13 72 48
13 73 38
13 74 68
13 75 8
13 76 33
13 77 34
13 78 84
13 79 6
13 80 24
13 81 3
13 82 76
13 83 66
13 84 49
13 85 50
13 86 24
13 87 3
13 88 31
13 89 32
13 90 76
14 15 28
14 16 0
14 17 28
14 18 44
14 19 62
14 20 84
14 21 42
14 22 21
14 23 57
14 24 10
14 25 21
14 26 83
14 27 4
14 28 20
14 29 49
14 30 88
14 31 44
14 32 80
14 33 9
14 34 15
14 35 2
14 36 80
14 37 4
14 38 15
14 39 34
14 40 13
14 41 87
14 42 51
14 43 24
14 44 37
14 45 63
14 46 39
14 47 52
14 48 29
14 49 33
14 50 88
14 51 47
14 52 19
14 53 31
14 54 15
14 55 59
14 56 35
14 57 11
14 58 30
14 59 22
14 60 69
14 61 18
14 62 23
14 63 25
14 64 45
14 65 37
14 66 62
14 67 1
14 68 22
14 69 28
14 70 15
14 71 8
14 72 47
14 73 45
14 74 41
14 75 60
14 76 5
14 77 65
14 78 47
14 79 24
14 80 27
14 81 30
14 82 53
14 83 31
14 84 39
14 85 48
14 86 78
14 87 71
14 88 37
14 89 33
14 90 73
15 16 41
15 17 1
15 18 81
15 19 18
15 20 37
15 21 5
15 22 7
15 23 82
15 24 6
15 25 36
15 26 66
15 27 6
15 28 83
15 29 8
15 30 88
15 31 75
15 32 35
15 33 41
15 34 77
15 35 18
15 36 66
15 37 63
15 38 41
15 39 3
15 40 65
15 41 11
15 42 49
15 43 8
15 44 87
15 45 49
15 46 41
15 47 73
15 48 77
15 49 21
15 50 18
15 51 78
15 52 33
15 53 67
15 54 25
15 55 51
15 56 30
15 57 22
15 58 49
15 59 1
15 60 76
15 61 1
15 62 52
15 63 8
15 64 45
15 65 61
15 66 44
15 67 89
15 68 13
15 69 81
15 70 29
15 71 76
15 72 54
15 73 35
15 74 68
15 75 84
15 76 7
15 77 57
15 78 1
15 79 39
15 80 17
15 81 87
15 82 63
15 83 8
15 84 5
15 85 5
15 86 42
15 87 63
15 88 55
15 89 61
15 90 50
16 17 68
16 18 79
16 19 50
16 20 61
16 21 7
16 22 9
16 23 24
16 24 41
16 25 77
16 26 61
16 27 22
16 28 10
16 29 57
16 30 63
16 31 54
16 32 51
16 33 6
16 34 26
16 35 50
16 36 47
16 37 69
16 38 11
16 39 21
16 40 7
16 41 71
16 42 85
16 43 58
16 44 56
16 45 62
16 46 64
16 47 18
16 48 59
16 49 55
16 50 31
16 51 9
16 52 11
16 53 46
16 54 31
16 55 23
16 56 84
16 57 84
16 58 5
16 59 18
16 60 70
16 61 72
16 62 87
16 63 12
16 64 14
16 65 36
16 66 31
16 67 54
16 68 73
16 69 36
16 70 25
16 71 23
16 72 19
16 73 33
16 74 28
16 75 54
16 76 86
16 77 51
16 78 69
16 79 83
16 80 7
16 81 47
16 82 89
16 83 42
16 84 50
16 85 55
16 86 4
16 87 72
16 88 66
16 89 77
16 90 45
17 18 71
17 19 64
17 20 71
17 21 75
17 22 46
17 23 57
17 24 56
17 25 65
17 26 11
17 27 43
17 28 33
17 29 50
17 30 35
17 31 89
17 32 71
17 33 72
17 34 79
17 35 31
17 36 69
17 37 50
17 38 47
17 39 1
17 40 68
17 41 9
17 42 30
17 43 52
17 44 49
17 45 80
17 46 7
17 47 53
17 48 74
17 49 52
17 50 78
17 51 60
17 52 49
17 53 78
17 54 80
17 55 60
17 56 28
17 57 34
17 58 68
17 59 38
17 60 48
17 61 88
17 62 66
17 63 81
17 64 51
17 65 30
17 66 65
17 67 15
17 68 14
17 69 72
17 70 39
17 71 74
17 72 28
17 73 52
17 74 3
17 75 17
17 76 36
17 77 84
17 78 88
17 79 37
17 80 16
17 81 66
17 82 4
17 83 27
17 84 76
17 85 5
17 86 52
17 87 82
17 88 28
17 89 4
17 90 37
18 19 79
18 20 66
18 21 87
18 22 72
18 23 16
18 24 15
18 25 13
18 26 70
18 27 77
18 28 14
18 29 54
18 30 0
18 31 60
18 32 46
18 33 35
18 34 62
18 35 60
18 36 24
18 37 63
18 38 8
18 39 35
18 40 88
18 41 47
18 42 81
18 43 21
18 44 48
18 45 32
18 46 28
18 47 26
18 48 60
18 49 77
18 50 68
18 51 14
18 52 9
18 53 82
18 54 42
18 55 56
18 56 16
18 57 63
18 58 32
18 59 13
18 60 61
18 61 3
18 62 12
18 63 2
18 64 79
18 65 7
18 66 61
18 67 57
18 68 48
18 69 76
18 70 0
18 71 22
18 72 11
18 73 12
18 74 1
18 75 86
18 76 60
18 77 33
18 78 33
18 79 26
18 80 21
18 81 47
18 82 12
18 83 52
18 84 6
18 85 64
18 86 25
18 87 71
18 88 7
18 89 48
18 90 18
19 20 80
19 21 82
19 22 85
19 23 89
19 24 56
19 25 34
19 26 5
19 27 9
19 28 27
19 29 33
19 30 61
19 31 76
19 32 77
19 33 88
19 34 31
19 35 86
19 36 0
19 37 42
19 38 78
19 39 11
19 40 81
19 41 52
19 42 52
19 43 35
19 44 66
19 45 75
19 46 61
19 47 3
19 48 69
19 49 76
19 50 27
19 51 30
19 52 72
19 53 69
19 54 29
19 55 13
19 56 39
19 57 4
19 58 44
19 59 43
19 60 74
19 61 48
19 62 40
19 63 81
19 64 48
19 65 45
19 66 83
19 67 4
19 68 48
19 69 14
19 70 72
19 71 58
19 72 48
19 73 37
19 74 6
19 75 22
19 76 81
19 77 17
19 78 25
19 79 29
19 80 45
19 81 77
19 82 32
19 83 34
19 84 24
19 85 44
19 86 28
19 87 66
19 88 41
19 89 21
19 90 53
20 21 38
20 22 29
20 23 35
20 24 52
20 25 3
20 26 73
20 27 80
20 28 24
20 29 16
20 30 3
20 31 87
20 32 12
20 33 66
20 34 8
20 35 7
20 36 51
20 37 25
20 38 36
20 39 46
20 40 64
20 41 88
20 42 47
20 43 74
20 44 43
20 45 76
20 46 3
20 47 50
20 48 54
20 49 75
20 50 76
20 51 14
20 52 21
20 53 51
20 54 79
20 55 75
20 56 73
20 57 31
20 58 74
20 59 15
20 60 7
20 61 4
20 62 24
20 63 60
20 64 15
20 65 33
20 66 16
20 67 5
20 68 37
20 69 37
20 70 57
20 71 82
20 72 61
20 73 44
20 74 76
20 75 81
20 76 35
20 77 54
20 78 58
20 79 1
20 80 16
20 81 26
20 82 53
20 83 33
20 84 82
20 85 66
20 86 3
20 87 52
20 88 23
20 89 7
20 90 32
21 22 47
21 23 47
21 24 58
21 25 45
21 26 41
21 27 55
21 28 84
21 29 12
21 30 65
21 31 40
21 32 61
21 33 61
21 34 12
21 35 52
21 36 19
21 37 51
21 38 54
21 39 24
21 40 42
21 41 64
21 42 25
21 43 70
21 44 38
21 45 10
21 46 16
21 47 69
21 48 71
21 49 43
21 50 47
21 51 37
21 52 69
21 53 25
21 54 75
21 55 14
21 56 55
21 57 72
21 58 87
21 59 39
21 60 8
21 61 75
21 62 84
21 63 40
21 64 6
21 65 16
21 66 31
21 67 13
21 68 55
21 69 27
21 70 12
21 71 14
21 72 80
21 73 47
21 74 23
21 75 34
21 76 77
21 77 0
21 78 16
21 79 33
21 80 89
21 81 18
21 82 38
21 83 44
21 84 68
21 85 89
21 86 59
21 87 50
21 88 61
21 89 88
21 90 49
22 23 44
22 24 38
22 25 83
22 26 59
22 27 2
22 28 37
22 29 15
22 30 19
22 31 2
22 32 3
22 33 51
22 34 14
22 35 68
22 36 33
22 37 84
22 38 42
22 39 65
22 40 35
22 41 61
22 42 71
22 43 41
22 44 52
22 45 60
22 46 33
22 47 54
22 48 84
22 49 43
22 50 82
22 51 63
22 52 63
22 53 18
22 54 49
22 55 50
22 56 87
22 57 89
22 58 15
22 59 46
22 60 51
22 61 19
22 62 51
22 63 27
22 64 65
22 65 29
22 66 27
22 67 9
22 68 69
22 69 5
22 70 86
22 71 46
22 72 65
22 73 87
22 74 43
22 75 31
22 76 67
22 77 79
22 78 5
22 79 19
22 80 44
22 81 68
22 82 46
22 83 54
22 84 89
22 85 84
22 86 5
22 87 48
22 88 46
22 89 32
22 90 88
23 24 36
23 25 55
23 26 46
23 27 31
23 28 65
23 29 54
23 30 48
23 31 26
23 32 87
23 33 87
23 34 64
23 35 78
23 36 62
23 37 46
23 38 20
23 39 24
23 40 52
23 41 68
23 42 25
23 43 61
23 44 18
23 45 3
23 46 65
23 47 24
23 48 0
23 49 60
23 50 30
23 51 29
23 52 55
23 53 50
23 54 75
23 55 2
23 56 88
23 57 31
23 58 72
23 59 53
23 60 15
23 61 85
23 62 84
23 63 33
23 64 55
23 65 33
23 66 31
23 67 17
23 68 89
23 69 75
23 70 8
23 71 81
23 72 89
23 73 14
23 74 19
23 75 73
23 76 29
23 77 74
23 78 31
23 79 71
23 80 7
23 81 3
23 82 37
23 83 64
23 84 66
23 85 3
23 86 57
23 87 81
23 88 9
23 89 83
23 90 3
24 25 62
24 26 51
24 27 51
24 28 0
24 29 25
24 30 70
24 31 44
24 32 15
24 33 6
24 34 43
24 35 88
24 36 21
24 37 80
24 38 67
24 39 80
24 40 62
24 41 53
24 42 13
24 43 29
24 44 43
24 45 13
24 46 76
24 47 60
24 48 52
24 49 60
24 50 3
24 51 83
24 52 55
24 53 13
24 54 39
24 55 89
24 56 35
24 57 41
24 58 76
24 59 71
24 60 80
24 61 71
24 62 43
24 63 21
24 64 79
24 65 88
24 66 78
24 67 5
24 68 38
24 69 44
24 70 66
24 71 59
24 72 37
24 73 30
24 74 28
24 75 53
24 76 89
24 77 80
24 78 34
24 79 48
24 80 44
24 81 76
24 82 55
24 83 43
24 84 25
24 85 43
24 86 29
24 87 52
24 88 42
24 89 64
24 90 17
25 26 53
25 27 33
25 28 35
25 29 29
25 30 79
25 31 33
25 32 1
25 33 2
25 34 32
25 35 56
25 36 63
25 37 38
25 38 53
25 39 47
25 40 66
25 41 24
25 42 38
25 43 54
25 44 49
25 45 62
25 46 87
25 47 40
25 48 38
25 49 79
25 50 62
25 51 56
25 52 41
25 53 25
25 54 68
25 55 22
25 56 77
25 57 49
25 58 88
25 59 28
25 60 61
25 61 37
25 62 35
25 63 88
25 64 84
25 65 18
25 66 47
25 67 4
25 68 56
25 69 15
25 70 81
25 71 67
25 72 40
25 73 7
25 74 74
25 75 35
25 76 24
25 77 17
25 78 58
25 79 7
25 80 5
25 81 82
25 82 71
25 83 82
25 84 1
25 85 25
25 86 38
25 87 27
25 88 62
25 89 1
25 90 80
26 27 38
26 28 38
26 29 83
26 30 72
26 31 88
26 32 23
26 33 81
26 34 79
26 35 73
26 36 78
26 37 50
26 38 12
26 39 16
26 40 89
26 41 69
26 42 75
26 43 47
26 44 11
26 45 52
26 46 47
26 47 77
26 48 64
26 49 12
26 50 3
26 51 36
26 52 37
26 53 64
26 54 37
26 55 5
26 56 15
26 57 40
26 58 25
26 59 83
26 60 58
26 61 19
26 62 40
26 63 89
26 64 48
26 65 45
26 66 12
26 67 60
26 68 84
26 69 36
26 70 5
26 71 34
26 72 75
26 73 67
26 74 58
26 75 59
26 76 47
26 77 78
26 78 83
26 79 16
26 80 40
26 81 8
26 82 30
26 83 54
26 84 50
26 85 37
26 86 28
26 87 64
26 88 48
26 89 1
26 90 86
27 28 3
27 29 35
27 30 42
27 31 67
27 32 79
27 33 45
27 34 50
27 35 20
27 36 17
27 37 67
27 38 43
27 39 1
27 40 28
27 41 85
27 42 9
27 43 59
27 44 76
27 45 79
27 46 50
27 47 6
27 48 36
27 49 84
27 50 14
27 51 60
27 52 74
27 53 40
27 54 5
27 55 16
27 56 55
27 57 2
27 58 51
27 59 64
27 60 82
27 61 14
27 62 42
27 63 6
27 64 45
27 65 23
27 66 28
27 67 42
27 68 34
27 69 2
27 70 6
27 71 27
27 72 51
27 73 27
27 74 7
27 75 22
27 76 18
27 77 62
27 78 31
27 79 41
27 80 16
27 81 70
27 82 7
27 83 78
27 84 77
27 85 50
27 86 17
27 87 51
27 88 2
27 89 55
27 90 59
28 29 42
28 30 66
28 31 58
28 32 78
28 33 59
28 34 0
28 35 6
28 36 85
28 37 89
28 38 89
28 39 73
28 40 18
28 41 66
28 42 19
28 43 89
28 44 17
28 45 16
28 46 5
28 47 13
28 48 67
28 49 59
28 50 78
28 51 37
28 52 45
28 53 52
28 54 6
28 55 7
28 56 85
28 57 85
28 58 80
28 59 68
28 60 25
28 61 52
28 62 40
28 63 65
28 64 78
28 65 33
28 66 15
28 67 43
28 68 4
28 69 37
28 70 70
28 71 80
28 72 19
28 73 25
28 74 49
28 75 58
28 76 55
28 77 82
28 78 39
28 79 73
28 80 72
28 81 60
28 82 16
28 83 81
28 84 33
28 85 88
28 86 13
28 87 45
28 88 66
28 89 7
28 90 22
29 30 2
29 31 66
29 32 35
29 33 67
29 34 55
29 35 37
29 36 4
29 37 23
29 38 80
29 39 13
29 40 15
29 41 0
29 42 33
29 43 7
29 44 53
29 45 68
29 46 74
29 47 61
29 48 4
29 49 46
29 50 21
29 51 3
29 52 41
29 53 62
29 54 52
29 55 65
29 56 56
29 57 30
29 58 61
29 59 71
29 60 53
29 61 21
29 62 4
29 63 10
29 64 7
29 65 16
29 66 74
29 67 35
29 68 65
29 69 69
29 70 22
29 71 29
29 72 1
29 73 79
29 74 50
29 75 11
29 76 1
29 77 84
29 78 4
29 79 29
29 80 11
29 81 81
29 82 55
29 83 15
29 84 62
29 85 25
29 86 61
29 87 7
29 88 42
29 89 36
29 90 55
30 31 13
30 32 68
30 33 34
30 34 71
30 35 85
30 36 32
30 37 0
30 38 27
30 39 7
30 40 21
30 41 33
30 42 2
30 43 33
30 44 85
30 45 41
30 46 83
30 47 20
30 48 4
30 49 86
30 50 89
30 51 79
30 52 67
30 53 69
30 54 41
30 55 53
30 56 6
30 57 53
30 58 42
30 59 77
30 60 49
30 61 64
30 62 6
30 63 28
30 64 33
30 65 18
30 66 32
30 67 11
30 68 77
30 69 52
30 70 56
30 71 68
30 72 61
30 73 37
30 74 67
30 75 4
30 76 81
30 77 43
30 78 13
30 79 13
30 80 34
30 81 50
30 82 13
30 83 74
30 84 45
30 85 73
30 86 86
30 87 20
30 88 4
30 89 0
30 90 47
31 32 77
31 33 47
31 34 85
31 35 39
31 36 81
31 37 36
31 38 43
31 39 71
31 40 16
31 41 30
31 42 34
31 43 63
31 44 32
31 45 62
31 46 78
31 47 16
31 48 30
31 49 86
31 50 53
31 51 56
31 52 38
31 53 48
31 54 71
31 55 56
31 56 81
31 57 55
31 58 66
31 59 70
31 60 26
31 61 50
31 62 17
31 63 42
31 64 49
31 65 81
31 66 52
31 67 57
31 68 36
31 69 63
31 70 54
31 71 10
31 72 30
31 73 8
31 74 66
31 75 33
31 76 7
31 77 65
31 78 25
31 79 76
31 80 31
31 81 87
31 82 22
31 83 76
31 84 25
31 85 48
31 86 42
31 87 7
31 88 35
31 89 25
31 90 54
32 33 15
32 34 63
32 35 79
32 36 19
32 37 33
32 38 25
32 39 5
32 40 40
32 41 58
32 42 82
32 43 86
32 44 38
32 45 62
32 46 83
32 47 18
32 48 83
32 49 3
32 50 31
32 51 8
32 52 41
32 53 44
32 54 69
32 55 69
32 56 5
32 57 65
32 58 10
32 59 44
32 60 37
32 61 22
32 62 82
32 63 66
32 64 18
32 65 55
32 66 11
32 67 13
32 68 2
32 69 61
32 70 46
32 71 82
32 72 11
32 73 58
32 74 47
32 75 11
32 76 68
32 77 4
32 78 24
32 79 82
32 80 71
32 81 46
32 82 29
32 83 61
32 84 17
32 85 72
32 86 88
32 87 19
32 88 29
32 89 48
32 90 16
33 34 13
33 35 74
33 36 70
33 37 77
33 38 10
33 39 42
33 40 2
33 41 37
33 42 65
33 43 66
33 44 34
33 45 63
33 46 44
33 47 34
33 48 6
33 49 37
33 50 29
33 51 82
33 52 17
33 53 21
33 54 9
33 55 70
33 56 78
33 57 74
33 58 86
33 59 8
33 60 57
33 61 27
33 62 7
33 63 32
33 64 11
33 65 0
33 66 30
33 67 45
33 68 46
33 69 77
33 70 46
33 71 74
33 72 68
33 73 74
33 74 75
33 75 47
33 76 85
33 77 85
33 78 55
33 79 5
33 80 65
33 81 34
33 82 14
33 83 16
33 84 28
33 85 71
33 86 28
33 87 40
33 88 67
33 89 32
33 90 35
34 35 62
34 36 28
34 37 4
34 38 6
34 39 58
34 40 11
34 41 71
34 42 60
34 43 60
34 44 80
34 45 78
34 46 39
34 47 48
34 48 30
34 49 67
34 50 73
34 51 43
34 52 77
34 53 43
34 54 8
34 55 8
34 56 89
34 57 0
34 58 17
34 59 46
34 60 34
34 61 41
34 62 46
34 63 75
34 64 27
34 65 18
34 66 16
34 67 56
34 68 24
34 69 54
34 70 47
34 71 58
34 72 85
34 73 54
34 74 22
34 75 87
34 76 4
34 77 50
34 78 85
34 79 17
34 80 80
34 81 20
34 82 24
34 83 84
34 84 27
34 85 76
34 86 61
34 87 88
34 88 9
34 89 3
34 90 18
35 36 12
35 37 46
35 38 31
35 39 30
35 40 19
35 41 62
35 42 21
35 43 54
35 44 76
35 45 19
35 46 2
35 47 79
35 48 54
35 49 37
35 50 26
35 51 66
35 52 63
35 53 31
35 54 63
35 55 71
35 56 74
35 57 79
35 58 24
35 59 68
35 60 80
35 61 32
35 62 88
35 63 57
35 64 16
35 65 71
35 66 9
35 67 5
35 68 32
35 69 14
35 70 42
35 71 0
35 72 79
35 73 44
35 74 37
35 75 20
35 76 49
35 77 20
35 78 76
35 79 35
35 80 18
35 81 53
35 82 9
35 83 20
35 84 0
35 85 39
35 86 37
35 87 37
35 88 85
35 89 39
35 90 85
36 37 72
36 38 16
36 39 59
36 40 54
36 41 34
36 42 7
36 43 19
36 44 62
36 45 23
36 46 73
36 47 20
36 48 75
36 49 77
36 50 48
36 51 16
36 52 69
36 53 41
36 54 6
36 55 49
36 56 23
36 57 32
36 58 87
36 59 37
36 60 11
36 61 28
36 62 77
36 63 69
36 64 6
36 65 47
36 66 72
36 67 56
36 68 86
36 69 21
36 70 60
36 71 4
36 72 12
36 73 5
36 74 82
36 75 71
36 76 58
36 77 80
36 78 21
36 79 88
36 80 46
36 81 43
36 82 16
36 83 4
36 84 15
36 85 14
36 86 2
36 87 66
36 88 44
36 89 25
36 90 49
37 38 1
37 39 47
37 40 32
37 41 66
37 42 0
37 43 37
37 44 86
37 45 84
37 46 38
37 47 77
37 48 18
37 49 67
37 50 29
37 51 53
37 52 78
37 53 19
37 54 32
37 55 77
37 56 22
37 57 33
37 58 24
37 59 7
37 60 62
37 61 41
37 62 20
37 63 73
37 64 58
37 65 51
37 66 2
37 67 46
37 68 66
37 69 69
37 70 37
37 71 48
37 72 62
37 73 11
37 74 3
37 75 33
37 76 87
37 77 64
37 78 75
37 79 56
37 80 29
37 81 23
37 82 62
37 83 34
37 84 73
37 85 88
37 86 67
37 87 61
37 88 81
37 89 33
37 90 88
38 39 56
38 40 10
38 41 79
38 42 35
38 43 78
38 44 28
38 45 43
38 46 46
38 47 40
38 48 36
38 49 43
38 50 84
38 51 47
38 52 45
38 53 40
38 54 87
38 55 83
38 56 21
38 57 40
38 58 62
38 59 2
38 60 54
38 61 64
38 62 64
38 63 10
38 64 51
38 65 81
38 66 76
38 67 30
38 68 20
38 69 9
38 70 57
38 71 58
38 72 56
38 73 19
38 74 68
38 75 28
38 76 19
38 77 1
38 78 11
38 79 77
38 80 53
38 81 81
38 82 13
38 83 3
38 84 34
38 85 24
38 86 42
38 87 74
38 88 53
38 89 23
38 90 24
39 40 24
39 41 2
39 42 70
39 43 43
39 44 42
39 45 14
39 46 82
39 47 76
39 48 45
39 49 2
39 50 56
39 51 42
39 52 50
39 53 73
39 54 61
39 55 74
39 56 86
39 57 8
39 58 9
39 59 75
39 60 22
39 61 25
39 62 1
39 63 17
39 64 9
39 65 66
39 66 1
39 67 45
39 68 1
39 69 30
39 70 34
39 71 27
39 72 81
39 73 71
39 74 1
39 75 0
39 76 52
39 77 15
39 78 47
39 79 88
39 80 79
39 81 6
39 82 58
39 83 74
39 84 15
39 85 62
39 86 41
39 87 24
39 88 86
39 89 45
39 90 45
40 41 18
40 42 59
40 43 34
40 44 40
40 45 37
40 46 56
40 47 67
40 48 43
40 49 28
40 50 84
40 51 82
40 52 68
40 53 8
40 54 34
40 55 36
40 56 83
40 57 10
40 58 83
40 59 54
40 60 47
40 61 12
40 62 7
40 63 59
40 64 76
40 65 32
40 66 81
40 67 41
40 68 29
40 69 53
40 70 5
40 71 27
40 72 81
40 73 29
40 74 16
40 75 37
40 76 20
40 77 49
40 78 34
40 79 61
40 80 13
40 81 65
40 82 46
40 83 72
40 84 71
40 85 74
40 86 11
40 87 44
40 88 54
40 89 32
40 90 89
41 42 9
41 43 65
41 44 9
41 45 56
41 46 46
41 47 12
41 48 62
41 49 21
41 50 54
41 51 31
41 52 87
41 53 72
41 54 64
41 55 53
41 56 37
41 57 14
41 58 68
41 59 80
41 60 62
41 61 43
41 62 7
41 63 52
41 64 2
41 65 85
41 66 66
41 67 88
41 68 1
41 69 20
41 70 49
41 71 22
41 72 40
41 73 67
41 74 11
41 75 75
41 76 43
41 77 73
41 78 48
41 79 41
41 80 26
41 81 70
41 82 57
41 83 21
41 84 82
41 85 13
41 86 23
41 87 60
41 88 71
41 89 57
41 90 41
42 43 4
42 44 33
42 45 44
42 46 88
42 47 49
42 48 26
42 49 44
42 50 2
42 51 20
42 52 87
42 53 83
42 54 45
42 55 58
42 56 24
42 57 49
42 58 78
42 59 59
42 60 79
42 61 22
42 62 19
42 63 65
42 64 52
42 65 38
42 66 78
42 67 18
42 68 56
42 69 80
42 70 23
42 71 80
42 72 11
42 73 65
42 74 81
42 75 4
42 76 19
42 77 5
42 78 33
42 79 85
42 80 51
42 81 48
42 82 48
42 83 43
42 84 33
42 85 50
42 86 44
42 87 68
42 88 36
42 89 39
42 90 72
43 44 52
43 45 76
43 46 6
43 47 20
43 48 65
43 49 70
43 50 8
43 51 42
43 52 12
43 53 86
43 54 5
43 55 70
43 56 88
43 57 35
43 58 55
43 59 55
43 60 72
43 61 80
43 62 80
43 63 88
43 64 32
43 65 42
43 66 47
43 67 35
43 68 13
43 69 37
43 70 61
43 71 70
43 72 31
43 73 62
43 74 22
43 75 80
43 76 46
43 77 22
43 78 26
43 79 82
43 80 40
43 81 65
43 82 0
43 83 17
43 84 68
43 85 48
43 86 49
43 87 19
43 88 87
43 89 46
43 90 89
44 45 73
44 46 7
44 47 78
44 48 19
44 49 30
44 50 63
44 51 11
44 52 19
44 53 55
44 54 25
44 55 76
44 56 12
44 57 49
44 58 1
44 59 82
44 60 1
44 61 84
44 62 25
44 63 26
44 64 56
44 65 18
44 66 46
44 67 48
44 68 57
44 69 24
44 70 85
44 71 19
44 72 69
44 73 14
44 74 3
44 75 33
44 76 66
44 77 81
44 78 27
44 79 0
44 80 72
44 81 66
44 82 86
44 83 88
44 84 62
44 85 38
44 86 6
44 87 70
44 88 88
44 89 33
44 90 3
45 46 18
45 47 40
45 48 69
45 49 22
45 50 8
45 51 75
45 52 0
45 53 55
45 54 50
45 55 66
45 56 2
45 57 61
45 58 39
45 59 30
45 60 40
45 61 4
45 62 66
45 63 20
45 64 58
45 65 74
45 66 88
45 67 66
45 68 16
45 69 56
45 70 4
45 71 62
45 72 56
45 73 83
45 74 40
45 75 56
45 76 37
45 77 22
45 78 1
45 79 11
45 80 6
45 81 44
45 82 30
45 83 48
45 84 50
45 85 25
45 86 74
45 87 79
45 88 29
45 89 56
45 90 24
46 47 19
46 48 70
46 49 17
46 50 24
46 51 82
46 52 47
46 53 8
46 54 64
46 55 57
46 56 69
46 57 59
46 58 89
46 59 40
46 60 44
46 61 72
46 62 1
46 63 61
46 64 22
46 65 24
46 66 54
46 67 57
46 68 30
46 69 35
46 70 70
46 71 32
46 72 59
46 73 46
46 74 65
46 75 26
46 76 43
46 77 81
46 78 54
46 79 30
46 80 71
46 81 77
46 82 20
46 83 16
46 84 25
46 85 69
46 86 21
46 87 60
46 88 9
46 89 66
46 90 30
47 48 9
47 49 7
47 50 16
47 51 40
47 52 45
47 53 14
47 54 7
47 55 52
47 56 56
47 57 25
47 58 57
47 59 31
47 60 41
47 61 18
47 62 42
47 63 19
47 64 5
47 65 74
47 66 22
47 67 57
47 68 16
47 69 53
47 70 15
47 71 51
47 72 2
47 73 89
47 74 59
47 75 78
47 76 31
47 77 63
47 78 16
47 79 30
47 80 17
47 81 64
47 82 56
47 83 34
47 84 50
47 85 64
47 86 67
47 87 16
47 88 17
47 89 57
47 90 29
48 49 55
48 50 59
48 51 79
48 52 36
48 53 87
48 54 6
48 55 74
48 56 0
48 57 79
48 58 25
48 59 78
48 60 69
48 61 52
48 62 14
48 63 20
48 64 62
48 65 42
48 66 1
48 67 37
48 68 40
48 69 19
48 70 16
48 71 77
48 72 83
48 73 26
48 74 49
48 75 24
48 76 59
48 77 34
48 78 14
48 79 10
48 80 39
48 81 74
48 82 47
48 83 72
48 84 85
48 85 74
48 86 45
48 87 85
48 88 50
48 89 31
48 90 4
49 50 80
49 51 81
49 52 69
49 53 67
49 54 30
49 55 79
49 56 33
49 57 46
49 58 60
49 59 4
49 60 45
49 61 73
49 62 27
49 63 32
49 64 50
49 65 10
49 66 59
49 67 48
49 68 62
49 69 20
49 70 76
49 71 0
49 72 49
49 73 69
49 74 84
49 75 72
49 76 13
49 77 11
49 78 57
49 79 2
49 80 23
49 81 20
49 82 26
49 83 27
49 84 70
49 85 48
49 86 55
49 87 52
49 88 41
49 89 72
49 90 30
50 51 74
50 52 45
50 53 6
50 54 55
50 55 20
50 56 44
50 57 67
50 58 46
50 59 32
50 60 45
50 61 44
50 62 44
50 63 5
50 64 56
50 65 53
50 66 0
50 67 44
50 68 48
50 69 21
50 70 55
50 71 84
50 72 22
50 73 41
50 74 75
50 75 38
50 76 51
50 77 47
50 78 54
50 79 69
50 80 68
50 81 60
50 82 63
50 83 25
50 84 62
50 85 41
50 86 28
50 87 82
50 88 61
50 89 74
50 90 63
51 52 79
51 53 65
51 54 59
51 55 88
51 56 85
51 57 84
51 58 46
51 59 55
51 60 59
51 61 36
51 62 57
51 63 26
51 64 32
51 65 78
51 66 3
51 67 46
51 68 12
51 69 6
51 70 49
51 71 58
51 72 51
51 73 86
51 74 73
51 75 18
51 76 0
51 77 61
51 78 19
51 79 23
51 80 59
51 81 31
51 82 31
51 83 25
51 84 52
51 85 71
51 86 22
51 87 9
51 88 63
51 89 65
51 90 23
52 53 34
52 54 23
52 55 8
52 56 14
52 57 76
52 58 76
52 59 11
52 60 27
52 61 41
52 62 53
52 63 76
52 64 57
52 65 80
52 66 65
52 67 24
52 68 52
52 69 9
52 70 54
52 71 31
52 72 32
52 73 43
52 74 6
52 75 50
52 76 34
52 77 89
52 78 29
52 79 9
52 80 84
52 81 49
52 82 83
52 83 46
52 84 0
52 85 25
52 86 0
52 87 85
52 88 6
52 89 52
52 90 89
53 54 83
53 55 9
53 56 8
53 57 59
53 58 39
53 59 34
53 60 23
53 61 84
53 62 36
53 63 60
53 64 87
53 65 43
53 66 2
53 67 13
53 68 3
53 69 83
53 70 4
53 71 32
53 72 52
53 73 5
53 74 21
53 75 32
53 76 2
53 77 58
53 78 50
53 79 62
53 80 3
53 81 52
53 82 87
53 83 5
53 84 88
53 85 79
53 86 35
53 87 22
53 88 77
53 89 44
53 90 19
54 55 20
54 56 54
54 57 71
54 58 22
54 59 74
54 60 4
54 61 60
54 62 84
54 63 26
54 64 33
54 65 41
54 66 68
54 67 55
54 68 44
54 69 44
54 70 70
54 71 4
54 72 10
54 73 53
54 74 76
54 75 63
54 76 23
54 77 24
54 78 63
54 79 61
54 80 18
54 81 67
54 82 6
54 83 52
54 84 81
54 85 10
54 86 56
54 87 59
54 88 69
54 89 38
54 90 38
55 56 64
55 57 71
55 58 21
55 59 29
55 60 33
55 61 79
55 62 50
55 63 12
55 64 44
55 65 83
55 66 36
55 67 4
55 68 70
55 69 53
55 70 46
55 71 66
55 72 29
55 73 6
55 74 18
55 75 89
55 76 55
55 77 63
55 78 22
55 79 86
55 80 62
55 81 68
55 82 0
55 83 69
55 84 26
55 85 8
55 86 49
55 87 49
55 88 50
55 89 71
55 90 24
56 57 42
56 58 55
56 59 25
56 60 17
56 61 89
56 62 9
56 63 40
56 64 30
56 65 10
56 66 50
56 67 51
56 68 35
56 69 53
56 70 17
56 71 45
56 72 24
56 73 72
56 74 22
56 75 88
56 76 63
56 77 1
56 78 25
56 79 69
56 80 10
56 81 7
56 82 9
56 83 74
56 84 50
56 85 2
56 86 18
56 87 17
56 88 34
56 89 75
56 90 78
57 58 38
57 59 28
57 60 88
57 61 53
57 62 72
57 63 80
57 64 12
57 65 78
57 66 4
57 67 58
57 68 68
57 69 31
57 70 53
57 71 68
57 72 8
57 73 87
57 74 20
57 75 31
57 76 11
57 77 71
57 78 57
57 79 63
57 80 42
57 81 83
57 82 53
57 83 33
57 84 38
57 85 76
57 86 24
57 87 13
57 88 21
57 89 25
57 90 65
58 59 22
58 60 80
58 61 33
58 62 58
58 63 68
58 64 11
58 65 71
58 66 71
58 67 20
58 68 24
58 69 17
58 70 57
58 71 63
58 72 38
58 73 32
58 74 40
58 75 57
58 76 85
58 77 68
58 78 12
58 79 36
58 80 40
58 81 42
58 82 89
58 83 35
58 84 84
58 85 73
58 86 22
58 87 15
58 88 3
58 89 34
58 90 30
59 60 58
59 61 69
59 62 84
59 63 11
59 64 22
59 65 53
59 66 41
59 67 15
59 68 28
59 69 37
59 70 50
59 71 33
59 72 23
59 73 27
59 74 58
59 75 75
59 76 2
59 77 41
59 78 44
59 79 18
59 80 63
59 81 54
59 82 79
59 83 47
59 84 6
59 85 53
59 86 77
59 87 21
59 88 88
59 89 34
59 90 10
60 61 33
60 62 18
60 63 74
60 64 67
60 65 40
60 66 57
60 67 20
60 68 41
60 69 5
60 70 4
60 71 40
60 72 89
60 73 26
60 74 38
60 75 15
60 76 39
60 77 12
60 78 39
60 79 12
60 80 86
60 81 16
60 82 62
60 83 42
60 84 78
60 85 82
60 86 4
60 87 21
60 88 81
60 89 73
60 90 21
61 62 25
61 63 1
61 64 29
61 65 19
61 66 85
61 67 58
61 68 89
61 69 56
61 70 55
61 71 32
61 72 69
61 73 40
61 74 62
61 75 35
61 76 86
61 77 75
61 78 7
61 79 87
61 80 12
61 81 38
61 82 70
61 83 22
61 84 76
61 85 40
61 86 89
61 87 34
61 88 65
61 89 39
61 90 46
62 63 20
62 64 17
62 65 57
62 66 46
62 67 5
62 68 62
62 69 25
62 70 46
62 71 67
62 72 8
62 73 30
62 74 84
62 75 31
62 76 39
62 77 7
62 78 72
62 79 59
62 80 33
62 81 64
62 82 45
62 83 81
62 84 23
62 85 66
62 86 78
62 87 34
62 88 75
62 89 48
62 90 63
63 64 20
63 65 66
63 66 68
63 67 85
63 68 70
63 69 18
63 70 15
63 71 24
63 72 19
63 73 6
63 74 30
63 75 77
63 76 49
63 77 28
63 78 10
63 79 70
63 80 76
63 81 87
63 82 22
63 83 3
63 84 74
63 85 52
63 86 21
63 87 21
63 88 13
63 89 3
63 90 58
64 65 5
64 66 43
64 67 67
64 68 16
64 69 28
64 70 55
64 71 22
64 72 23
64 73 6
64 74 37
64 75 19
64 76 86
64 77 38
64 78 49
64 79 36
64 80 62
64 81 13
64 82 73
64 83 61
64 84 81
64 85 16
64 86 4
64 87 7
64 88 30
64 89 15
64 90 8
65 66 73
65 67 16
65 68 8
65 69 23
65 70 69
65 71 66
65 72 62
65 73 44
65 74 42
65 75 27
65 76 58
65 77 73
65 78 74
65 79 27
65 80 2
65 81 41
65 82 39
65 83 22
65 84 50
65 85 31
65 86 44
65 87 6
65 88 85
65 89 27
65 90 77
66 67 23
66 68 70
66 69 66
66 70 11
66 71 52
66 72 79
66 73 86
66 74 5
66 75 71
66 76 47
66 77 63
66 78 44
66 79 30
66 80 41
66 81 53
66 82 14
66 83 2
66 84 73
66 85 11
66 86 49
66 87 14
66 88 2
66 89 38
66 90 78
67 68 74
67 69 13
67 70 84
67 71 58
67 72 0
67 73 47
67 74 22
67 75 88
67 76 50
67 77 57
67 78 62
67 79 23
67 80 71
67 81 18
67 82 39
67 83 32
67 84 55
67 85 80
67 86 84
67 87 54
67 88 40
67 89 55
67 90 64
68 69 24
68 70 69
68 71 42
68 72 75
68 73 30
68 74 4
68 75 79
68 76 30
68 77 52
68 78 78
68 79 75
68 80 43
68 81 10
68 82 39
68 83 56
68 84 81
68 85 8
68 86 49
68 87 60
68 88 5
68 89 87
68 90 18
69 70 81
69 71 43
69 72 42
69 73 9
69 74 2
69 75 57
69 76 15
69 77 13
69 78 4
69 79 23
69 80 60
69 81 0
69 82 40
69 83 2
69 84 19
69 85 79
69 86 68
69 87 0
69 88 22
69 89 56
69 90 6
70 71 62
70 72 17
70 73 10
70 74 72
70 75 30
70 76 28
70 77 88
70 78 72
70 79 18
70 80 46
70 81 55
70 82 71
70 83 70
70 84 36
70 85 30
70 86 85
70 87 73
70 88 56
70 89 53
70 90 34
71 72 66
71 73 88
71 74 68
71 75 44
71 76 20
71 77 55
71 78 60
71 79 7
71 80 54
71 81 18
71 82 53
71 83 74
71 84 63
71 85 67
71 86 32
71 87 67
71 88 13
71 89 7
71 90 9
72 73 43
72 74 33
72 75 17
72 76 57
72 77 9
72 78 13
72 79 81
72 80 3
72 81 50
72 82 66
72 83 0
72 84 13
72 85 48
72 86 38
72 87 37
72 88 32
72 89 18
72 90 51
73 74 28
73 75 32
73 76 47
73 77 58
73 78 1
73 79 42
73 80 59
73 81 2
73 82 33
73 83 41
73 84 8
73 85 77
73 86 14
73 87 45
73 88 36
73 89 81
73 90 47
74 75 75
74 76 40
74 77 45
74 78 41
74 79 29
74 80 56
74 81 23
74 82 63
74 83 75
74 84 45
74 85 34
74 86 53
74 87 88
74 88 69
74 89 7
74 90 81
75 76 32
75 77 23
75 78 74
75 79 47
75 80 71
75 81 83
75 82 26
75 83 51
75 84 16
75 85 45
75 86 5
75 87 65
75 88 23
75 89 48
75 90 61
76 77 67
76 78 66
76 79 61
76 80 69
76 81 8
76 82 47
76 83 60
76 84 71
76 85 40
76 86 86
76 87 42
76 88 10
76 89 16
76 90 53
77 78 59
77 79 83
77 80 47
77 81 72
77 82 19
77 83 72
77 84 81
77 85 41
77 86 25
77 87 59
77 88 73
77 89 4
77 90 49
78 79 42
78 80 28
78 81 13
78 82 73
78 83 42
78 84 76
78 85 84
78 86 30
78 87 16
78 88 85
78 89 63
78 90 16
79 80 71
79 81 88
79 82 1
79 83 13
79 84 33
79 85 76
79 86 69
79 87 64
79 88 3
79 89 47
79 90 37
80 81 28
80 82 24
80 83 22
80 84 59
80 85 45
80 86 84
80 87 13
80 88 67
80 89 19
80 90 40
81 82 46
81 83 68
81 84 10
81 85 22
81 86 70
81 87 0
81 88 50
81 89 18
81 90 15
82 83 12
82 84 14
82 85 56
82 86 2
82 87 65
82 88 29
82 89 11
82 90 68
83 84 74
83 85 14
83 86 36
83 87 51
83 88 20
83 89 9
83 90 28
84 85 27
84 86 37
84 87 53
84 88 45
84 89 64
84 90 85
85 86 30
85 87 0
85 88 87
85 89 35
85 90 24
86 87 32
86 88 1
86 89 85
86 90 22
87 88 56
87 89 85
87 90 57
88 89 87
88 90 5
89 90 27
