80 3160
1 2 3
1 3 46
1 4 27
1 5 30
1 6 61
1 7 2
1 8 26
1 9 78
1 10 50
1 11 58
1 12 10
1 13 32
1 14 36
1 15 55
1 16 21
1 17 39
1 18 40
1 19 72
1 20 1
1 21 76
1 22 70
1 23 43
1 24 65
1 25 32
1 26 20
1 27 8
1 28 77
1 29 64
1 30 36
1 31 41
1 32 8
1 33 46
1 34 8
1 35 28
1 36 61
1 37 7
1 38 23
1 39 61
1 40 4
1 41 46
1 42 52
1 43 24
1 44 7
1 45 33
1 46 15
1 47 75
1 48 54
1 49 43
1 50 61
1 51 71
1 52 19
1 53 26
1 54 3
1 55 11
1 56 16
1 57 12
1 58 50
1 59 64
1 60 1
1 61 41
1 62 55
1 63 20
1 64 52
1 65 25
1 66 34
1 67 57
1 68 40
1 69 11
1 70 65
1 71 76
1 72 59
1 73 79
1 74 23
1 75 7
1 76 32
1 77 1
1 78 25
1 79 73
1 80 8
2 3 71
2 4 75
2 5 11
2 6 74
2 7 25
2 8 60
2 9 61
2 10 70
2 11 62
2 12 32
2 13 17
2 14 6
2 15 33
2 16 49
2 17 15
2 18 67
2 19 71
2 20 67
2 21 78
2 22 55
2 23 28
2 24 13
2 25 17
2 26 16
2 27 50
2 28 21
2 29 48
2 30 77
2 31 9
2 32 25
2 33 52
2 34 24
2 35 57
2 36 77
2 37 73
2 38 78
2 39 78
2 40 32
2 41 28
2 42 8
2 43 31
2 44 8
2 45 63
2 46 56
2 47 58
2 48 46
2 49 22
2 50 45
2 51 12
2 52 19
2 53 74
2 54 29
2 55 34
2 56 35
2 57 36
2 58 41
2 59 11
2 60 8
2 61 6
2 62 74
2 63 40
2 64 39
2 65 72
2 66 8
2 67 23
2 68 29
2 69 51
2 70 55
2 71 24
2 72 67
2 73 30
2 74 3
2 75 61
2 76 15
2 77 55
2 78 17
2 79 46
2 80 5
3 4 4
3 5 48
3 6 60
3 7 8
3 8 57
3 9 79
3 10 9
3 11 42
3 12 72
3 13 46
3 14 10
3 15 25
3 16 10
3 17 64
3 18 2
3 19 48
3 20 60
3 21 62
3 22 26
3 23 32
3 24 30
3 25 26
3 26 53
3 27 62
3 28 60
3 29 50
3 30 51
3 31 9
3 32 13
3 33 28
3 34 34
3 35 57
3 36 41
3 37 60
3 38 10
3 39 6
3 40 79
3 41 28
3 42 34
3 43 78
3 44 79
3 45 20
3 46 38
3 47 54
3 48 59
3 49 3
3 50 34
3 51 27
3 52 32
3 53 49
3 54 75
3 55 78
3 56 11
3 57 10
3 58 47
3 59 73
3 60 1
3 61 66
3 62 72
3 63 72
3 64 44
3 65 66
3 66 33
3 67 40
3 68 69
3 69 26
3 70 15
3 71 42
3 72 71
3 73 53
3 74 54
3 75 53
3 76 65
3 77 23
3 78 72
3 79 71
3 80 45
4 5 14
4 6 57
4 7 60
4 8 76
4 9 32
4 10 46
4 11 50
4 12 44
4 13 50
4 14 22
4 15 41
4 16 65
4 17 22
4 18 43
4 19 78
4 20 4
4 21 1
4 22 39
4 23 79
4 24 62
4 25 62
4 26 10
4 27 72
4 28 4
4 29 57
4 30 76
4 31 33
4 32 7
4 33 10
4 34 16
4 35 0
4 36 31
4 37 79
4 38 60
4 39 10
4 40 71
4 41 27
4 42 60
4 43 45
4 44 41
4 45 67
4 46 52
4 47 60
4 48 52
4 49 63
4 50 16
4 51 76
4 52 75
4 53 67
4 54 23
4 55 10
4 56 53
4 57 38
4 58 73
4 59 34
4 60 5
4 61 78
4 62 17
4 63 46
4 64 6
4 65 30
4 66 75
4 67 52
4 68 42
4 69 52
4 70 70
4 71 22
4 72 62
4 73 36
4 74 7
4 75 49
4 76 74
4 77 48
4 78 75
4 79 9
4 80 45
5 6 33
5 7 42
5 8 3
5 9 9
5 10 7
5 11 43
5 12 39
5 13 46
5 14 6
5 15 54
5 16 49
5 17 54
5 18 9
5 19 7
5 20 39
5 21 76
5 22 15
5 23 6
5 24 19
5 25 72
5 26 34
5 27 25
5 28 61
5 29 72
5 30 73
5 31 16
5 32 35
5 33 19
5 34 27
5 35 65
5 36 61
5 37 50
5 38 17
5 39 77
5 40 32
5 41 61
5 42 17
5 43 13
5 44 35
5 45 54
5 46 32
5 47 55
5 48 4
5 49 5
5 50 64
5 51 19
5 52 43
5 53 75
5 54 26
5 55 24
5 56 63
5 57 29
5 58 79
5 59 75
5 60 79
5 61 45
5 62 12
5 63 16
5 64 64
5 65 10
5 66 23
5 67 42
5 68 61
5 69 74
5 70 37
5 71 3
5 72 76
5 73 56
5 74 79
5 75 4
5 76 60
5 77 58
5 78 40
5 79 6
5 80 39
6 7 5
6 8 8
6 9 51
6 10 74
6 11 46
6 12 28
6 13 43
6 14 62
6 15 77
6 16 40
6 17 9
6 18 27
6 19 62
6 20 23
6 21 55
6 22 29
6 23 33
6 24 54
6 25 72
6 26 61
6 27 57
6 28 76
6 29 79
6 30 20
6 31 22
6 32 36
6 33 50
6 34 5
6 35 73
6 36 17
6 37 27
6 38 28
6 39 10
6 40 53
6 41 74
6 42 29
6 43 16
6 44 27
6 45 43
6 46 36
6 47 56
6 48 65
6 49 43
6 50 72
6 51 33
6 52 39
6 53 19
6 54 49
6 55 53
6 56 20
6 57 47
6 58 57
6 59 17
6 60 17
6 61 8
6 62 10
6 63 34
6 64 77
6 65 76
6 66 59
6 67 14
6 68 8
6 69 43
6 70 19
6 71 42
6 72 76
6 73 62
6 74 39
6 75 6
6 76 50
6 77 12
6 78 63
6 79 23
6 80 16
7 8 63
7 9 7
7 10 10
7 11 55
7 12 76
7 13 53
7 14 25
7 15 61
7 16 23
7 17 48
7 18 57
7 19 53
7 20 21
7 21 31
7 22 24
7 23 40
7 24 7
7 25 13
7 26 18
7 27 40
7 28 4
7 29 18
7 30 26
7 31 70
7 32 44
7 33 41
7 34 11
7 35 14
7 36 71
7 37 53
7 38 5
7 39 25
7 40 7
7 41 65
7 42 61
7 43 15
7 44 17
7 45 69
7 46 29
7 47 6
7 48 24
7 49 45
7 50 22
7 51 34
7 52 25
7 53 27
7 54 45
7 55 51
7 56 56
7 57 25
7 58 39
7 59 75
7 60 69
7 61 68
7 62 8
7 63 75
7 64 71
7 65 61
7 66 10
7 67 50
7 68 66
7 69 15
7 70 19
7 71 56
7 72 15
7 73 70
7 74 15
7 75 5
7 76 9
7 77 47
7 78 1
7 79 68
7 80 69
8 9 46
8 10 76
8 11 43
8 12 6
8 13 16
8 14 60
8 15 31
8 16 42
8 17 15
8 18 0
8 19 71
8 20 53
8 21 28
8 22 63
8 23 61
8 24 47
8 25 57
8 26 31
8 27 18
8 28 75
8 29 21
8 30 58
8 31 64
8 32 63
8 33 70
8 34 70
8 35 75
8 36 26
8 37 13
8 38 44
8 39 45
8 40 17
8 41 8
8 42 57
8 43 47
8 44 35
8 45 0
8 46 64
8 47 4
8 48 55
8 49 9
8 50 0
8 51 32
8 52 11
8 53 48
8 54 58
8 55 26
8 56 63
8 57 9
8 58 14
8 59 23
8 60 4
8 61 53
8 62 75
8 63 58
8 64 42
8 65 5
8 66 45
8 67 75
8 68 2
8 69 2
8 70 58
8 71 19
8 72 19
8 73 24
8 74 31
8 75 1
8 76 69
8 77 63
8 78 18
8 79 16
8 80 13
9 10 11
9 11 57
9 12 71
9 13 69
9 14 43
9 15 60
9 16 79
9 17 69
9 18 33
9 19 19
9 20 20
9 21 37
9 22 40
9 23 67
9 24 78
9 25 46
9 26 79
9 27 11
9 28 3
9 29 76
9 30 71
9 31 76
9 32 67
9 33 13
9 34 23
9 35 52
9 36 12
9 37 73
9 38 63
9 39 23
9 40 79
9 41 59
9 42 46
9 43 34
9 44 5
9 45 68
9 46 72
9 47 51
9 48 48
9 49 13
9 50 22
9 51 45
9 52 9
9 53 48
9 54 16
9 55 53
9 56 38
9 57 4
9 58 72
9 59 78
9 60 66
9 61 65
9 62 78
9 63 30
9 64 4
9 65 57
9 66 67
9 67 69
9 68 58
9 69 16
9 70 63
9 71 64
9 72 9
9 73 8
9 74 32
9 75 16
9 76 71
9 77 21
9 78 3
9 79 62
9 80 20
10 11 69
10 12 66
10 13 50
10 14 33
10 15 15
10 16 33
10 17 75
10 18 3
10 19 65
10 20 22
10 21 6
10 22 46
10 23 41
10 24 36
10 25 36
10 26 41
10 27 34
10 28 5
10 29 38
10 30 31
10 31 77
10 32 51
10 33 78
10 34 73
10 35 16
10 36 27
10 37 0
10 38 52
10 39 79
10 40 5
10 41 5
10 42 12
10 43 61
10 44 20
10 45 58
10 46 72
10 47 13
10 48 68
10 49 3
10 50 25
10 51 55
10 52 7
10 53 76
10 54 19
10 55 58
10 56 45
10 57 11
10 58 34
10 59 72
10 60 13
10 61 0
10 62 56
10 63 9
10 64 30
10 65 44
10 66 76
10 67 39
10 68 67
10 69 61
10 70 2
10 71 47
10 72 49
10 73 12
10 74 59
10 75 40
10 76 2
10 77 20
10 78 72
10 79 69
10 80 76
11 12 38
11 13 7
11 14 59
11 15 19
11 16 51
11 17 68
11 18 30
11 19 0
11 20 32
11 21 41
11 22 26
11 23 37
11 24 28
11 25 32
11 26 61
11 27 75
11 28 73
11 29 35
11 30 69
11 31 56
11 32 54
11 33 45
11 34 16
11 35 25
11 36 39
11 37 77
11 38 59
11 39 46
11 40 27
11 41 69
11 42 45
11 43 16
11 44 9
11 45 8
11 46 44
11 47 32
11 48 5
11 49 64
11 50 71
11 51 31
11 52 62
11 53 29
11 54 78
11 55 49
11 56 11
11 57 53
11 58 73
11 59 2
11 60 29
11 61 74
11 62 69
11 63 17
11 64 30
11 65 27
11 66 13
11 67 10
11 68 29
11 69 28
11 70 12
11 71 79
11 72 40
11 73 47
11 74 35
11 75 6
11 76 3
11 77 52
11 78 47
11 79 5
11 80 54
12 13 16
12 14 26
12 15 8
12 16 65
12 17 40
12 18 0
12 19 18
12 20 35
12 21 18
12 22 20
12 23 11
12 24 27
12 25 65
12 26 72
12 27 11
12 28 61
12 29 46
12 30 39
12 31 73
12 32 18
12 33 52
12 34 41
12 35 37
12 36 77
12 37 30
12 38 38
12 39 31
12 40 27
12 41 50
12 42 52
12 43 20
12 44 33
12 45 6
12 46 2
12 47 4
12 48 6
12 49 67
12 50 1
12 51 18
12 52 17
12 53 47
12 54 15
12 55 15
12 56 76
12 57 69
12 58 23
12 59 78
12 60 73
12 61 34
12 62 62
12 63 7
12 64 69
12 65 75
12 66 28
12 67 51
12 68 45
12 69 16
12 70 9
12 71 58
12 72 0
12 73 15
12 74 31
12 75 68
12 76 78
12 77 72
12 78 74
12 79 2
12 80 42
13 14 79
13 15 17
13 16 9
13 17 74
13 18 23
13 19 39
13 20 59
13 21 56
13 22 24
13 23 31
13 24 27
13 25 16
13 26 60
13 27 68
13 28 12
13 29 26
13 30 20
13 31 53
13 32 29
13 33 44
13 34 16
13 35 42
13 36 36
13 37 27
13 38 53
13 39 17
13 40 34
13 41 19
13 42 45
13 43 43
13 44 3
13 45 78
13 46 60
13 47 43
13 48 3
13 49 59
13 50 28
13 51 68
13 52 3
13 53 17
13 54 13
13 55 20
13 56 21
13 57 20
13 58 33
13 59 14
13 60 49
13 61 63
13 62 8
13 63 63
13 64 79
13 65 17
13 66 13
13 67 45
13 68 7
13 69 49
13 70 73
13 71 66
13 72 60
13 73 63
13 74 24
13 75 24
13 76 68
13 77 71
13 78 6
13 79 7
13 80 10
14 15 0
14 16 16
14 17 11
14 18 2
14 19 15
14 20 50
14 21 67
14 22 40
14 23 76
14 24 38
14 25 52
14 26 17
14 27 57
14 28 72
14 29 50
14 30 73
14 31 60
14 32 40
14 33 11
14 34 10
14 35 78
14 36 58
14 37 13
14 38 0
14 39 45
14 40 33
14 41 9
14 42 25
14 43 70
14 44 45
14 45 76
14 46 47
14 47 48
14 48 79
14 49 48
14 50 6
14 51 9
14 52 54
14 53 73
14 54 42
14 55 55
14 56 64
14 57 33
14 58 65
14 59 73
14 60 31
14 61 33
14 62 40
14 63 78
14 64 72
14 65 53
14 66 45
14 67 59
14 68 77
14 69 7
14 70 56
14 71 78
14 72 9
14 73 18
14 74 4
14 75 36
14 76 75
14 77 36
14 78 59
14 79 50
14 80 56
15 16 70
15 17 7
15 18 3
15 19 72
15 20 46
15 21 29
15 22 62
15 23 74
15 24 15
15 25 20
15 26 49
15 27 5
15 28 22
15 29 35
15 30 33
15 31 17
15 32 1
15 33 71
15 34 26
15 35 20
15 36 23
15 37 26
15 38 59
15 39 75
15 40 27
15 41 63
15 42 14
15 43 10
15 44 2
15 45 78
15 46 71
15 47 45
15 48 62
15 49 48
15 50 34
15 51 42
15 52 22
15 53 44
15 54 48
15 55 22
15 56 16
15 57 9
15 58 24
15 59 46
15 60 11
15 61 58
15 62 55
15 63 25
15 64 60
15 65 53
15 66 76
15 67 57
15 68 7
15 69 35
15 70 71
15 71 3
15 72 8
15 73 43
15 74 46
15 75 41
15 76 70
15 77 45
15 78 43
15 79 21
15 80 9
16 17 11
16 18 28
16 19 71
16 20 60
16 21 0
16 22 3
16 23 42
16 24 77
16 25 12
16 26 12
16 27 42
16 28 41
16 29 17
16 30 25
16 31 58
16 32 0
16 33 77
16 34 20
16 35 20
16 36 37
16 37 2
16 38 4
16 39 23
16 40 48
16 41 17
16 42 49
16 43 4
16 44 60
16 45 74
16 46 39
16 47 15
16 48 49
16 49 60
16 50 44
16 51 22
16 52 2
16 53 7
16 54 7
16 55 57
16 56 74
16 57 59
16 58 16
16 59 77
16 60 63
16 61 10
16 62 37
16 63 47
16 64 58
16 65 55
16 66 22
16 67 62
16 68 46
16 69 31
16 70 56
16 71 36
16 72 63
16 73 24
16 74 13
16 75 26
16 76 13
16 77 12
16 78 29
16 79 75
16 80 49
17 18 10
17 19 9
17 20 43
17 21 68
17 22 34
17 23 8
17 24 25
17 25 50
17 26 47
17 27 65
17 28 59
17 29 50
17 30 4
17 31 78
17 32 69
17 33 4
17 34 55
17 35 10
17 36 39
17 37 64
17 38 6
17 39 14
17 40 68
17 41 21
17 42 75
17 43 77
17 44 50
17 45 31
17 46 25
17 47 65
17 48 57
17 49 29
17 50 45
17 51 13
17 52 11
17 53 31
17 54 6
17 55 70
17 56 70
17 57 40
17 58 74
17 59 37
17 60 73
17 61 27
17 62 53
17 63 64
17 64 49
17 65 70
17 66 48
17 67 72
17 68 41
17 69 0
17 70 24
17 71 75
17 72 6
17 73 15
17 74 40
17 75 59
17 76 13
17 77 21
17 78 23
17 79 15
17 80 79
18 19 13
18 20 47
18 21 35
18 22 9
18 23 9
18 24 41
18 25 38
18 26 42
18 27 45
18 28 78
18 29 71
18 30 56
18 31 22
18 32 44
18 33 44
18 34 49
18 35 42
18 36 0
18 37 42
18 38 30
18 39 17
18 40 9
18 41 45
18 42 50
18 43 73
18 44 79
18 45 13
18 46 57
18 47 4
18 48 54
18 49 56
18 50 16
18 51 42
18 52 41
18 53 19
18 54 0
18 55 78
18 56 60
18 57 74
18 58 69
18 59 66
18 60 76
18 61 30
18 62 0
18 63 44
18 64 5
18 65 41
18 66 22
18 67 75
18 68 10
18 69 68
18 70 27
18 71 73
18 72 39
18 73 36
18 74 61
18 75 45
18 76 38
18 77 63
18 78 28
18 79 67
18 80 18
19 20 28
19 21 31
19 22 67
19 23 4
19 24 44
19 25 67
19 26 46
19 27 5
19 28 10
19 29 6
19 30 44
19 31 66
19 32 30
19 33 11
19 34 26
19 35 70
19 36 16
19 37 5
19 38 38
19 39 15
19 40 74
19 41 49
19 42 72
19 43 70
19 44 46
19 45 44
19 46 30
19 47 52
19 48 51
19 49 17
19 50 1
19 51 8
19 52 44
19 53 35
19 54 24
19 55 48
19 56 23
19 57 14
19 58 32
19 59 46
19 60 50
19 61 14
19 62 79
19 63 76
19 64 52
19 65 41
19 66 54
19 67 33
19 68 52
19 69 3
19 70 49
19 71 53
19 72 76
19 73 37
19 74 50
19 75 10
19 76 62
19 77 78
19 78 18
19 79 28
19 80 45
20 21 77
20 22 58
20 23 58
20 24 57
20 25 6
20 26 64
20 27 20
20 28 26
20 29 72
20 30 23
20 31 72
20 32 18
20 33 28
20 34 14
20 35 29
20 36 26
20 37 35
20 38 16
20 39 16
20 40 25
20 41 31
20 42 25
20 43 42
20 44 50
20 45 79
20 46 18
20 47 7
20 48 16
20 49 47
20 50 28
20 51 36
20 52 28
20 53 2
20 54 10
20 55 45
20 56 74
20 57 66
20 58 20
20 59 73
20 60 8
20 61 34
20 62 35
20 63 22
20 64 31
20 65 24
20 66 7
20 67 42
20 68 53
20 69 43
20 70 49
20 71 57
20 72 70
20 73 14
20 74 66
20 75 51
20 76 25
20 77 67
20 78 63
20 79 38
20 80 22
21 22 45
21 23 62
21 24 43
21 25 21
21 26 57
21 27 8
21 28 13
21 29 71
21 30 16
21 31 72
21 32 6
21 33 60
21 34 77
21 35 56
21 36 60
21 37 14
21 38 1
21 39 46
21 40 21
21 41 53
21 42 49
21 43 48
21 44 6
21 45 58
21 46 31
21 47 49
21 48 25
21 49 4
21 50 79
21 51 18
21 52 16
21 53 68
21 54 70
21 55 44
21 56 14
21 57 35
21 58 76
21 59 37
21 60 39
21 61 47
21 62 24
21 63 60
21 64 70
21 65 63
21 66 41
21 67 67
21 68 68
21 69 45
21 70 12
21 71 38
21 72 66
21 73 57
21 74 43
21 75 35
21 76 50
21 77 65
21 78 6
21 79 45
21 80 62
22 23 40
22 24 6
22 25 58
22 26 1
22 27 54
22 28 63
22 29 79
22 30 51
22 31 75
22 32 13
22 33 18
22 34 21
22 35 77
22 36 77
22 37 27
22 38 10
22 39 52
22 40 53
22 41 34
22 42 76
22 43 42
22 44 64
22 45 61
22 46 44
22 47 15
22 48 52
22 49 30
22 50 18
22 51 69
22 52 17
22 53 62
22 54 12
22 55 28
22 56 51
22 57 56
22 58 70
22 59 6
22 60 57
22 61 76
22 62 6
22 63 19
22 64 79
22 65 72
22 66 0
22 67 13
22 68 30
22 69 35
22 70 72
22 71 45
22 72 17
22 73 56
22 74 63
22 75 72
22 76 19
22 77 31
22 78 27
22 79 57
22 80 53
23 24 47
23 25 38
23 26 73
23 27 78
23 28 31
23 29 16
23 30 40
23 31 22
23 32 77
23 33 70
23 34 26
23 35 1
23 36 79
23 37 78
23 38 38
23 39 64
23 40 65
23 41 75
23 42 71
23 43 27
23 44 0
23 45 71
23 46 39
23 47 0
23 48 59
23 49 17
23 50 41
23 51 64
23 52 1
23 53 78
23 54 61
23 55 67
23 56 65
23 57 41
23 58 74
23 59 75
23 60 8
23 61 27
23 62 68
23 63 47
23 64 9
23 65 18
23 66 49
23 67 61
23 68 57
23 69 42
23 70 14
23 71 41
23 72 45
23 73 2
23 74 8
23 75 42
23 76 49
23 77 56
23 78 61
23 79 69
23 80 58
24 25 42
24 26 56
24 27 23
24 28 8
24 29 53
24 30 18
24 31 60
24 32 13
24 33 2
24 34 73
24 35 52
24 36 42
24 37 34
24 38 79
24 39 33
24 40 70
24 41 78
24 42 61
24 43 60
24 44 22
24 45 32
24 46 50
24 47 46
24 48 7
24 49 47
24 50 42
24 51 26
24 52 7
24 53 16
24 54 16
24 55 34
24 56 77
24 57 1
24 58 76
24 59 23
24 60 10
24 61 65
24 62 17
24 63 67
24 64 51
24 65 38
24 66 20
24 67 52
24 68 49
24 69 20
24 70 27
24 71 34
24 72 79
24 73 0
24 74 8
24 75 20
24 76 2
24 77 50
24 78 16
24 79 19
24 80 49
25 26 75
25 27 69
25 28 11
25 29 39
25 30 58
25 31 27
25 32 58
25 33 72
25 34 69
25 35 33
25 36 44
25 37 16
25 38 17
25 39 8
25 40 76
25 41 79
25 42 8
25 43 31
25 44 66
25 45 51
25 46 65
25 47 43
25 48 67
25 49 52
25 50 31
25 51 76
25 52 48
25 53 32
25 54 1
25 55 7
25 56 8
25 57 26
25 58 77
25 59 15
25 60 62
25 61 51
25 62 18
25 63 7
25 64 55
25 65 1
25 66 15
25 67 56
25 68 72
25 69 34
25 70 76
25 71 19
25 72 31
25 73 68
25 74 67
25 75 71
25 76 63
25 77 49
25 78 38
25 79 30
25 80 69
26 27 49
26 28 32
26 29 39
26 30 70
26 31 74
26 32 53
26 33 78
26 34 15
26 35 46
26 36 16
26 37 4
26 38 39
26 39 22
26 40 13
26 41 63
26 42 34
26 43 2
26 44 41
26 45 54
26 46 13
26 47 22
26 48 58
26 49 43
26 50 58
26 51 45
26 52 0
26 53 71
26 54 62
26 55 77
26 56 56
26 57 26
26 58 73
26 59 47
26 60 2
26 61 0
26 62 5
26 63 34
26 64 31
26 65 34
26 66 79
26 67 31
26 68 12
26 69 12
26 70 58
26 71 51
26 72 56
26 73 48
26 74 31
26 75 1
26 76 36
26 77 68
26 78 69
26 79 0
26 80 32
27 28 16
27 29 58
27 30 48
27 31 69
27 32 71
27 33 4
27 34 50
27 35 10
27 36 64
27 37 49
27 38 57
27 39 55
27 40 22
27 41 6
27 42 17
27 43 42
27 44 41
27 45 11
27 46 42
27 47 68
27 48 78
27 49 40
27 50 8
27 51 37
27 52 26
27 53 6
27 54 19
27 55 10
27 56 68
27 57 16
27 58 51
27 59 21
27 60 49
27 61 78
27 62 31
27 63 78
27 64 10
27 65 48
27 66 28
27 67 72
27 68 7
27 69 77
27 70 35
27 71 31
27 72 38
27 73 39
27 74 7
27 75 25
27 76 3
27 77 8
27 78 28
27 79 12
27 80 63
28 29 45
28 30 79
28 31 41
28 32 15
28 33 15
28 34 25
28 35 25
28 36 23
28 37 77
28 38 40
28 39 22
28 40 5
28 41 54
28 42 20
28 43 39
28 44 0
28 45 68
28 46 78
28 47 13
28 48 65
28 49 34
28 50 56
28 51 43
28 52 63
28 53 13
28 54 15
28 55 73
28 56 43
28 57 1
28 58 2
28 59 35
28 60 65
28 61 29
28 62 78
28 63 29
28 64 54
28 65 61
28 66 29
28 67 47
28 68 74
28 69 67
28 70 19
28 71 38
28 72 61
28 73 50
28 74 16
28 75 63
28 76 22
28 77 35
28 78 57
28 79 73
28 80 67
29 30 34
29 31 77
29 32 38
29 33 11
29 34 11
29 35 26
29 36 69
29 37 68
29 38 78
29 39 50
29 40 41
29 41 21
29 42 60
29 43 33
29 44 54
29 45 50
29 46 37
29 47 23
29 48 19
29 49 59
29 50 39
29 51 34
29 52 60
29 53 47
29 54 44
29 55 66
29 56 40
29 57 32
29 58 67
29 59 41
29 60 5
29 61 77
29 62 47
29 63 70
29 64 66
29 65 12
29 66 75
29 67 0
29 68 20
29 69 21
29 70 51
29 71 38
29 72 22
29 73 24
29 74 9
29 75 3
29 76 20
29 77 78
29 78 43
29 79 72
29 80 24
30 31 0
30 32 56
30 33 52
30 34 25
30 35 10
30 36 17
30 37 18
30 38 26
30 39 28
30 40 30
30 41 28
30 42 23
30 43 4
30 44 36
30 45 50
30 46 61
30 47 1
30 48 0
30 49 3
30 50 73
30 51 29
30 52 27
30 53 44
30 54 54
30 55 50
30 56 8
30 57 12
30 58 66
30 59 47
30 60 67
30 61 2
30 62 0
30 63 58
30 64 35
30 65 32
30 66 37
30 67 13
30 68 49
30 69 28
30 70 75
30 71 14
30 72 22
30 73 37
30 74 33
30 75 38
30 76 1
30 77 70
30 78 34
30 79 25
30 80 69
31 32 21
31 33 7
31 34 7
31 35 6
31 36 45
31 37 37
31 38 72
31 39 54
31 40 58
31 41 9
31 42 34
31 43 44
31 44 9
31 45 34
31 46 27
31 47 49
31 48 46
31 49 1
31 50 16
31 51 34
31 52 61
31 53 4
31 54 51
31 55 39
31 56 49
31 57 26
31 58 47
31 59 12
31 60 70
31 61 67
31 62 5
31 63 62
31 64 1
31 65 34
31 66 9
31 67 27
31 68 14
31 69 10
31 70 2
31 71 55
31 72 72
31 73 45
31 74 45
31 75 56
31 76 2
31 77 35
31 78 72
31 79 1
31 80 5
32 33 37
32 34 30
32 35 56
32 36 77
32 37 22
32 38 33
32 39 0
32 40 53
32 41 28
32 42 48
32 43 54
32 44 59
32 45 11
32 46 62
32 47 69
32 48 37
32 49 63
32 50 29
32 51 59
32 52 50
32 53 73
32 54 49
32 55 51
32 56 31
32 57 6
32 58 42
32 59 27
32 60 55
32 61 55
32 62 26
32 63 6
32 64 51
32 65 63
32 66 1
32 67 49
32 68 25
32 69 58
32 70 75
32 71 4
32 72 7
32 73 47
32 74 43
32 75 67
32 76 50
32 77 67
32 78 22
32 79 21
32 80 37
33 34 63
33 35 70
33 36 6
33 37 24
33 38 35
33 39 2
33 40 40
33 41 38
33 42 44
33 43 35
33 44 72
33 45 3
33 46 22
33 47 79
33 48 16
33 49 14
33 50 73
33 51 6
33 52 63
33 53 68
33 54 59
33 55 49
33 56 53
33 57 60
33 58 79
33 59 75
33 60 75
33 61 35
33 62 76
33 63 19
33 64 40
33 65 37
33 66 15
33 67 3
33 68 12
33 69 53
33 70 21
33 71 19
33 72 49
33 73 53
33 74 5
33 75 28
33 76 22
33 77 54
33 78 38
33 79 74
33 80 39
34 35 1
34 36 73
34 37 51
34 38 15
34 39 62
34 40 42
34 41 51
34 42 35
34 43 0
34 44 48
34 45 23
34 46 79
34 47 43
34 48 41
34 49 54
34 50 25
34 51 79
34 52 13
34 53 77
34 54 74
34 55 79
34 56 15
34 57 41
34 58 1
34 59 40
34 60 25
34 61 34
34 62 56
34 63 16
34 64 20
34 65 27
34 66 79
34 67 35
34 68 50
34 69 61
34 70 7
34 71 4
34 72 65
34 73 13
34 74 75
34 75 49
34 76 17
34 77 45
34 78 9
34 79 27
34 80 20
35 36 5
35 37 72
35 38 14
35 39 42
35 40 11
35 41 52
35 42 19
35 43 78
35 44 53
35 45 36
35 46 52
35 47 46
35 48 31
35 49 24
35 50 48
35 51 27
35 52 66
35 53 19
35 54 47
35 55 28
35 56 53
35 57 79
35 58 1
35 59 68
35 60 4
35 61 24
35 62 4
35 63 52
35 64 57
35 65 35
35 66 76
35 67 41
35 68 30
35 69 24
35 70 72
35 71 17
35 72 21
35 73 28
35 74 22
35 75 55
35 76 27
35 77 77
35 78 34
35 79 60
35 80 62
36 37 39
36 38 16
36 39 76
36 40 31
36 41 6
36 42 25
36 43 38
36 44 49
36 45 24
36 46 3
36 47 45
36 48 42
36 49 51
36 50 1
36 51 55
36 52 36
36 53 62
36 54 66
36 55 8
36 56 4
36 57 43
36 58 57
36 59 58
36 60 9
36 61 1
36 62 31
36 63 27
36 64 21
36 65 54
36 66 16
36 67 31
36 68 1
36 69 32
36 70 21
36 71 74
36 72 4
36 73 27
36 74 60
36 75 5
36 76 74
36 77 57
36 78 40
36 79 31
36 80 73
37 38 6
37 39 38
37 40 21
37 41 5
37 42 4
37 43 36
37 44 44
37 45 52
37 46 32
37 47 66
37 48 52
37 49 23
37 50 4
37 51 44
37 52 70
37 53 50
37 54 1
37 55 12
37 56 10
37 57 65
37 58 63
37 59 54
37 60 73
37 61 40
37 62 67
37 63 8
37 64 1
37 65 43
37 66 20
37 67 44
37 68 26
37 69 38
37 70 4
37 71 69
37 72 45
37 73 21
37 74 37
37 75 23
37 76 53
37 77 68
37 78 42
37 79 58
37 80 11
38 39 60
38 40 41
38 41 15
38 42 50
38 43 79
38 44 0
38 45 51
38 46 51
38 47 70
38 48 47
38 49 2
38 50 50
38 51 31
38 52 29
38 53 69
38 54 59
38 55 8
38 56 68
38 57 48
38 58 58
38 59 29
38 60 8
38 61 10
38 62 47
38 63 9
38 64 44
38 65 69
38 66 60
38 67 29
38 68 7
38 69 58
38 70 72
38 71 45
38 72 22
38 73 39
38 74 68
38 75 62
38 76 8
38 77 75
38 78 62
38 79 41
38 80 1
39 40 59
39 41 51
39 42 14
39 43 70
39 44 36
39 45 74
39 46 46
39 47 59
39 48 49
39 49 30
39 50 9
39 51 45
39 52 48
39 53 61
39 54 35
39 55 73
39 56 37
39 57 58
39 58 47
39 59 3
39 60 54
39 61 55
39 62 44
39 63 52
39 64 43
39 65 26
39 66 65
39 67 59
39 68 78
39 69 60
39 70 4
39 71 26
39 72 14
39 73 63
39 74 40
39 75 51
39 76 11
39 77 12
39 78 54
39 79 71
39 80 7
40 41 79
40 42 73
40 43 12
40 44 5
40 45 23
40 46 12
40 47 45
40 48 67
40 49 58
40 50 5
40 51 38
40 52 45
40 53 76
40 54 29
40 55 39
40 56 21
40 57 26
40 58 74
40 59 56
40 60 42
40 61 32
40 62 31
40 63 21
40 64 43
40 65 27
40 66 47
40 67 9
40 68 5
40 69 34
40 70 29
40 71 57
40 72 67
40 73 40
40 74 10
40 75 16
40 76 54
40 77 51
40 78 57
40 79 68
40 80 26
41 42 19
41 43 6
41 44 46
41 45 7
41 46 71
41 47 54
41 48 42
41 49 15
41 50 51
41 51 32
41 52 10
41 53 39
41 54 56
41 55 65
41 56 10
41 57 1
41 58 35
41 59 79
41 60 58
41 61 11
41 62 9
41 63 20
41 64 7
41 65 64
41 66 16
41 67 62
41 68 29
41 69 47
41 70 35
41 71 10
41 72 13
41 73 48
41 74 12
41 75 37
41 76 17
41 77 5
41 78 10
41 79 49
41 80 50
42 43 43
42 44 46
42 45 25
42 46 70
42 47 9
42 48 29
42 49 9
42 50 27
42 51 28
42 52 66
42 53 4
42 54 26
42 55 44
42 56 32
42 57 32
42 58 30
42 59 31
42 60 50
42 61 5
42 62 71
42 63 51
42 64 66
42 65 3
42 66 50
42 67 55
42 68 12
42 69 78
42 70 0
42 71 39
42 72 38
42 73 63
42 74 52
42 75 47
42 76 47
42 77 13
42 78 2
42 79 61
42 80 50
43 44 26
43 45 17
43 46 53
43 47 7
43 48 60
43 49 73
43 50 79
43 51 44
43 52 78
43 53 39
43 54 40
43 55 13
43 56 14
43 57 23
43 58 55
43 59 66
43 60 38
43 61 61
43 62 72
43 63 31
43 64 45
43 65 16
43 66 70
43 67 7
43 68 7
43 69 51
43 70 5
43 71 30
43 72 47
43 73 33
43 74 11
43 75 78
43 76 57
43 77 66
43 78 16
43 79 24
43 80 27
44 45 11
44 46 8
44 47 31
44 48 19
44 49 47
44 50 51
44 51 73
44 52 0
44 53 41
44 54 60
44 55 18
44 56 68
44 57 35
44 58 48
44 59 40
44 60 36
44 61 14
44 62 50
44 63 70
44 64 39
44 65 43
44 66 52
44 67 63
44 68 22
44 69 43
44 70 59
44 71 10
44 72 61
44 73 9
44 74 32
44 75 1
44 76 43
44 77 34
44 78 24
44 79 47
44 80 54
45 46 18
45 47 67
45 48 56
45 49 67
45 50 21
45 51 64
45 52 37
45 53 77
45 54 5
45 55 63
45 56 55
45 57 71
45 58 22
45 59 0
45 60 20
45 61 12
45 62 15
45 63 75
45 64 18
45 65 14
45 66 64
45 67 74
45 68 45
45 69 37
45 70 13
45 71 4
45 72 3
45 73 39
45 74 57
45 75 41
45 76 36
45 77 57
45 78 8
45 79 70
45 80 1
46 47 7
46 48 44
46 49 63
46 50 34
46 51 73
46 52 45
46 53 58
46 54 72
46 55 42
46 56 49
46 57 45
46 58 58
46 59 73
46 60 9
46 61 15
46 62 16
46 63 2
46 64 66
46 65 78
46 66 76
46 67 21
46 68 76
46 69 44
46 70 24
46 71 58
46 72 64
46 73 50
46 74 49
46 75 49
46 76 11
46 77 45
46 78 66
46 79 62
46 80 36
47 48 12
47 49 23
47 50 58
47 51 14
47 52 62
47 53 1
47 54 41
47 55 19
47 56 53
47 57 8
47 58 6
47 59 11
47 60 57
47 61 60
47 62 71
47 63 43
47 64 74
47 65 61
47 66 2
47 67 8
47 68 64
47 69 45
47 70 14
47 71 6
47 72 24
47 73 66
47 74 17
47 75 23
47 76 58
47 77 41
47 78 42
47 79 40
47 80 63
48 49 23
48 50 33
48 51 3
48 52 52
48 53 42
48 54 29
48 55 43
48 56 60
48 57 62
48 58 4
48 59 67
48 60 52
48 61 29
48 62 51
48 63 33
48 64 69
48 65 2
48 66 25
48 67 73
48 68 65
48 69 40
48 70 17
48 71 20
48 72 13
48 73 50
48 74 74
48 75 31
48 76 63
48 77 57
48 78 25
48 79 11
48 80 33
49 50 36
49 51 24
49 52 46
49 53 4
49 54 73
49 55 53
49 56 14
49 57 22
49 58 32
49 59 31
49 60 47
49 61 46
49 62 71
49 63 34
49 64 13
49 65 46
49 66 16
49 67 2
49 68 32
49 69 75
49 70 65
49 71 72
49 72 8
49 73 71
49 74 33
49 75 59
49 76 24
49 77 5
49 78 34
49 79 53
49 80 70
50 51 56
50 52 61
50 53 18
50 54 44
50 55 18
50 56 73
50 57 18
50 58 77
50 59 49
50 60 75
50 61 20
50 62 61
50 63 2
50 64 44
50 65 61
50 66 11
50 67 38
50 68 0
50 69 59
50 70 46
50 71 4
50 72 57
50 73 41
50 74 11
50 75 29
50 76 25
50 77 54
50 78 14
50 79 70
50 80 9
51 52 54
51 53 32
51 54 5
51 55 6
51 56 35
51 57 0
51 58 25
51 59 29
51 60 7
51 61 42
51 62 73
51 63 63
51 64 46
51 65 13
51 66 49
51 67 3
51 68 17
51 69 55
51 70 17
51 71 41
51 72 19
51 73 42
51 74 56
51 75 38
51 76 45
51 77 61
51 78 29
51 79 19
51 80 10
52 53 77
52 54 46
52 55 41
52 56 7
52 57 53
52 58 64
52 59 3
52 60 2
52 61 40
52 62 28
52 63 31
52 64 67
52 65 8
52 66 1
52 67 61
52 68 49
52 69 55
52 70 14
52 71 70
52 72 77
52 73 29
52 74 68
52 75 43
52 76 47
52 77 31
52 78 10
52 79 45
52 80 49
53 54 49
53 55 0
53 56 47
53 57 77
53 58 59
53 59 34
53 60 0
53 61 12
53 62 53
53 63 43
53 64 26
53 65 11
53 66 65
53 67 59
53 68 63
53 69 3
53 70 78
53 71 12
53 72 33
53 73 3
53 74 42
53 75 79
53 76 28
53 77 71
53 78 6
53 79 12
53 80 37
54 55 4
54 56 58
54 57 8
54 58 68
54 59 12
54 60 29
54 61 45
54 62 60
54 63 32
54 64 53
54 65 15
54 66 1
54 67 55
54 68 13
54 69 47
54 70 14
54 71 26
54 72 27
54 73 57
54 74 55
54 75 61
54 76 36
54 77 10
54 78 38
54 79 34
54 80 75
55 56 56
55 57 54
55 58 61
55 59 17
55 60 54
55 61 19
55 62 74
55 63 69
55 64 78
55 65 62
55 66 3
55 67 46
55 68 40
55 69 14
55 70 5
55 71 35
55 72 51
55 73 6
55 74 46
55 75 48
55 76 52
55 77 69
55 78 50
55 79 21
55 80 48
56 57 43
56 58 13
56 59 7
56 60 28
56 61 41
56 62 77
56 63 28
56 64 78
56 65 12
56 66 21
56 67 22
56 68 57
56 69 22
56 70 26
56 71 14
56 72 38
56 73 0
56 74 53
56 75 33
56 76 61
56 77 10
56 78 31
56 79 15
56 80 44
57 58 0
57 59 43
57 60 60
57 61 70
57 62 24
57 63 13
57 64 77
57 65 79
57 66 41
57 67 34
57 68 29
57 69 69
57 70 57
57 71 13
57 72 68
57 73 54
57 74 7
57 75 35
57 76 39
57 77 67
57 78 16
57 79 18
57 80 65
58 59 39
58 60 76
58 61 64
58 62 28
58 63 68
58 64 33
58 65 47
58 66 67
58 67 37
58 68 17
58 69 40
58 70 16
58 71 79
58 72 14
58 73 46
58 74 16
58 75 26
58 76 35
58 77 70
58 78 79
58 79 32
58 80 34
59 60 59
59 61 38
59 62 16
59 63 59
59 64 4
59 65 25
59 66 2
59 67 0
59 68 28
59 69 18
59 70 27
59 71 57
59 72 2
59 73 0
59 74 4
59 75 44
59 76 22
59 77 8
59 78 56
59 79 36
59 80 30
60 61 13
60 62 64
60 63 65
60 64 65
60 65 12
60 66 44
60 67 69
60 68 6
60 69 11
60 70 73
60 71 58
60 72 74
60 73 18
60 74 43
60 75 71
60 76 56
60 77 12
60 78 15
60 79 68
60 80 74
61 62 22
61 63 79
61 64 47
61 65 58
61 66 54
61 67 74
61 68 45
61 69 7
61 70 75
61 71 56
61 72 48
61 73 15
61 74 37
61 75 4
61 76 74
61 77 51
61 78 31
61 79 44
61 80 38
62 63 74
62 64 15
62 65 77
62 66 65
62 67 17
62 68 22
62 69 70
62 70 47
62 71 57
62 72 21
62 73 48
62 74 26
62 75 39
62 76 39
62 77 71
62 78 73
62 79 16
62 80 11
63 64 40
63 65 18
63 66 18
63 67 21
63 68 1
63 69 70
63 70 5
63 71 31
63 72 77
63 73 64
63 74 75
63 75 1
63 76 3
63 77 63
63 78 4
63 79 49
63 80 2
64 65 50
64 66 14
64 67 65
64 68 73
64 69 3
64 70 45
64 71 55
64 72 69
64 73 66
64 74 17
64 75 27
64 76 25
64 77 70
64 78 2
64 79 67
64 80 8
65 66 59
65 67 23
65 68 38
65 69 31
65 70 1
65 71 22
65 72 68
65 73 59
65 74 8
65 75 38
65 76 64
65 77 67
65 78 34
65 79 7
65 80 30
66 67 3
66 68 21
66 69 66
66 70 26
66 71 37
66 72 69
66 73 60
66 74 47
66 75 35
66 76 30
66 77 38
66 78 28
66 79 40
66 80 63
67 68 79
67 69 27
67 70 17
67 71 32
67 72 14
67 73 28
67 74 7
67 75 49
67 76 48
67 77 6
67 78 50
67 79 30
67 80 26
68 69 75
68 70 74
68 71 72
68 72 77
68 73 53
68 74 76
68 75 37
68 76 42
68 77 1
68 78 71
68 79 15
68 80 16
69 70 11
69 71 32
69 72 78
69 73 46
69 74 29
69 75 5
69 76 53
69 77 29
69 78 68
69 79 75
69 80 34
70 71 27
70 72 17
70 73 36
70 74 15
70 75 30
70 76 0
70 77 43
70 78 55
70 79 38
70 80 47
71 72 50
71 73 1
71 74 16
71 75 54
71 76 11
71 77 1
71 78 19
71 79 66
71 80 58
72 73 61
72 74 23
72 75 8
72 76 64
72 77 40
72 78 61
72 79 30
72 80 48
73 74 57
73 75 64
73 76 66
73 77 77
73 78 34
73 79 23
73 80 44
74 75 5
74 76 61
74 77 17
74 78 55
74 79 54
74 80 56
75 76 23
75 77 58
75 78 15
75 79 8
75 80 60
76 77 43
76 78 41
76 79 15
76 80 63
77 78 45
77 79 45
77 80 35
78 79 45
78 80 43
79 80 61
