100 4950
1 2 94
1 3 79
1 4 69
1 5 21
1 6 1
1 7 47
1 8 91
1 9 21
1 10 91
1 11 80
1 12 20
1 13 32
1 14 0
1 15 33
1 16 47
1 17 39
1 18 93
1 19 25
1 20 53
1 21 73
1 22 69
1 23 65
1 24 3
1 25 53
1 26 87
1 27 58
1 28 15
1 29 97
1 30 61
1 31 93
1 32 35
1 33 8
1 34 56
1 35 71
1 36 36
1 37 53
1 38 99
1 39 49
1 40 72
1 41 12
1 42 27
1 43 36
1 44 76
1 45 82
1 46 2
1 47 38
1 48 60
1 49 20
1 50 62
1 51 43
1 52 95
1 53 8
1 54 69
1 55 86
1 56 70
1 57 48
1 58 21
1 59 53
1 60 8
1 61 12
1 62 51
1 63 12
1 64 68
1 65 87
1 66 17
1 67 74
1 68 86
1 69 61
1 70 8
1 71 14
1 72 62
1 73 98
1 74 80
1 75 9
1 76 25
1 77 11
1 78 45
1 79 17
1 80 92
1 81 77
1 82 99
1 83 38
1 84 98
1 85 90
1 86 88
1 87 22
1 88 63
1 89 55
1 90 22
1 91 17
1 92 27
1 93 70
1 94 9
1 95 70
1 96 9
1 97 79
1 98 56
1 99 26
1 100 78
2 3 54
2 4 4
2 5 74
2 6 39
2 7 99
2 8 65
2 9 26
2 10 36
2 11 34
2 12 91
2 13 58
2 14 52
2 15 5
2 16 70
2 17 93
2 18 78
2 19 2
2 20 39
2 21 6
2 22 35
2 23 7
2 24 66
2 25 64
2 26 77
2 27 74
2 28 57
2 29 73
2 30 78
2 31 68
2 32 34
2 33 61
2 34 83
2 35 40
2 36 2
2 37 4
2 38 21
2 39 60
2 40 18
2 41 21
2 42 53
2 43 20
2 44 59
2 45 29
2 46 24
2 47 23
2 48 17
2 49 61
2 50 17
2 51 3
2 52 53
2 53 45
2 54 78
2 55 80
2 56 44
2 57 81
2 58 13
2 59 21
2 60 80
2 61 22
2 62 47
2 63 58
2 64 28
2 65 19
2 66 37
2 67 20
2 68 28
2 69 7
2 70 27
2 71 0
2 72 27
2 73 30
2 74 76
2 75 92
2 76 10
2 77 72
2 78 99
2 79 54
2 80 69
2 81 53
2 82 66
2 83 50
2 84 96
2 85 54
2 86 12
2 87 69
2 88 53
2 89 27
2 90 57
2 91 42
2 92 91
2 93 38
2 94 79
2 95 69
2 96 2
2 97 23
2 98 43
2 99 75
2 100 13
3 4 95
3 5 17
3 6 0
3 7 37
3 8 35
3 9 11
3 10 43
3 11 76
3 12 57
3 13 57
3 14 59
3 15 87
3 16 44
3 17 46
3 18 29
3 19 94
3 20 23
3 21 18
3 22 13
3 23 97
3 24 46
3 25 93
3 26 95
3 27 64
3 28 46
3 29 76
3 30 70
3 31 5
3 32 91
3 33 80
3 34 92
3 35 62
3 36 34
3 37 2
3 38 49
3 39 52
3 40 71
3 41 72
3 42 70
3 43 9
3 44 52
3 45 99
3 46 32
3 47 89
3 48 42
3 49 45
3 50 5
3 51 78
3 52 17
3 53 65
3 54 89
3 55 75
3 56 87
3 57 75
3 58 39
3 59 17
3 60 87
3 61 38
3 62 35
3 63 23
3 64 63
3 65 88
3 66 95
3 67 52
3 68 78
3 69 5
3 70 27
3 71 89
3 72 82
3 73 19
3 74 39
3 75 42
3 76 44
3 77 68
3 78 61
3 79 0
3 80 68
3 81 34
3 82 32
3 83 75
3 84 15
3 85 12
3 86 97
3 87 45
3 88 50
3 89 25
3 90 49
3 91 20
3 92 18
3 93 56
3 94 93
3 95 75
3 96 62
3 97 10
3 98 28
3 99 86
3 100 69
4 5 31
4 6 7
4 7 23
4 8 81
4 9 49
4 10 97
4 11 62
4 12 28
4 13 51
4 14 55
4 15 35
4 16 68
4 17 72
4 18 91
4 19 66
4 20 12
4 21 65
4 22 19
4 23 16
4 24 82
4 25 86
4 26 43
4 27 73
4 28 47
4 29 79
4 30 5
4 31 60
4 32 73
4 33 61
4 34 93
4 35 26
4 36 29
4 37 81
4 38 60
4 39 21
4 40 67
4 41 91
4 42 12
4 43 69
4 44 22
4 45 9
4 46 61
4 47 41
4 48 1
4 49 97
4 50 8
4 51 43
4 52 80
4 53 87
4 54 86
4 55 4
4 56 62
4 57 14
4 58 91
4 59 88
4 60 60
4 61 80
4 62 21
4 63 23
4 64 5
4 65 84
4 66 57
4 67 71
4 68 20
4 69 22
4 70 20
4 71 47
4 72 10
4 73 23
4 74 42
4 75 74
4 76 85
4 77 61
4 78 48
4 79 32
4 80 75
4 81 46
4 82 19
4 83 86
4 84 31
4 85 41
4 86 12
4 87 90
4 88 91
4 89 37
4 90 57
4 91 77
4 92 27
4 93 74
4 94 77
4 95 20
4 96 52
4 97 83
4 98 99
4 99 53
4 100 55
5 6 81
5 7 87
5 8 29
5 9 81
5 10 5
5 11 58
5 12 67
5 13 55
5 14 71
5 15 76
5 16 35
5 17 18
5 18 73
5 19 49
5 20 59
5 21 43
5 22 60
5 23 21
5 24 19
5 25 30
5 26 51
5 27 96
5 28 5
5 29 24
5 30 51
5 31 54
5 32 55
5 33 89
5 34 30
5 35 73
5 36 34
5 37 24
5 38 35
5 39 14
5 40 3
5 41 48
5 42 91
5 43 3
5 44 20
5 45 92
5 46 46
5 47 85
5 48 17
5 49 23
5 50 36
5 51 94
5 52 11
5 53 27
5 54 42
5 55 32
5 56 94
5 57 52
5 58 20
5 59 25
5 60 62
5 61 76
5 62 64
5 63 34
5 64 38
5 65 10
5 66 44
5 67 88
5 68 77
5 69 27
5 70 98
5 71 45
5 72 14
5 73 68
5 74 34
5 75 90
5 76 24
5 77 4
5 78 87
5 79 13
5 80 18
5 81 53
5 82 89
5 83 38
5 84 5
5 85 54
5 86 73
5 87 77
5 88 35
5 89 83
5 90 38
5 91 43
5 92 3
5 93 15
5 94 96
5 95 27
5 96 50
5 97 70
5 98 55
5 99 11
5 100 33
6 7 85
6 8 15
6 9 27
6 10 65
6 11 31
6 12 88
6 13 26
6 14 41
6 15 97
6 16 25
6 17 10
6 18 58
6 19 31
6 20 80
6 21 26
6 22 62
6 23 79
6 24 74
6 25 44
6 26 9
6 27 79
6 28 33
6 29 71
6 30 76
6 31 56
6 32 4
6 33 32
6 34 30
6 35 12
6 36 76
6 37 79
6 38 41
6 39 21
6 40 73
6 41 64
6 42 0
6 43 20
6 44 60
6 45 98
6 46 43
6 47 22
6 48 54
6 49 45
6 50 75
6 51 78
6 52 59
6 53 3
6 54 80
6 55 47
6 56 45
6 57 59
6 58 36
6 59 33
6 60 46
6 61 84
6 62 63
6 63 96
6 64 96
6 65 28
6 66 56
6 67 25
6 68 29
6 69 67
6 70 24
6 71 30
6 72 35
6 73 58
6 74 92
6 75 94
6 76 64
6 77 17
6 78 48
6 79 36
6 80 46
6 81 37
6 82 83
6 83 84
6 84 45
6 85 46
6 86 99
6 87 77
6 88 2
6 89 45
6 90 21
6 91 29
6 92 95
6 93 39
6 94 66
6 95 32
6 96 31
6 97 24
6 98 80
6 99 64
6 100 45
7 8 87
7 9 6
7 10 40
7 11 48
7 12 97
7 13 16
7 14 84
7 15 94
7 16 78
7 17 94
7 18 47
7 19 41
7 20 92
7 21 22
7 22 86
7 23 5
7 24 0
7 25 50
7 26 45
7 27 39
7 28 54
7 29 6
7 30 17
7 31 8
7 32 7
7 33 86
7 34 57
7 35 88
7 36 39
7 37 85
7 38 72
7 39 12
7 40 5
7 41 20
7 42 64
7 43 15
7 44 37
7 45 61
7 46 98
7 47 90
7 48 18
7 49 29
7 50 75
7 51 83
7 52 39
7 53 55
7 54 64
7 55 44
7 56 56
7 57 42
7 58 76
7 59 69
7 60 93
7 61 61
7 62 98
7 63 43
7 64 88
7 65 57
7 66 89
7 67 88
7 68 96
7 69 80
7 70 80
7 71 71
7 72 96
7 73 72
7 74 38
7 75 93
7 76 28
7 77 89
7 78 90
7 79 83
7 80 67
7 81 75
7 82 21
7 83 57
7 84 99
7 85 87
7 86 76
7 87 71
7 88 82
7 89 13
7 90 66
7 91 44
7 92 0
7 93 1
7 94 79
7 95 65
7 96 31
7 97 73
7 98 15
7 99 77
7 100 72
8 9 52
8 10 40
8 11 95
8 12 58
8 13 64
8 14 82
8 15 80
8 16 84
8 17 21
8 18 92
8 19 59
8 20 30
8 21 94
8 22 89
8 23 89
8 24 56
8 25 22
8 26 51
8 27 40
8 28 39
8 29 86
8 30 96
8 31 72
8 32 35
8 33 17
8 34 82
8 35 58
8 36 43
8 37 86
8 38 64
8 39 56
8 40 61
8 41 43
8 42 10
8 43 39
8 44 72
8 45 15
8 46 20
8 47 41
8 48 41
8 49 29
8 50 8
8 51 18
8 52 41
8 53 4
8 54 79
8 55 34
8 56 0
8 57 24
8 58 99
8 59 93
8 60 30
8 61 49
8 62 16
8 63 85
8 64 80
8 65 87
8 66 0
8 67 95
8 68 51
8 69 41
8 70 85
8 71 77
8 72 87
8 73 53
8 74 9
8 75 41
8 76 77
8 77 86
8 78 81
8 79 33
8 80 38
8 81 41
8 82 41
8 83 21
8 84 42
8 85 29
8 86 23
8 87 16
8 88 53
8 89 65
8 90 45
8 91 7
8 92 64
8 93 90
8 94 68
8 95 96
8 96 78
8 97 88
8 98 14
8 99 67
8 100 53
9 10 64
9 11 37
9 12 48
9 13 39
9 14 30
9 15 77
9 16 96
9 17 72
9 18 46
9 19 40
9 20 59
9 21 15
9 22 12
9 23 71
9 24 49
9 25 70
9 26 51
9 27 70
9 28 78
9 29 59
9 30 7
9 31 34
9 32 92
9 33 53
9 34 55
9 35 41
9 36 83
9 37 13
9 38 8
9 39 48
9 40 41
9 41 20
9 42 23
9 43 64
9 44 65
9 45 42
9 46 6
9 47 21
9 48 70
9 49 73
9 50 66
9 51 28
9 52 25
9 53 48
9 54 14
9 55 23
9 56 49
9 57 35
9 58 80
9 59 64
9 60 46
9 61 16
9 62 92
9 63 87
9 64 42
9 65 72
9 66 5
9 67 18
9 68 50
9 69 89
9 70 48
9 71 16
9 72 49
9 73 60
9 74 54
9 75 92
9 76 64
9 77 67
9 78 13
9 79 63
9 80 12
9 81 77
9 82 19
9 83 26
9 84 66
9 85 52
9 86 58
9 87 35
9 88 99
9 89 59
9 90 82
9 91 59
9 92 15
9 93 71
9 94 33
9 95 58
9 96 79
9 97 22
9 98 21
9 99 33
9 100 7
10 11 44
10 12 46
10 13 81
10 14 66
10 15 5
10 16 14
10 17 6
10 18 24
10 19 2
10 20 12
10 21 72
10 22 56
10 23 65
10 24 51
10 25 84
10 26 2
10 27 16
10 28 96
10 29 90
10 30 40
10 31 43
10 32 29
10 33 46
10 34 62
10 35 66
10 36 7
10 37 77
10 38 80
10 39 6
10 40 28
10 41 69
10 42 17
10 43 13
10 44 1
10 45 77
10 46 48
10 47 53
10 48 85
10 49 26
10 50 16
10 51 66
10 52 57
10 53 95
10 54 44
10 55 13
10 56 14
10 57 70
10 58 41
10 59 97
10 60 83
10 61 86
10 62 4
10 63 80
10 64 60
10 65 98
10 66 89
10 67 70
10 68 63
10 69 10
10 70 44
10 71 90
10 72 45
10 73 93
10 74 63
10 75 76
10 76 72
10 77 37
10 78 72
10 79 96
10 80 88
10 81 10
10 82 76
10 83 20
10 84 82
10 85 16
10 86 13
10 87 90
10 88 30
10 89 39
10 90 45
10 91 81
10 92 23
10 93 12
10 94 59
10 95 16
10 96 49
10 97 11
10 98 15
10 99 76
10 100 24
11 12 76
11 13 81
11 14 6
11 15 82
11 16 33
11 17 49
11 18 82
11 19 86
11 20 58
11 21 40
11 22 61
11 23 24
11 24 68
11 25 8
11 26 45
11 27 97
11 28 74
11 29 30
11 30 59
11 31 49
11 32 6
11 33 99
11 34 11
11 35 98
11 36 45
11 37 12
11 38 95
11 39 73
11 40 8
11 41 26
11 42 75
11 43 93
11 44 10
11 45 51
11 46 27
11 47 76
11 48 87
11 49 63
11 50 6
11 51 98
11 52 26
11 53 40
11 54 32
11 55 46
11 56 47
11 57 22
11 58 53
11 59 60
11 60 32
11 61 41
11 62 33
11 63 91
11 64 36
11 65 69
11 66 41
11 67 12
11 68 27
11 69 57
11 70 50
11 71 65
11 72 93
11 73 55
11 74 10
11 75 5
11 76 34
11 77 65
11 78 58
11 79 40
11 80 26
11 81 97
11 82 1
11 83 41
11 84 16
11 85 16
11 86 15
11 87 59
11 88 19
11 89 39
11 90 63
11 91 17
11 92 84
11 93 35
11 94 31
11 95 8
11 96 84
11 97 27
11 98 29
11 99 78
11 100 43
12 13 82
12 14 39
12 15 17
12 16 6
12 17 3
12 18 68
12 19 25
12 20 34
12 21 24
12 22 87
12 23 29
12 24 99
12 25 8
12 26 75
12 27 27
12 28 59
12 29 20
12 30 84
12 31 97
12 32 33
12 33 87
12 34 22
12 35 45
12 36 71
12 37 59
12 38 7
12 39 99
12 40 29
12 41 37
12 42 64
12 43 49
12 44 37
12 45 15
12 46 3
12 47 56
12 48 34
12 49 96
12 50 14
12 51 65
12 52 6
12 53 89
12 54 78
12 55 28
12 56 79
12 57 91
12 58 8
12 59 25
12 60 22
12 61 77
12 62 98
12 63 13
12 64 24
12 65 88
12 66 94
12 67 4
12 68 97
12 69 61
12 70 37
12 71 90
12 72 60
12 73 24
12 74 22
12 75 95
12 76 44
12 77 49
12 78 82
12 79 90
12 80 35
12 81 32
12 82 83
12 83 67
12 84 13
12 85 31
12 86 36
12 87 50
12 88 79
12 89 54
12 90 84
12 91 15
12 92 52
12 93 39
12 94 70
12 95 8
12 96 64
12 97 2
12 98 78
12 99 77
12 100 57
13 14 35
13 15 65
13 16 2
13 17 37
13 18 50
13 19 4
13 20 19
13 21 67
13 22 84
13 23 81
13 24 15
13 25 94
13 26 50
13 27 25
13 28 24
13 29 66
13 30 72
13 31 59
13 32 1
13 33 28
13 34 69
13 35 15
13 36 6
13 37 10
13 38 12
13 39 71
13 40 3
13 41 51
13 42 49
13 43 84
13 44 57
13 45 86
13 46 86
13 47 31
13 48 20
13 49 45
13 50 19
13 51 2
13 52 37
13 53 64
13 54 15
13 55 93
13 56 49
13 57 52
13 58 47
13 59 83
13 60 67
13 61 63
13 62 64
13 63 98
13 64 83
13 65 85
13 66 25
13 67 20
13 68 81
13 69 4
13 70 20
13 71 45
13 72 86
13 73 68
13 74 1
13 75 47
13 76 85
13 77 26
13 78 8
13 79 7
13 80 3
13 81 28
13 82 70
13 83 50
13 84 2
13 85 80
13 86 76
13 87 60
13 88 56
13 89 47
13 90 92
13 91 13
13 92 87
13 93 34
13 94 0
13 95 64
13 96 93
13 97 5
13 98 47
13 99 22
13 100 95
14 15 22
14 16 86
14 17 11
14 18 7
14 19 63
14 20 87
14 21 55
14 22 0
14 23 35
14 24 29
14 25 18
14 26 58
14 27 23
14 28 69
14 29 19
14 30 68
14 31 38
14 32 15
14 33 27
14 34 19
14 35 12
14 36 64
14 37 73
14 38 92
14 39 68
14 40 37
14 41 54
14 42 27
14 43 18
14 44 46
14 45 73
14 46 93
14 47 87
14 48 99
14 49 45
14 50 45
14 51 10
14 52 76
14 53 43
14 54 73
14 55 89
14 56 93
14 57 89
14 58 70
14 59 0
14 60 59
14 61 55
14 62 20
14 63 64
14 64 79
14 65 66
14 66 49
14 67 40
14 68 78
14 69 8
14 70 26
14 71 73
14 72 36
14 73 82
14 74 20
14 75 71
14 76 33
14 77 78
14 78 66
14 79 84
14 80 68
14 81 98
14 82 22
14 83 77
14 84 5
14 85 62
14 86 55
14 87 58
14 88 6
14 89 40
14 90 84
14 91 20
14 92 93
14 93 44
14 94 30
14 95 68
14 96 0
14 97 75
14 98 85
14 99 42
14 100 70
15 16 90
15 17 35
15 18 5
15 19 42
15 20 95
15 21 62
15 22 55
15 23 84
15 24 62
15 25 4
15 26 7
15 27 27
15 28 12
15 29 95
15 30 18
15 31 25
15 32 76
15 33 98
15 34 19
15 35 42
15 36 7
15 37 63
15 38 36
15 39 43
15 40 4
15 41 75
15 42 27
15 43 49
15 44 81
15 45 59
15 46 30
15 47 20
15 48 50
15 49 35
15 50 53
15 51 93
15 52 85
15 53 93
15 54 24
15 55 75
15 56 65
15 57 48
15 58 62
15 59 1
15 60 65
15 61 72
15 62 18
15 63 6
15 64 25
15 65 70
15 66 69
15 67 16
15 68 74
15 69 92
15 70 3
15 71 89
15 72 85
15 73 75
15 74 26
15 75 90
15 76 52
15 77 55
15 78 37
15 79 71
15 80 46
15 81 73
15 82 66
15 83 22
15 84 78
15 85 76
15 86 21
15 87 59
15 88 96
15 89 6
15 90 61
15 91 52
15 92 27
15 93 73
15 94 78
15 95 48
15 96 99
15 97 14
15 98 11
15 99 80
15 100 20
16 17 33
16 18 71
16 19 62
16 20 44
16 21 8
16 22 45
16 23 8
16 24 78
16 25 29
16 26 31
16 27 80
16 28 44
16 29 69
16 30 98
16 31 58
16 32 27
16 33 58
16 34 88
16 35 45
16 36 61
16 37 20
16 38 35
16 39 64
16 40 46
16 41 83
16 42 89
16 43 56
16 44 50
16 45 75
16 46 6
16 47 16
16 48 10
16 49 76
16 50 68
16 51 34
16 52 44
16 53 43
16 54 98
16 55 37
16 56 50
16 57 7
16 58 86
16 59 20
16 60 29
16 61 88
16 62 74
16 63 91
16 64 70
16 65 65
16 66 43
16 67 95
16 68 27
16 69 0
16 70 23
16 71 99
16 72 72
16 73 44
16 74 38
16 75 39
16 76 43
16 77 56
16 78 7
16 79 50
16 80 62
16 81 36
16 82 7
16 83 43
16 84 72
16 85 63
16 86 66
16 87 90
16 88 73
16 89 75
16 90 37
16 91 20
16 92 71
16 93 33
16 94 38
16 95 85
16 96 79
16 97 87
16 98 62
16 99 65
16 100 49
17 18 27
17 19 86
17 20 11
17 21 58
17 22 29
17 23 14
17 24 57
17 25 49
17 26 84
17 27 43
17 28 13
17 29 44
17 30 61
17 31 59
17 32 89
17 33 63
17 34 79
17 35 82
17 36 3
17 37 3
17 38 33
17 39 33
17 40 30
17 41 74
17 42 38
17 43 27
17 44 94
17 45 15
17 46 43
17 47 69
17 48 69
17 49 54
17 50 37
17 51 41
17 52 59
17 53 87
17 54 95
17 55 21
17 56 43
17 57 6
17 58 60
17 59 61
17 60 42
17 61 11
17 62 11
17 63 48
17 64 5
17 65 38
17 66 92
17 67 32
17 68 82
17 69 7
17 70 95
17 71 81
17 72 23
17 73 97
17 74 12
17 75 20
17 76 48
17 77 63
17 78 51
17 79 81
17 80 17
17 81 21
17 82 48
17 83 65
17 84 34
17 85 55
17 86 36
17 87 18
17 88 67
17 89 96
17 90 56
17 91 65
17 92 28
17 93 93
17 94 28
17 95 98
17 96 43
17 97 75
17 98 85
17 99 43
17 100 47
18 19 22
18 20 35
18 21 32
18 22 13
18 23 42
18 24 60
18 25 38
18 26 54
18 27 2
18 28 26
18 29 2
18 30 79
18 31 20
18 32 63
18 33 2
18 34 11
18 35 56
18 36 15
18 37 69
18 38 88
18 39 78
18 40 37
18 41 31
18 42 26
18 43 41
18 44 70
18 45 80
18 46 13
18 47 68
18 48 66
18 49 62
18 50 16
18 51 70
18 52 7
18 53 23
18 54 13
18 55 71
18 56 87
18 57 68
18 58 85
18 59 10
18 60 79
18 61 52
18 62 58
18 63 56
18 64 25
18 65 85
18 66 10
18 67 37
18 68 8
18 69 98
18 70 18
18 71 87
18 72 60
18 73 2
18 74 75
18 75 25
18 76 66
18 77 57
18 78 42
18 79 74
18 80 1
18 81 62
18 82 36
18 83 53
18 84 17
18 85 30
18 86 5
18 87 7
18 88 99
18 89 80
18 90 99
18 91 4
18 92 7
18 93 74
18 94 70
18 95 30
18 96 85
18 97 5
18 98 91
18 99 59
18 100 17
19 20 54
19 21 50
19 22 87
19 23 70
19 24 66
19 25 32
19 26 76
19 27 61
19 28 77
19 29 99
19 30 94
19 31 40
19 32 96
19 33 80
19 34 12
19 35 72
19 36 49
19 37 39
19 38 42
19 39 37
19 40 45
19 41 49
19 42 26
19 43 81
19 44 23
19 45 9
19 46 96
19 47 77
19 48 21
19 49 71
19 50 25
19 51 18
19 52 13
19 53 72
19 54 50
19 55 7
19 56 16
19 57 65
19 58 85
19 59 38
19 60 88
19 61 86
19 62 92
19 63 49
19 64 69
19 65 74
19 66 38
19 67 55
19 68 36
19 69 63
19 70 7
19 71 67
19 72 91
19 73 88
19 74 11
19 75 4
19 76 5
19 77 98
19 78 72
19 79 73
19 80 52
19 81 59
19 82 49
19 83 12
19 84 76
19 85 26
19 86 40
19 87 34
19 88 73
19 89 80
19 90 86
19 91 52
19 92 19
19 93 10
19 94 69
19 95 35
19 96 98
19 97 10
19 98 89
19 99 62
19 100 27
20 21 20
20 22 21
20 23 39
20 24 57
20 25 1
20 26 48
20 27 62
20 28 45
20 29 58
20 30 24
20 31 85
20 32 21
20 33 51
20 34 65
20 35 10
20 36 16
20 37 26
20 38 26
20 39 48
20 40 15
20 41 65
20 42 65
20 43 19
20 44 85
20 45 95
20 46 69
20 47 90
20 48 41
20 49 66
20 50 61
20 51 23
20 52 98
20 53 77
20 54 79
20 55 44
20 56 3
20 57 2
20 58 33
20 59 53
20 60 20
20 61 29
20 62 67
20 63 21
20 64 23
20 65 49
20 66 37
20 67 4
20 68 71
20 69 91
20 70 67
20 71 21
20 72 14
20 73 66
20 74 31
20 75 87
20 76 66
20 77 55
20 78 2
20 79 33
20 80 66
20 81 3
20 82 88
20 83 72
20 84 74
20 85 7
20 86 55
20 87 89
20 88 38
20 89 57
20 90 70
20 91 15
20 92 11
20 93 2
20 94 10
20 95 87
20 96 58
20 97 30
20 98 96
20 99 50
20 100 19
21 22 12
21 23 0
21 24 87
21 25 21
21 26 17
21 27 56
21 28 45
21 29 59
21 30 85
21 31 51
21 32 34
21 33 47
21 34 94
21 35 88
21 36 65
21 37 23
21 38 16
21 39 29
21 40 16
21 41 39
21 42 43
21 43 38
21 44 49
21 45 1
21 46 18
21 47 40
21 48 6
21 49 55
21 50 82
21 51 75
21 52 43
21 53 1
21 54 83
21 55 98
21 56 76
21 57 78
21 58 79
21 59 18
21 60 80
21 61 80
21 62 2
21 63 71
21 64 70
21 65 53
21 66 52
21 67 27
21 68 98
21 69 9
21 70 0
21 71 9
21 72 73
21 73 10
21 74 69
21 75 18
21 76 4
21 77 95
21 78 58
21 79 10
21 80 71
21 81 84
21 82 65
21 83 86
21 84 11
21 85 25
21 86 72
21 87 84
21 88 43
21 89 19
21 90 2
21 91 50
21 92 40
21 93 23
21 94 87
21 95 99
21 96 27
21 97 76
21 98 59
21 99 43
21 100 79
22 23 55
22 24 17
22 25 75
22 26 93
22 27 54
22 28 7
22 29 2
22 30 69
22 31 74
22 32 5
22 33 72
22 34 22
22 35 38
22 36 95
22 37 7
22 38 16
22 39 91
22 40 53
22 41 90
22 42 23
22 43 21
22 44 27
22 45 80
22 46 28
22 47 13
22 48 93
22 49 93
22 50 6
22 51 60
22 52 19
22 53 20
22 54 6
22 55 70
22 56 56
22 57 48
22 58 91
22 59 36
22 60 30
22 61 8
22 62 50
22 63 44
22 64 66
22 65 79
22 66 69
22 67 34
22 68 20
22 69 74
22 70 75
22 71 94
22 72 78
22 73 0
22 74 70
22 75 34
22 76 15
22 77 79
22 78 31
22 79 75
22 80 69
22 81 50
22 82 12
22 83 35
22 84 4
22 85 70
22 86 75
22 87 3
22 88 31
22 89 26
22 90 34
22 91 7
22 92 5
22 93 78
22 94 65
22 95 34
22 96 95
22 97 26
22 98 3
22 99 67
22 100 92
23 24 54
23 25 52
23 26 72
23 27 46
23 28 22
23 29 48
23 30 88
23 31 1
23 32 64
23 33 60
23 34 96
23 35 90
23 36 0
23 37 14
23 38 27
23 39 22
23 40 95
23 41 57
23 42 8
23 43 44
23 44 96
23 45 75
23 46 93
23 47 38
23 48 99
23 49 62
23 50 89
23 51 94
23 52 15
23 53 46
23 54 43
23 55 72
23 56 81
23 57 87
23 58 6
23 59 49
23 60 86
23 61 66
23 62 12
23 63 61
23 64 53
23 65 49
23 66 29
23 67 55
23 68 96
23 69 65
23 70 5
23 71 56
23 72 94
23 73 60
23 74 99
23 75 6
23 76 40
23 77 49
23 78 48
23 79 92
23 80 51
23 81 99
23 82 9
23 83 34
23 84 31
23 85 34
23 86 80
23 87 21
23 88 42
23 89 97
23 90 17
23 91 64
23 92 98
23 93 40
23 94 85
23 95 73
23 96 6
23 97 41
23 98 13
23 99 95
23 100 57
24 25 76
24 26 83
24 27 92
24 28 10
24 29 69
24 30 73
24 31 40
24 32 24
24 33 79
24 34 27
24 35 21
24 36 6
24 37 21
24 38 85
24 39 19
24 40 65
24 41 85
24 42 8
24 43 10
24 44 45
24 45 73
24 46 93
24 47 68
24 48 30
24 49 37
24 50 89
24 51 27
24 52 92
24 53 78
24 54 95
24 55 16
24 56 4
24 57 63
24 58 80
24 59 82
24 60 76
24 61 73
24 62 5
24 63 54
24 64 12
24 65 35
24 66 5
24 67 95
24 68 97
24 69 18
24 70 69
24 71 43
24 72 96
24 73 25
24 74 30
24 75 42
24 76 52
24 77 15
24 78 4
24 79 4
24 80 8
24 81 31
24 82 73
24 83 68
24 84 3
24 85 33
24 86 18
24 87 25
24 88 93
24 89 7
24 90 98
24 91 63
24 92 35
24 93 76
24 94 26
24 95 41
24 96 87
24 97 76
24 98 67
24 99 64
24 100 65
25 26 23
25 27 8
25 28 90
25 29 0
25 30 42
25 31 62
25 32 52
25 33 47
25 34 44
25 35 94
25 36 69
25 37 16
25 38 49
25 39 71
25 40 68
25 41 7
25 42 4
25 43 25
25 44 44
25 45 21
25 46 80
25 47 11
25 48 47
25 49 78
25 50 57
25 51 61
25 52 86
25 53 2
25 54 63
25 55 71
25 56 83
25 57 91
25 58 41
25 59 44
25 60 98
25 61 76
25 62 37
25 63 98
25 64 92
25 65 86
25 66 78
25 67 36
25 68 95
25 69 73
25 70 93
25 71 93
25 72 95
25 73 6
25 74 27
25 75 76
25 76 60
25 77 46
25 78 48
25 79 90
25 80 11
25 81 76
25 82 0
25 83 82
25 84 56
25 85 89
25 86 63
25 87 50
25 88 58
25 89 25
25 90 77
25 91 84
25 92 81
25 93 3
25 94 35
25 95 27
25 96 3
25 97 12
25 98 87
25 99 78
25 100 22
26 27 98
26 28 84
26 29 81
26 30 73
26 31 79
26 32 11
26 33 89
26 34 48
26 35 99
26 36 92
26 37 71
26 38 95
26 39 92
26 40 32
26 41 44
26 42 31
26 43 35
26 44 67
26 45 16
26 46 80
26 47 97
26 48 78
26 49 70
26 50 34
26 51 91
26 52 6
26 53 22
26 54 60
26 55 41
26 56 55
26 57 56
26 58 30
26 59 86
26 60 45
26 61 51
26 62 88
26 63 56
26 64 37
26 65 0
26 66 75
26 67 99
26 68 4
26 69 83
26 70 68
26 71 24
26 72 48
26 73 73
26 74 13
26 75 94
26 76 99
26 77 53
26 78 49
26 79 1
26 80 30
26 81 52
26 82 63
26 83 27
26 84 96
26 85 52
26 86 92
26 87 29
26 88 10
26 89 79
26 90 45
26 91 62
26 92 15
26 93 69
26 94 17
26 95 98
26 96 45
26 97 45
26 98 30
26 99 51
26 100 31
27 28 96
27 29 95
27 30 62
27 31 87
27 32 97
27 33 91
27 34 39
27 35 96
27 36 25
27 37 54
27 38 90
27 39 55
27 40 41
27 41 24
27 42 16
27 43 90
27 44 65
27 45 1
27 46 26
27 47 9
27 48 10
27 49 14
27 50 32
27 51 18
27 52 25
27 53 57
27 54 96
27 55 29
27 56 80
27 57 59
27 58 59
27 59 12
27 60 14
27 61 41
27 62 99
27 63 69
27 64 62
27 65 22
27 66 8
27 67 6
27 68 20
27 69 49
27 70 32
27 71 82
27 72 57
27 73 37
27 74 55
27 75 10
27 76 1
27 77 27
27 78 36
27 79 1
27 80 98
27 81 54
27 82 14
27 83 27
27 84 27
27 85 9
27 86 82
27 87 26
27 88 68
27 89 8
27 90 0
27 91 40
27 92 41
27 93 97
27 94 62
27 95 50
27 96 46
27 97 14
27 98 96
27 99 44
27 100 77
28 29 65
28 30 23
28 31 41
28 32 82
28 33 21
28 34 11
28 35 19
28 36 92
28 37 18
28 38 68
28 39 74
28 40 79
28 41 77
28 42 48
28 43 44
28 44 53
28 45 26
28 46 39
28 47 47
28 48 17
28 49 63
28 50 56
28 51 23
28 52 88
28 53 37
28 54 37
28 55 62
28 56 28
28 57 68
28 58 78
28 59 52
28 60 54
28 61 87
28 62 12
28 63 15
28 64 30
28 65 64
28 66 15
28 67 1
28 68 91
28 69 4
28 70 17
28 71 68
28 72 12
28 73 91
28 74 71
28 75 39
28 76 82
28 77 47
28 78 67
28 79 82
28 80 16
28 81 54
28 82 49
28 83 97
28 84 91
28 85 41
28 86 17
28 87 99
28 88 68
28 89 30
28 90 80
28 91 1
28 92 81
28 93 88
28 94 15
28 95 50
28 96 38
28 97 29
28 98 39
28 99 71
28 100 99
29 30 65
29 31 9
29 32 20
29 33 57
29 34 59
29 35 42
29 36 11
29 37 6
29 38 1
29 39 88
29 40 50
29 41 95
29 42 49
29 43 5
29 44 26
29 45 61
29 46 78
29 47 5
29 48 7
29 49 47
29 50 73
29 51 8
29 52 58
29 53 2
29 54 40
29 55 30
29 56 18
29 57 63
29 58 73
29 59 59
29 60 0
29 61 67
29 62 25
29 63 60
29 64 10
29 65 98
29 66 17
29 67 69
29 68 17
29 69 62
29 70 91
29 71 44
29 72 79
29 73 68
29 74 94
29 75 9
29 76 73
29 77 11
29 78 96
29 79 94
29 80 93
29 81 21
29 82 30
29 83 66
29 84 4
29 85 21
29 86 69
29 87 12
29 88 6
29 89 16
29 90 58
29 91 23
29 92 32
29 93 97
29 94 2
29 95 55
29 96 19
29 97 58
29 98 81
29 99 16
29 100 93
30 31 81
30 32 92
30 33 9
30 34 23
30 35 62
30 36 46
30 37 2
30 38 22
30 39 58
30 40 60
30 41 41
30 42 10
30 43 77
30 44 53
30 45 51
30 46 82
30 47 66
30 48 21
30 49 83
30 50 30
30 51 47
30 52 3
30 53 84
30 54 94
30 55 17
30 56 35
30 57 13
30 58 77
30 59 32
30 60 9
30 61 89
30 62 88
30 63 71
30 64 81
30 65 74
30 66 42
30 67 53
30 68 22
30 69 93
30 70 10
30 71 12
30 72 1
30 73 38
30 74 8
30 75 18
30 76 36
30 77 48
30 78 79
30 79 6
30 80 89
30 81 33
30 82 39
30 83 82
30 84 9
30 85 58
30 86 32
30 87 35
30 88 65
30 89 52
30 90 92
30 91 84
30 92 22
30 93 39
30 94 54
30 95 63
30 96 76
30 97 11
30 98 27
30 99 15
30 100 0
31 32 71
31 33 51
31 34 90
31 35 35
31 36 40
31 37 23
31 38 90
31 39 93
31 40 40
31 41 15
31 42 98
31 43 62
31 44 4
31 45 97
31 46 53
31 47 84
31 48 97
31 49 84
31 50 76
31 51 97
31 52 42
31 53 9
31 54 23
31 55 71
31 56 89
31 57 38
31 58 13
31 59 17
31 60 33
31 61 39
31 62 79
31 63 86
31 64 22
31 65 90
31 66 55
31 67 37
31 68 6
31 69 6
31 70 79
31 71 99
31 72 23
31 73 79
31 74 17
31 75 60
31 76 10
31 77 55
31 78 65
31 79 42
31 80 43
31 81 48
31 82 43
31 83 63
31 84 99
31 85 51
31 86 14
31 87 47
31 88 29
31 89 48
31 90 38
31 91 19
31 92 81
31 93 5
31 94 81
31 95 33
31 96 72
31 97 20
31 98 88
31 99 47
31 100 45
32 33 6
32 34 97
32 35 56
32 36 25
32 37 60
32 38 40
32 39 31
32 40 73
32 41 26
32 42 26
32 43 39
32 44 66
32 45 43
32 46 1
32 47 79
32 48 86
32 49 34
32 50 93
32 51 52
32 52 49
32 53 12
32 54 23
32 55 28
32 56 95
32 57 40
32 58 26
32 59 88
32 60 48
32 61 3
32 62 44
32 63 11
32 64 58
32 65 56
32 66 48
32 67 92
32 68 11
32 69 30
32 70 2
32 71 74
32 72 57
32 73 56
32 74 84
32 75 36
32 76 8
32 77 8
32 78 50
32 79 82
32 80 38
32 81 27
32 82 50
32 83 76
32 84 89
32 85 50
32 86 41
32 87 68
32 88 27
32 89 44
32 90 48
32 91 70
32 92 38
32 93 6
32 94 74
32 95 72
32 96 54
32 97 43
32 98 59
32 99 42
32 100 8
33 34 15
33 35 58
33 36 20
33 37 70
33 38 43
33 39 6
33 40 25
33 41 77
33 42 20
33 43 94
33 44 73
33 45 42
33 46 46
33 47 37
33 48 98
33 49 59
33 50 33
33 51 39
33 52 36
33 53 69
33 54 42
33 55 40
33 56 14
33 57 62
33 58 78
33 59 40
33 60 28
33 61 47
33 62 36
33 63 51
33 64 71
33 65 73
33 66 51
33 67 72
33 68 9
33 69 31
33 70 41
33 71 8
33 72 3
33 73 77
33 74 3
33 75 45
33 76 15
33 77 28
33 78 43
33 79 52
33 80 52
33 81 34
33 82 20
33 83 91
33 84 79
33 85 17
33 86 51
33 87 74
33 88 69
33 89 43
33 90 46
33 91 46
33 92 47
33 93 67
33 94 75
33 95 28
33 96 70
33 97 65
33 98 1
33 99 45
33 100 61
34 35 71
34 36 26
34 37 61
34 38 33
34 39 17
34 40 30
34 41 22
34 42 41
34 43 14
34 44 58
34 45 65
34 46 11
34 47 60
34 48 8
34 49 65
34 50 14
34 51 59
34 52 64
34 53 40
34 54 30
34 55 74
34 56 36
34 57 38
34 58 39
34 59 37
34 60 57
34 61 10
34 62 4
34 63 89
34 64 22
34 65 47
34 66 29
34 67 82
34 68 77
34 69 5
34 70 65
34 71 52
34 72 89
34 73 72
34 74 70
34 75 16
34 76 81
34 77 98
34 78 98
34 79 57
34 80 9
34 81 39
34 82 68
34 83 65
34 84 98
34 85 72
34 86 66
34 87 16
34 88 86
34 89 65
34 90 30
34 91 55
34 92 48
34 93 34
34 94 95
34 95 37
34 96 83
34 97 79
34 98 63
34 99 62
34 100 55
35 36 50
35 37 46
35 38 27
35 39 21
35 40 40
35 41 35
35 42 40
35 43 46
35 44 55
35 45 26
35 46 37
35 47 93
35 48 40
35 49 58
35 50 37
35 51 45
35 52 47
35 53 54
35 54 0
35 55 25
35 56 81
35 57 18
35 58 30
35 59 41
35 60 25
35 61 13
35 62 36
35 63 25
35 64 86
35 65 12
35 66 49
35 67 81
35 68 2
35 69 19
35 70 5
35 71 77
35 72 36
35 73 35
35 74 63
35 75 99
35 76 31
35 77 72
35 78 50
35 79 88
35 80 12
35 81 7
35 82 21
35 83 76
35 84 21
35 85 10
35 86 75
35 87 31
35 88 2
35 89 21
35 90 65
35 91 94
35 92 39
35 93 21
35 94 50
35 95 63
35 96 30
35 97 8
35 98 29
35 99 95
35 100 39
36 37 15
36 38 58
36 39 69
36 40 90
36 41 96
36 42 81
36 43 57
36 44 99
36 45 89
36 46 35
36 47 41
36 48 0
36 49 22
36 50 4
36 51 17
36 52 94
36 53 63
36 54 73
36 55 0
36 56 93
36 57 7
36 58 5
36 59 1
36 60 38
36 61 17
36 62 62
36 63 73
36 64 54
36 65 90
36 66 36
36 67 49
36 68 71
36 69 98
36 70 99
36 71 60
36 72 12
36 73 11
36 74 15
36 75 85
36 76 19
36 77 21
36 78 12
36 79 4
36 80 75
36 81 7
36 82 60
36 83 87
36 84 47
36 85 66
36 86 99
36 87 92
36 88 79
36 89 52
36 90 81
36 91 19
36 92 92
36 93 46
36 94 29
36 95 91
36 96 69
36 97 77
36 98 96
36 99 20
36 100 10
37 38 37
37 39 74
37 40 55
37 41 38
37 42 12
37 43 70
37 44 86
37 45 85
37 46 82
37 47 10
37 48 8
37 49 70
37 50 86
37 51 2
37 52 26
37 53 40
37 54 2
37 55 73
37 56 91
37 57 14
37 58 25
37 59 84
37 60 7
37 61 87
37 62 92
37 63 57
37 64 80
37 65 61
37 66 34
37 67 82
37 68 94
37 69 81
37 70 52
37 71 48
37 72 28
37 73 47
37 74 51
37 75 62
37 76 78
37 77 53
37 78 72
37 79 46
37 80 81
37 81 89
37 82 16
37 83 40
37 84 77
37 85 89
37 86 23
37 87 45
37 88 72
37 89 92
37 90 90
37 91 89
37 92 64
37 93 17
37 94 70
37 95 5
37 96 5
37 97 12
37 98 48
37 99 79
37 100 42
38 39 84
38 40 49
38 41 70
38 42 35
38 43 60
38 44 11
38 45 41
38 46 6
38 47 73
38 48 22
38 49 11
38 50 74
38 51 21
38 52 91
38 53 63
38 54 65
38 55 13
38 56 2
38 57 91
38 58 42
38 59 93
38 60 80
38 61 15
38 62 49
38 63 83
38 64 0
38 65 75
38 66 9
38 67 28
38 68 86
38 69 62
38 70 39
38 71 23
38 72 82
38 73 52
38 74 29
38 75 72
38 76 59
38 77 46
38 78 35
38 79 48
38 80 23
38 81 41
38 82 93
38 83 34
38 84 93
38 85 45
38 86 97
38 87 78
38 88 23
38 89 36
38 90 27
38 91 81
38 92 87
38 93 13
38 94 77
38 95 64
38 96 92
38 97 32
38 98 19
38 99 32
38 100 34
39 40 65
39 41 40
39 42 93
39 43 80
39 44 1
39 45 46
39 46 16
39 47 25
39 48 10
39 49 15
39 50 25
39 51 22
39 52 14
39 53 85
39 54 68
39 55 51
39 56 22
39 57 5
39 58 84
39 59 15
39 60 86
39 61 66
39 62 63
39 63 13
39 64 24
39 65 17
39 66 45
39 67 43
39 68 62
39 69 36
39 70 42
39 71 9
39 72 0
39 73 34
39 74 86
39 75 7
39 76 94
39 77 36
39 78 96
39 79 69
39 80 39
39 81 91
39 82 96
39 83 64
39 84 90
39 85 31
39 86 68
39 87 54
39 88 37
39 89 46
39 90 10
39 91 71
39 92 50
39 93 23
39 94 62
39 95 14
39 96 73
39 97 43
39 98 30
39 99 79
39 100 4
40 41 15
40 42 8
40 43 80
40 44 22
40 45 65
40 46 23
40 47 59
40 48 11
40 49 77
40 50 2
40 51 43
40 52 8
40 53 84
40 54 63
40 55 47
40 56 49
40 57 80
40 58 94
40 59 61
40 60 87
40 61 70
40 62 86
40 63 63
40 64 65
40 65 20
40 66 90
40 67 32
40 68 21
40 69 84
40 70 61
40 71 77
40 72 94
40 73 0
40 74 48
40 75 97
40 76 35
40 77 70
40 78 24
40 79 50
40 80 71
40 81 14
40 82 19
40 83 19
40 84 27
40 85 27
40 86 60
40 87 51
40 88 0
40 89 68
40 90 75
40 91 95
40 92 78
40 93 68
40 94 19
40 95 32
40 96 6
40 97 31
40 98 3
40 99 28
40 100 49
41 42 97
41 43 69
41 44 78
41 45 11
41 46 12
41 47 33
41 48 72
41 49 17
41 50 63
41 51 37
41 52 89
41 53 53
41 54 85
41 55 41
41 56 72
41 57 48
41 58 77
41 59 76
41 60 72
41 61 59
41 62 27
41 63 37
41 64 58
41 65 46
41 66 26
41 67 29
41 68 80
41 69 23
41 70 11
41 71 69
41 72 14
41 73 6
41 74 46
41 75 14
41 76 4
41 77 56
41 78 75
41 79 11
41 80 51
41 81 7
41 82 9
41 83 8
41 84 56
41 85 20
41 86 7
41 87 89
41 88 80
41 89 10
41 90 62
41 91 66
41 92 64
41 93 22
41 94 43
41 95 4
41 96 67
41 97 67
41 98 67
41 99 76
41 100 60
42 43 65
42 44 43
42 45 90
42 46 26
42 47 25
42 48 26
42 49 41
42 50 56
42 51 2
42 52 8
42 53 92
42 54 66
42 55 87
42 56 12
42 57 98
42 58 73
42 59 49
42 60 23
42 61 29
42 62 35
42 63 29
42 64 28
42 65 80
42 66 79
42 67 43
42 68 27
42 69 29
42 70 70
42 71 55
42 72 67
42 73 67
42 74 86
42 75 0
42 76 42
42 77 94
42 78 18
42 79 76
42 80 31
42 81 6
42 82 91
42 83 44
42 84 91
42 85 67
42 86 56
42 87 4
42 88 44
42 89 0
42 90 8
42 91 13
42 92 79
42 93 68
42 94 91
42 95 29
42 96 45
42 97 12
42 98 39
42 99 1
42 100 53
43 44 12
43 45 95
43 46 96
43 47 76
43 48 36
43 49 75
43 50 4
43 51 78
43 52 24
43 53 34
43 54 50
43 55 0
43 56 74
43 57 38
43 58 49
43 59 85
43 60 41
43 61 17
43 62 21
43 63 99
43 64 66
43 65 3
43 66 84
43 67 98
43 68 36
43 69 36
43 70 67
43 71 11
43 72 61
43 73 29
43 74 17
43 75 52
43 76 50
43 77 27
43 78 31
43 79 24
43 80 10
43 81 23
43 82 73
43 83 7
43 84 36
43 85 93
43 86 26
43 87 95
43 88 52
43 89 98
43 90 22
43 91 44
43 92 53
43 93 83
43 94 6
43 95 97
43 96 32
43 97 51
43 98 39
43 99 94
43 100 24
44 45 5
44 46 42
44 47 60
44 48 65
44 49 83
44 50 50
44 51 21
44 52 97
44 53 5
44 54 98
44 55 92
44 56 90
44 57 25
44 58 87
44 59 41
44 60 25
44 61 69
44 62 29
44 63 5
44 64 67
44 65 63
44 66 91
44 67 25
44 68 77
44 69 59
44 70 91
44 71 37
44 72 14
44 73 17
44 74 55
44 75 21
44 76 60
44 77 86
44 78 54
44 79 57
44 80 9
44 81 79
44 82 99
44 83 15
44 84 57
44 85 67
44 86 34
44 87 53
44 88 82
44 89 65
44 90 50
44 91 61
44 92 21
44 93 1
44 94 19
44 95 46
44 96 99
44 97 89
44 98 94
44 99 92
44 100 92
45 46 21
45 47 56
45 48 16
45 49 30
45 50 63
45 51 69
45 52 27
45 53 54
45 54 86
45 55 91
45 56 98
45 57 13
45 58 48
45 59 51
45 60 42
45 61 0
45 62 93
45 63 89
45 64 31
45 65 87
45 66 35
45 67 22
45 68 56
45 69 65
45 70 22
45 71 70
45 72 25
45 73 98
45 74 64
45 75 20
45 76 56
45 77 8
45 78 21
45 79 34
45 80 24
45 81 51
45 82 77
45 83 94
45 84 43
45 85 19
45 86 27
45 87 35
45 88 71
45 89 24
45 90 47
45 91 35
45 92 1
45 93 10
45 94 94
45 95 78
45 96 15
45 97 80
45 98 51
45 99 66
45 100 86
46 47 45
46 48 61
46 49 3
46 50 37
46 51 73
46 52 51
46 53 73
46 54 56
46 55 59
46 56 75
46 57 1
46 58 57
46 59 60
46 60 62
46 61 69
46 62 61
46 63 46
46 64 30
46 65 95
46 66 43
46 67 49
46 68 95
46 69 16
46 70 56
46 71 38
46 72 51
46 73 2
46 74 53
46 75 5
46 76 8
46 77 99
46 78 54
46 79 16
46 80 34
46 81 1
46 82 12
46 83 62
46 84 95
46 85 54
46 86 94
46 87 88
46 88 35
46 89 46
46 90 46
46 91 97
46 92 30
46 93 52
46 94 60
46 95 89
46 96 12
46 97 89
46 98 39
46 99 83
46 100 32
47 48 42
47 49 83
47 50 6
47 51 91
47 52 37
47 53 79
47 54 33
47 55 39
47 56 14
47 57 98
47 58 85
47 59 0
47 60 34
47 61 35
47 62 82
47 63 36
47 64 75
47 65 12
47 66 94
47 67 0
47 68 56
47 69 8
47 70 27
47 71 38
47 72 17
47 73 12
47 74 7
47 75 29
47 76 77
47 77 16
47 78 44
47 79 93
47 80 8
47 81 12
47 82 62
47 83 88
47 84 51
47 85 85
47 86 16
47 87 73
47 88 84
47 89 74
47 90 85
47 91 49
47 92 13
47 93 86
47 94 49
47 95 56
47 96 13
47 97 55
47 98 87
47 99 71
47 100 67
48 49 63
48 50 97
48 51 18
48 52 33
48 53 69
48 54 87
48 55 72
48 56 24
48 57 14
48 58 90
48 59 22
48 60 38
48 61 39
48 62 85
48 63 11
48 64 3
48 65 81
48 66 75
48 67 48
48 68 48
48 69 8
48 70 65
48 71 67
48 72 83
48 73 82
48 74 73
48 75 74
48 76 96
48 77 27
48 78 70
48 79 68
48 80 8
48 81 24
48 82 50
48 83 97
48 84 4
48 85 94
48 86 91
48 87 94
48 88 7
48 89 58
48 90 47
48 91 52
48 92 16
48 93 84
48 94 64
48 95 95
48 96 67
48 97 71
48 98 61
48 99 11
48 100 18
49 50 68
49 51 29
49 52 87
49 53 81
49 54 68
49 55 40
49 56 5
49 57 60
49 58 36
49 59 10
49 60 65
49 61 54
49 62 87
49 63 49
49 64 54
49 65 0
49 66 11
49 67 82
49 68 18
49 69 62
49 70 27
49 71 80
49 72 93
49 73 0
49 74 69
49 75 92
49 76 50
49 77 42
49 78 16
49 79 54
49 80 19
49 81 18
49 82 3
49 83 1
49 84 65
49 85 54
49 86 22
49 87 18
49 88 92
49 89 68
49 90 88
49 91 53
49 92 28
49 93 31
49 94 95
49 95 98
49 96 29
49 97 76
49 98 38
49 99 93
49 100 7
50 51 26
50 52 2
50 53 49
50 54 0
50 55 48
50 56 69
50 57 27
50 58 22
50 59 12
50 60 49
50 61 96
50 62 49
50 63 50
50 64 52
50 65 14
50 66 39
50 67 77
50 68 3
50 69 99
50 70 64
50 71 47
50 72 78
50 73 29
50 74 44
50 75 14
50 76 46
50 77 22
50 78 46
50 79 82
50 80 25
50 81 77
50 82 75
50 83 92
50 84 2
50 85 40
50 86 3
50 87 49
50 88 83
50 89 8
50 90 37
50 91 27
50 92 15
50 93 61
50 94 28
50 95 22
50 96 55
50 97 45
50 98 8
50 99 15
50 100 50
51 52 50
51 53 84
51 54 34
51 55 38
51 56 0
51 57 70
51 58 5
51 59 98
51 60 32
51 61 76
51 62 61
51 63 91
51 64 25
51 65 59
51 66 25
51 67 93
51 68 47
51 69 54
51 70 67
51 71 0
51 72 84
51 73 53
51 74 68
51 75 37
51 76 68
51 77 37
51 78 25
51 79 91
51 80 41
51 81 30
51 82 52
51 83 73
51 84 21
51 85 43
51 86 31
51 87 31
51 88 76
51 89 80
51 90 39
51 91 47
51 92 85
51 93 17
51 94 93
51 95 98
51 96 66
51 97 55
51 98 95
51 99 31
51 100 65
52 53 45
52 54 60
52 55 69
52 56 81
52 57 34
52 58 57
52 59 71
52 60 76
52 61 76
52 62 9
52 63 40
52 64 51
52 65 29
52 66 33
52 67 93
52 68 57
52 69 26
52 70 71
52 71 67
52 72 72
52 73 98
52 74 68
52 75 19
52 76 50
52 77 30
52 78 70
52 79 46
52 80 93
52 81 20
52 82 86
52 83 56
52 84 68
52 85 73
52 86 86
52 87 52
52 88 22
52 89 42
52 90 98
52 91 39
52 92 97
52 93 85
52 94 64
52 95 60
52 96 25
52 97 87
52 98 34
52 99 72
52 100 48
53 54 25
53 55 57
53 56 98
53 57 50
53 58 69
53 59 96
53 60 11
53 61 88
53 62 27
53 63 70
53 64 90
53 65 98
53 66 41
53 67 82
53 68 66
53 69 97
53 70 58
53 71 57
53 72 83
53 73 30
53 74 50
53 75 50
53 76 76
53 77 53
53 78 16
53 79 79
53 80 9
53 81 68
53 82 22
53 83 60
53 84 23
53 85 68
53 86 70
53 87 8
53 88 82
53 89 29
53 90 68
53 91 79
53 92 97
53 93 2
53 94 37
53 95 35
53 96 49
53 97 21
53 98 64
53 99 3
53 100 33
54 55 57
54 56 89
54 57 40
54 58 58
54 59 69
54 60 4
54 61 37
54 62 12
54 63 30
54 64 13
54 65 81
54 66 10
54 67 95
54 68 17
54 69 17
54 70 44
54 71 56
54 72 15
54 73 11
54 74 46
54 75 12
54 76 91
54 77 13
54 78 80
54 79 17
54 80 28
54 81 31
54 82 92
54 83 67
54 84 48
54 85 11
54 86 25
54 87 73
54 88 5
54 89 14
54 90 68
54 91 97
54 92 1
54 93 65
54 94 50
54 95 9
54 96 37
54 97 96
54 98 15
54 99 32
54 100 38
55 56 80
55 57 27
55 58 14
55 59 15
55 60 74
55 61 12
55 62 32
55 63 76
55 64 80
55 65 48
55 66 91
55 67 14
55 68 62
55 69 67
55 70 25
55 71 86
55 72 90
55 73 29
55 74 9
55 75 93
55 76 72
55 77 10
55 78 2
55 79 85
55 80 22
55 81 10
55 82 37
55 83 19
55 84 28
55 85 40
55 86 16
55 87 6
55 88 75
55 89 23
55 90 16
55 91 89
55 92 28
55 93 69
55 94 57
55 95 68
55 96 79
55 97 11
55 98 55
55 99 70
55 100 12
56 57 79
56 58 24
56 59 71
56 60 62
56 61 62
56 62 94
56 63 3
56 64 62
56 65 68
56 66 64
56 67 84
56 68 76
56 69 82
56 70 28
56 71 39
56 72 27
56 73 69
56 74 50
56 75 73
56 76 69
56 77 99
56 78 13
56 79 36
56 80 61
56 81 9
56 82 71
56 83 68
56 84 11
56 85 71
56 86 24
56 87 71
56 88 47
56 89 77
56 90 3
56 91 67
56 92 7
56 93 31
56 94 67
56 95 41
56 96 45
56 97 51
56 98 95
56 99 61
56 100 54
57 58 13
57 59 75
57 60 6
57 61 67
57 62 89
57 63 29
57 64 16
57 65 54
57 66 0
57 67 62
57 68 83
57 69 73
57 70 84
57 71 62
57 72 2
57 73 24
57 74 15
57 75 93
57 76 50
57 77 72
57 78 50
57 79 84
57 80 54
57 81 0
57 82 91
57 83 2
57 84 85
57 85 25
57 86 68
57 87 27
57 88 32
57 89 96
57 90 2
57 91 56
57 92 72
57 93 69
57 94 18
57 95 82
57 96 47
57 97 57
57 98 93
57 99 40
57 100 27
58 59 73
58 60 23
58 61 65
58 62 79
58 63 85
58 64 96
58 65 64
58 66 48
58 67 35
58 68 99
58 69 86
58 70 90
58 71 77
58 72 92
58 73 80
58 74 90
58 75 24
58 76 84
58 77 58
58 78 53
58 79 21
58 80 4
58 81 64
58 82 75
58 83 50
58 84 56
58 85 87
58 86 54
58 87 2
58 88 79
58 89 12
58 90 84
58 91 55
58 92 36
58 93 62
58 94 36
58 95 11
58 96 22
58 97 28
58 98 29
58 99 32
58 100 31
59 60 72
59 61 80
59 62 9
59 63 12
59 64 95
59 65 97
59 66 38
59 67 75
59 68 59
59 69 49
59 70 23
59 71 82
59 72 76
59 73 41
59 74 81
59 75 79
59 76 49
59 77 7
59 78 21
59 79 95
59 80 31
59 81 68
59 82 41
59 83 72
59 84 72
59 85 76
59 86 51
59 87 15
59 88 65
59 89 61
59 90 90
59 91 91
59 92 52
59 93 94
59 94 6
59 95 51
59 96 31
59 97 22
59 98 77
59 99 74
59 100 1
60 61 21
60 62 56
60 63 71
60 64 43
60 65 9
60 66 13
60 67 51
60 68 1
60 69 81
60 70 28
60 71 31
60 72 7
60 73 16
60 74 4
60 75 18
60 76 75
60 77 61
60 78 81
60 79 44
60 80 22
60 81 84
60 82 13
60 83 51
60 84 66
60 85 56
60 86 98
60 87 60
60 88 65
60 89 65
60 90 42
60 91 49
60 92 8
60 93 73
60 94 84
60 95 49
60 96 9
60 97 95
60 98 1
60 99 95
60 100 84
61 62 93
61 63 71
61 64 92
61 65 70
61 66 12
61 67 50
61 68 97
61 69 70
61 70 72
61 71 73
61 72 14
61 73 5
61 74 33
61 75 73
61 76 0
61 77 60
61 78 14
61 79 17
61 80 95
61 81 66
61 82 19
61 83 33
61 84 33
61 85 50
61 86 40
61 87 25
61 88 6
61 89 41
61 90 53
61 91 23
61 92 87
61 93 45
61 94 44
61 95 71
61 96 26
61 97 74
61 98 3
61 99 49
61 100 90
62 63 97
62 64 39
62 65 99
62 66 17
62 67 62
62 68 1
62 69 11
62 70 35
62 71 85
62 72 28
62 73 53
62 74 79
62 75 63
62 76 71
62 77 87
62 78 94
62 79 2
62 80 14
62 81 54
62 82 95
62 83 91
62 84 41
62 85 62
62 86 99
62 87 2
62 88 25
62 89 70
62 90 31
62 91 7
62 92 64
62 93 80
62 94 25
62 95 57
62 96 78
62 97 50
62 98 43
62 99 0
62 100 75
63 64 38
63 65 2
63 66 67
63 67 69
63 68 39
63 69 37
63 70 34
63 71 28
63 72 90
63 73 69
63 74 72
63 75 72
63 76 19
63 77 26
63 78 96
63 79 6
63 80 34
63 81 8
63 82 99
63 83 10
63 84 8
63 85 26
63 86 98
63 87 65
63 88 89
63 89 28
63 90 21
63 91 14
63 92 2
63 93 83
63 94 31
63 95 96
63 96 77
63 97 48
63 98 80
63 99 49
63 100 69
64 65 0
64 66 97
64 67 52
64 68 1
64 69 19
64 70 6
64 71 40
64 72 68
64 73 30
64 74 3
64 75 39
64 76 57
64 77 44
64 78 75
64 79 73
64 80 64
64 81 0
64 82 60
64 83 28
64 84 7
64 85 25
64 86 22
64 87 83
64 88 54
64 89 30
64 90 78
64 91 36
64 92 5
64 93 64
64 94 35
64 95 93
64 96 4
64 97 30
64 98 11
64 99 11
64 100 74
65 66 52
65 67 76
65 68 89
65 69 39
65 70 68
65 71 26
65 72 54
65 73 43
65 74 55
65 75 27
65 76 76
65 77 88
65 78 98
65 79 61
65 80 5
65 81 58
65 82 67
65 83 4
65 84 42
65 85 82
65 86 39
65 87 93
65 88 34
65 89 0
65 90 1
65 91 14
65 92 65
65 93 92
65 94 72
65 95 54
65 96 62
65 97 31
65 98 56
65 99 70
65 100 89
66 67 54
66 68 49
66 69 56
66 70 44
66 71 12
66 72 53
66 73 3
66 74 74
66 75 60
66 76 12
66 77 77
66 78 10
66 79 82
66 80 44
66 81 96
66 82 21
66 83 88
66 84 34
66 85 6
66 86 73
66 87 97
66 88 95
66 89 73
66 90 70
66 91 77
66 92 73
66 93 69
66 94 93
66 95 94
66 96 12
66 97 24
66 98 29
66 99 59
66 100 4
67 68 78
67 69 70
67 70 38
67 71 0
67 72 98
67 73 65
67 74 80
67 75 80
67 76 9
67 77 64
67 78 1
67 79 96
67 80 91
67 81 32
67 82 46
67 83 42
67 84 12
67 85 52
67 86 74
67 87 38
67 88 27
67 89 66
67 90 52
67 91 65
67 92 81
67 93 36
67 94 53
67 95 37
67 96 18
67 97 10
67 98 43
67 99 73
67 100 49
68 69 59
68 70 88
68 71 9
68 72 89
68 73 52
68 74 84
68 75 0
68 76 84
68 77 43
68 78 92
68 79 29
68 80 85
68 81 86
68 82 72
68 83 26
68 84 87
68 85 26
68 86 81
68 87 93
68 88 48
68 89 32
68 90 87
68 91 97
68 92 49
68 93 45
68 94 1
68 95 58
68 96 0
68 97 89
68 98 91
68 99 4
68 100 5
69 70 83
69 71 72
69 72 81
69 73 56
69 74 91
69 75 73
69 76 15
69 77 6
69 78 58
69 79 41
69 80 77
69 81 11
69 82 12
69 83 54
69 84 71
69 85 74
69 86 11
69 87 12
69 88 61
69 89 44
69 90 93
69 91 49
69 92 30
69 93 94
69 94 66
69 95 30
69 96 22
69 97 37
69 98 41
69 99 89
69 100 68
70 71 31
70 72 55
70 73 44
70 74 90
70 75 83
70 76 51
70 77 47
70 78 46
70 79 86
70 80 11
70 81 11
70 82 56
70 83 38
70 84 60
70 85 40
70 86 67
70 87 0
70 88 17
70 89 37
70 90 17
70 91 59
70 92 93
70 93 9
70 94 62
70 95 19
70 96 47
70 97 23
70 98 2
70 99 47
70 100 57
71 72 21
71 73 10
71 74 5
71 75 79
71 76 50
71 77 3
71 78 61
71 79 88
71 80 68
71 81 23
71 82 36
71 83 48
71 84 74
71 85 35
71 86 19
71 87 76
71 88 2
71 89 52
71 90 35
71 91 35
71 92 20
71 93 35
71 94 75
71 95 42
71 96 57
71 97 73
71 98 87
71 99 39
71 100 71
72 73 32
72 74 16
72 75 56
72 76 82
72 77 79
72 78 9
72 79 48
72 80 71
72 81 10
72 82 94
72 83 43
72 84 69
72 85 30
72 86 45
72 87 51
72 88 65
72 89 34
72 90 23
72 91 17
72 92 73
72 93 54
72 94 16
72 95 78
72 96 60
72 97 25
72 98 54
72 99 3
72 100 35
73 74 15
73 75 6
73 76 35
73 77 90
73 78 2
73 79 13
73 80 20
73 81 33
73 82 35
73 83 52
73 84 33
73 85 25
73 86 55
73 87 40
73 88 59
73 89 53
73 90 81
73 91 27
73 92 44
73 93 52
73 94 73
73 95 2
73 96 14
73 97 70
73 98 11
73 99 75
73 100 17
74 75 95
74 76 84
74 77 68
74 78 30
74 79 68
74 80 39
74 81 34
74 82 31
74 83 1
74 84 68
74 85 14
74 86 81
74 87 46
74 88 24
74 89 36
74 90 32
74 91 2
74 92 27
74 93 11
74 94 18
74 95 86
74 96 11
74 97 90
74 98 11
74 99 36
74 100 17
75 76 54
75 77 4
75 78 71
75 79 83
75 80 19
75 81 25
75 82 47
75 83 3
75 84 54
75 85 63
75 86 40
75 87 81
75 88 4
75 89 4
75 90 78
75 91 1
75 92 66
75 93 42
75 94 51
75 95 89
75 96 28
75 97 83
75 98 83
75 99 86
75 100 49
76 77 58
76 78 85
76 79 73
76 80 6
76 81 62
76 82 71
76 83 47
76 84 77
76 85 3
76 86 13
76 87 4
76 88 49
76 89 94
76 90 95
76 91 45
76 92 83
76 93 40
76 94 79
76 95 69
76 96 14
76 97 25
76 98 14
76 99 19
76 100 25
77 78 76
77 79 19
77 80 81
77 81 5
77 82 58
77 83 89
77 84 90
77 85 61
77 86 18
77 87 42
77 88 60
77 89 66
77 90 72
77 91 91
77 92 82
77 93 48
77 94 92
77 95 16
77 96 77
77 97 26
77 98 48
77 99 75
77 100 5
78 79 30
78 80 17
78 81 91
78 82 52
78 83 93
78 84 26
78 85 37
78 86 1
78 87 91
78 88 80
78 89 43
78 90 49
78 91 5
78 92 49
78 93 60
78 94 65
78 95 75
78 96 55
78 97 51
78 98 93
78 99 33
78 100 43
79 80 63
79 81 28
79 82 18
79 83 24
79 84 86
79 85 41
79 86 77
79 87 88
79 88 53
79 89 81
79 90 62
79 91 79
79 92 41
79 93 29
79 94 1
79 95 76
79 96 44
79 97 93
79 98 27
79 99 33
79 100 81
80 81 4
80 82 35
80 83 72
80 84 78
80 85 60
80 86 97
80 87 51
80 88 40
80 89 16
80 90 2
80 91 98
80 92 60
80 93 74
80 94 3
80 95 86
80 96 23
80 97 50
80 98 31
80 99 35
80 100 87
81 82 50
81 83 55
81 84 71
81 85 63
81 86 41
81 87 15
81 88 65
81 89 23
81 90 89
81 91 23
81 92 14
81 93 61
81 94 81
81 95 43
81 96 55
81 97 81
81 98 53
81 99 44
81 100 84
82 83 32
82 84 63
82 85 37
82 86 34
82 87 34
82 88 48
82 89 36
82 90 87
82 91 57
82 92 33
82 93 17
82 94 14
82 95 11
82 96 37
82 97 48
82 98 43
82 99 62
82 100 21
83 84 13
83 85 33
83 86 21
83 87 97
83 88 13
83 89 86
83 90 92
83 91 72
83 92 49
83 93 56
83 94 88
83 95 63
83 96 19
83 97 23
83 98 53
83 99 39
83 100 26
84 85 58
84 86 38
84 87 91
84 88 52
84 89 78
84 90 86
84 91 25
84 92 63
84 93 99
84 94 57
84 95 50
84 96 60
84 97 64
84 98 75
84 99 39
84 100 82
85 86 4
85 87 93
85 88 73
85 89 15
85 90 28
85 91 95
85 92 0
85 93 66
85 94 30
85 95 10
85 96 46
85 97 55
85 98 62
85 99 31
85 100 87
86 87 50
86 88 41
86 89 12
86 90 82
86 91 29
86 92 73
86 93 93
86 94 99
86 95 20
86 96 14
86 97 77
86 98 54
86 99 85
86 100 63
87 88 56
87 89 66
87 90 42
87 91 8
87 92 32
87 93 35
87 94 7
87 95 52
87 96 69
87 97 48
87 98 40
87 99 53
87 100 80
88 89 8
88 90 5
88 91 42
88 92 33
88 93 0
88 94 54
88 95 23
88 96 13
88 97 37
88 98 24
88 99 30
88 100 81
89 90 98
89 91 46
89 92 31
89 93 33
89 94 95
89 95 63
89 96 7
89 97 17
89 98 51
89 99 8
89 100 84
90 91 87
90 92 59
90 93 68
90 94 59
90 95 80
90 96 27
90 97 51
90 98 30
90 99 43
90 100 83
91 92 3
91 93 11
91 94 86
91 95 79
91 96 98
91 97 13
91 98 34
91 99 69
91 100 48
92 93 99
92 94 87
92 95 89
92 96 51
92 97 91
92 98 81
92 99 39
92 100 75
93 94 39
93 95 11
93 96 43
93 97 26
93 98 14
93 99 98
93 100 11
94 95 60
94 96 51
94 97 93
94 98 92
94 99 72
94 100 30
95 96 15
95 97 28
95 98 48
95 99 56
95 100 4
96 97 23
96 98 45
96 99 7
96 100 95
97 98 9
97 99 92
97 100 27
98 99 34
98 100 89
99 100 4
