80 3160
1 2 60
1 3 44
1 4 38
1 5 76
1 6 43
1 7 17
1 8 39
1 9 28
1 10 78
1 11 75
1 12 30
1 13 46
1 14 56
1 15 65
1 16 47
1 17 62
1 18 55
1 19 53
1 20 68
1 21 18
1 22 22
1 23 49
1 24 21
1 25 46
1 26 23
1 27 46
1 28 48
1 29 14
1 30 1
1 31 31
1 32 79
1 33 13
1 34 31
1 35 78
1 36 47
1 37 25
1 38 6
1 39 64
1 40 58
1 41 54
1 42 38
1 43 54
1 44 0
1 45 5
1 46 72
1 47 79
1 48 9
1 49 26
1 50 60
1 51 4
1 52 28
1 53 14
1 54 22
1 55 71
1 56 47
1 57 76
1 58 26
1 59 11
1 60 44
1 61 46
1 62 71
1 63 49
1 64 78
1 65 31
1 66 48
1 67 40
1 68 42
1 69 24
1 70 79
1 71 23
1 72 1
1 73 68
1 74 71
1 75 14
1 76 13
1 77 21
1 78 61
1 79 53
1 80 6
2 3 46
2 4 62
2 5 68
2 6 0
2 7 62
2 8 75
2 9 67
2 10 5
2 11 9
2 12 23
2 13 63
2 14 38
2 15 54
2 16 76
2 17 28
2 18 9
2 19 12
2 20 9
2 21 40
2 22 23
2 23 58
2 24 3
2 25 34
2 26 43
2 27 36
2 28 72
2 29 50
2 30 50
2 31 26
2 32 9
2 33 15
2 34 41
2 35 67
2 36 20
2 37 57
2 38 49
2 39 62
2 40 21
2 41 8
2 42 35
2 43 50
2 44 36
2 45 48
2 46 18
2 47 34
2 48 55
2 49 39
2 50 68
2 51 48
2 52 25
2 53 45
2 54 63
2 55 51
2 56 4
2 57 13
2 58 33
2 59 61
2 60 18
2 61 16
2 62 44
2 63 53
2 64 41
2 65 56
2 66 23
2 67 19
2 68 79
2 69 14
2 70 1
2 71 18
2 72 5
2 73 59
2 74 42
2 75 48
2 76 77
2 77 48
2 78 71
2 79 25
2 80 29
3 4 32
3 5 40
3 6 71
3 7 53
3 8 39
3 9 8
3 10 57
3 11 68
3 12 67
3 13 24
3 14 56
3 15 54
3 16 69
3 17 29
3 18 48
3 19 2
3 20 73
3 21 63
3 22 17
3 23 71
3 24 10
3 25 66
3 26 79
3 27 14
3 28 27
3 29 34
3 30 14
3 31 2
3 32 0
3 33 34
3 34 34
3 35 66
3 36 72
3 37 22
3 38 37
3 39 52
3 40 73
3 41 45
3 42 73
3 43 77
3 44 62
3 45 32
3 46 74
3 47 58
3 48 54
3 49 27
3 50 2
3 51 35
3 52 65
3 53 39
3 54 47
3 55 28
3 56 48
3 57 12
3 58 33
3 59 69
3 60 6
3 61 13
3 62 76
3 63 18
3 64 32
3 65 8
3 66 45
3 67 60
3 68 4
3 69 19
3 70 63
3 71 18
3 72 6
3 73 50
3 74 49
3 75 43
3 76 6
3 77 37
3 78 62
3 79 8
3 80 47
4 5 62
4 6 69
4 7 57
4 8 18
4 9 37
4 10 19
4 11 29
4 12 0
4 13 73
4 14 6
4 15 56
4 16 46
4 17 22
4 18 10
4 19 3
4 20 12
4 21 0
4 22 41
4 23 25
4 24 12
4 25 74
4 26 79
4 27 6
4 28 56
4 29 61
4 30 78
4 31 44
4 32 23
4 33 15
4 34 31
4 35 74
4 36 73
4 37 5
4 38 11
4 39 73
4 40 37
4 41 4
4 42 64
4 43 50
4 44 0
4 45 19
4 46 39
4 47 28
4 48 68
4 49 15
4 50 76
4 51 16
4 52 73
4 53 64
4 54 6
4 55 24
4 56 45
4 57 72
4 58 35
4 59 71
4 60 29
4 61 8
4 62 51
4 63 66
4 64 27
4 65 60
4 66 63
4 67 25
4 68 1
4 69 79
4 70 51
4 71 17
4 72 31
4 73 50
4 74 23
4 75 56
4 76 12
4 77 67
4 78 3
4 79 24
4 80 54
5 6 45
5 7 31
5 8 45
5 9 31
5 10 24
5 11 42
5 12 50
5 13 64
5 14 63
5 15 25
5 16 51
5 17 10
5 18 3
5 19 65
5 20 2
5 21 21
5 22 30
5 23 30
5 24 79
5 25 18
5 26 16
5 27 54
5 28 70
5 29 79
5 30 18
5 31 24
5 32 40
5 33 75
5 34 28
5 35 54
5 36 29
5 37 74
5 38 19
5 39 39
5 40 34
5 41 50
5 42 58
5 43 53
5 44 56
5 45 14
5 46 69
5 47 1
5 48 36
5 49 65
5 50 48
5 51 11
5 52 22
5 53 10
5 54 62
5 55 35
5 56 46
5 57 9
5 58 10
5 59 65
5 60 21
5 61 71
5 62 64
5 63 23
5 64 28
5 65 4
5 66 24
5 67 10
5 68 9
5 69 73
5 70 27
5 71 17
5 72 1
5 73 62
5 74 64
5 75 22
5 76 77
5 77 76
5 78 72
5 79 65
5 80 78
6 7 0
6 8 59
6 9 48
6 10 10
6 11 48
6 12 61
6 13 45
6 14 37
6 15 79
6 16 74
6 17 31
6 18 46
6 19 30
6 20 55
6 21 22
6 22 78
6 23 0
6 24 53
6 25 74
6 26 33
6 27 23
6 28 61
6 29 55
6 30 5
6 31 7
6 32 61
6 33 20
6 34 28
6 35 56
6 36 10
6 37 31
6 38 76
6 39 56
6 40 75
6 41 62
6 42 48
6 43 43
6 44 5
6 45 62
6 46 13
6 47 39
6 48 77
6 49 19
6 50 33
6 51 50
6 52 15
6 53 20
6 54 59
6 55 76
6 56 51
6 57 13
6 58 2
6 59 58
6 60 6
6 61 76
6 62 26
6 63 37
6 64 65
6 65 63
6 66 35
6 67 8
6 68 78
6 69 71
6 70 33
6 71 22
6 72 34
6 73 63
6 74 24
6 75 41
6 76 77
6 77 42
6 78 52
6 79 74
6 80 58
7 8 75
7 9 47
7 10 12
7 11 43
7 12 58
7 13 56
7 14 68
7 15 76
7 16 43
7 17 9
7 18 56
7 19 70
7 20 31
7 21 25
7 22 26
7 23 7
7 24 41
7 25 13
7 26 34
7 27 56
7 28 3
7 29 64
7 30 44
7 31 78
7 32 7
7 33 20
7 34 19
7 35 73
7 36 67
7 37 54
7 38 46
7 39 4
7 40 65
7 41 11
7 42 5
7 43 66
7 44 58
7 45 65
7 46 53
7 47 46
7 48 73
7 49 33
7 50 21
7 51 7
7 52 55
7 53 19
7 54 11
7 55 33
7 56 11
7 57 0
7 58 20
7 59 65
7 60 3
7 61 30
7 62 79
7 63 47
7 64 37
7 65 61
7 66 59
7 67 0
7 68 74
7 69 59
7 70 59
7 71 78
7 72 49
7 73 45
7 74 42
7 75 59
7 76 24
7 77 17
7 78 35
7 79 35
7 80 43
8 9 0
8 10 6
8 11 67
8 12 50
8 13 24
8 14 48
8 15 42
8 16 71
8 17 6
8 18 35
8 19 6
8 20 4
8 21 73
8 22 73
8 23 63
8 24 57
8 25 49
8 26 30
8 27 60
8 28 38
8 29 22
8 30 69
8 31 77
8 32 5
8 33 62
8 34 4
8 35 26
8 36 24
8 37 16
8 38 51
8 39 44
8 40 19
8 41 75
8 42 25
8 43 17
8 44 18
8 45 48
8 46 59
8 47 63
8 48 12
8 49 33
8 50 69
8 51 48
8 52 5
8 53 13
8 54 13
8 55 20
8 56 31
8 57 34
8 58 32
8 59 45
8 60 31
8 61 65
8 62 56
8 63 74
8 64 28
8 65 14
8 66 73
8 67 68
8 68 2
8 69 55
8 70 53
8 71 25
8 72 78
8 73 32
8 74 47
8 75 24
8 76 23
8 77 71
8 78 30
8 79 56
8 80 3
9 10 33
9 11 74
9 12 46
9 13 58
9 14 71
9 15 30
9 16 71
9 17 62
9 18 5
9 19 66
9 20 47
9 21 35
9 22 29
9 23 33
9 24 75
9 25 29
9 26 62
9 27 27
9 28 64
9 29 15
9 30 0
9 31 75
9 32 61
9 33 7
9 34 69
9 35 16
9 36 68
9 37 61
9 38 73
9 39 55
9 40 19
9 41 44
9 42 1
9 43 72
9 44 79
9 45 5
9 46 15
9 47 0
9 48 1
9 49 47
9 50 33
9 51 38
9 52 72
9 53 55
9 54 53
9 55 10
9 56 77
9 57 75
9 58 31
9 59 20
9 60 12
9 61 79
9 62 15
9 63 71
9 64 62
9 65 3
9 66 69
9 67 39
9 68 54
9 69 38
9 70 53
9 71 24
9 72 77
9 73 45
9 74 11
9 75 0
9 76 13
9 77 68
9 78 29
9 79 29
9 80 3
10 11 41
10 12 31
10 13 69
10 14 10
10 15 25
10 16 37
10 17 44
10 18 63
10 19 35
10 20 58
10 21 67
10 22 28
10 23 67
10 24 73
10 25 16
10 26 75
10 27 54
10 28 50
10 29 77
10 30 70
10 31 57
10 32 49
10 33 26
10 34 77
10 35 78
10 36 32
10 37 8
10 38 62
10 39 42
10 40 20
10 41 29
10 42 53
10 43 25
10 44 21
10 45 50
10 46 26
10 47 62
10 48 63
10 49 16
10 50 20
10 51 47
10 52 32
10 53 11
10 54 19
10 55 55
10 56 56
10 57 43
10 58 20
10 59 44
10 60 12
10 61 53
10 62 37
10 63 58
10 64 71
10 65 21
10 66 54
10 67 62
10 68 75
10 69 16
10 70 13
10 71 54
10 72 49
10 73 47
10 74 75
10 75 51
10 76 70
10 77 73
10 78 34
10 79 57
10 80 73
11 12 35
11 13 8
11 14 17
11 15 13
11 16 70
11 17 39
11 18 64
11 19 18
11 20 5
11 21 25
11 22 3
11 23 44
11 24 61
11 25 50
11 26 69
11 27 37
11 28 57
11 29 67
11 30 50
11 31 45
11 32 20
11 33 31
11 34 76
11 35 66
11 36 34
11 37 17
11 38 7
11 39 28
11 40 23
11 41 15
11 42 62
11 43 18
11 44 30
11 45 56
11 46 33
11 47 68
11 48 61
11 49 79
11 50 11
11 51 67
11 52 33
11 53 62
11 54 14
11 55 17
11 56 59
11 57 35
11 58 59
11 59 43
11 60 60
11 61 78
11 62 57
11 63 8
11 64 11
11 65 31
11 66 46
11 67 46
11 68 2
11 69 42
11 70 77
11 71 53
11 72 24
11 73 26
11 74 50
11 75 19
11 76 31
11 77 77
11 78 78
11 79 18
11 80 22
12 13 68
12 14 52
12 15 56
12 16 17
12 17 7
12 18 74
12 19 49
12 20 5
12 21 65
12 22 3
12 23 43
12 24 73
12 25 13
12 26 30
12 27 74
12 28 75
12 29 77
12 30 27
12 31 22
12 32 47
12 33 11
12 34 48
12 35 78
12 36 75
12 37 16
12 38 48
12 39 21
12 40 64
12 41 42
12 42 40
12 43 43
12 44 8
12 45 38
12 46 31
12 47 23
12 48 32
12 49 39
12 50 46
12 51 77
12 52 47
12 53 25
12 54 40
12 55 48
12 56 70
12 57 11
12 58 9
12 59 6
12 60 74
12 61 78
12 62 31
12 63 53
12 64 66
12 65 25
12 66 25
12 67 15
12 68 8
12 69 4
12 70 10
12 71 66
12 72 49
12 73 40
12 74 68
12 75 22
12 76 34
12 77 13
12 78 37
12 79 16
12 80 58
13 14 48
13 15 16
13 16 48
13 17 76
13 18 22
13 19 32
13 20 24
13 21 78
13 22 0
13 23 28
13 24 14
13 25 25
13 26 12
13 27 62
13 28 72
13 29 16
13 30 21
13 31 54
13 32 12
13 33 60
13 34 51
13 35 39
13 36 34
13 37 17
13 38 7
13 39 28
13 40 23
13 41 11
13 42 20
13 43 62
13 44 4
13 45 73
13 46 11
13 47 33
13 48 38
13 49 25
13 50 51
13 51 13
13 52 8
13 53 1
13 54 54
13 55 72
13 56 39
13 57 13
13 58 33
13 59 67
13 60 27
13 61 56
13 62 62
13 63 28
13 64 3
13 65 78
13 66 21
13 67 79
13 68 33
13 69 21
13 70 62
13 71 57
13 72 75
13 73 34
13 74 13
13 75 64
13 76 56
13 77 75
13 78 39
13 79 34
13 80 59
14 15 66
14 16 68
14 17 74
14 18 71
14 19 9
14 20 5
14 21 77
14 22 34
14 23 68
14 24 21
14 25 35
14 26 43
14 27 49
14 28 18
14 29 73
14 30 64
14 31 0
14 32 13
14 33 13
14 34 3
14 35 1
14 36 73
14 37 71
14 38 3
14 39 34
14 40 31
14 41 36
14 42 7
14 43 16
14 44 52
14 45 11
14 46 16
14 47 79
14 48 65
14 49 27
14 50 6
14 51 75
14 52 34
14 53 18
14 54 14
14 55 57
14 56 17
14 57 28
14 58 29
14 59 27
14 60 41
14 61 44
14 62 45
14 63 40
14 64 57
14 65 8
14 66 75
14 67 57
14 68 18
14 69 38
14 70 66
14 71 3
14 72 24
14 73 63
14 74 5
14 75 15
14 76 40
14 77 25
14 78 23
14 79 76
14 80 34
15 16 68
15 17 56
15 18 60
15 19 73
15 20 51
15 21 5
15 22 1
15 23 42
15 24 24
15 25 51
15 26 73
15 27 46
15 28 3
15 29 74
15 30 34
15 31 62
15 32 40
15 33 19
15 34 25
15 35 34
15 36 66
15 37 21
15 38 38
15 39 53
15 40 27
15 41 42
15 42 71
15 43 1
15 44 77
15 45 21
15 46 8
15 47 1
15 48 46
15 49 29
15 50 57
15 51 70
15 52 18
15 53 63
15 54 74
15 55 58
15 56 70
15 57 32
15 58 16
15 59 6
15 60 46
15 61 50
15 62 20
15 63 21
15 64 18
15 65 53
15 66 21
15 67 58
15 68 61
15 69 9
15 70 79
15 71 47
15 72 20
15 73 65
15 74 53
15 75 11
15 76 46
15 77 71
15 78 31
15 79 33
15 80 28
16 17 26
16 18 60
16 19 60
16 20 73
16 21 43
16 22 63
16 23 59
16 24 5
16 25 69
16 26 23
16 27 41
16 28 65
16 29 26
16 30 72
16 31 64
16 32 43
16 33 19
16 34 34
16 35 63
16 36 23
16 37 1
16 38 53
16 39 60
16 40 66
16 41 34
16 42 31
16 43 48
16 44 2
16 45 66
16 46 47
16 47 3
16 48 32
16 49 55
16 50 71
16 51 59
16 52 61
16 53 77
16 54 76
16 55 1
16 56 78
16 57 33
16 58 58
16 59 20
16 60 11
16 61 77
16 62 57
16 63 73
16 64 65
16 65 34
16 66 13
16 67 76
16 68 51
16 69 69
16 70 23
16 71 1
16 72 55
16 73 63
16 74 12
16 75 79
16 76 16
16 77 76
16 78 54
16 79 45
16 80 41
17 18 61
17 19 62
17 20 45
17 21 55
17 22 19
17 23 0
17 24 55
17 25 73
17 26 46
17 27 27
17 28 50
17 29 31
17 30 19
17 31 12
17 32 52
17 33 43
17 34 62
17 35 48
17 36 65
17 37 61
17 38 16
17 39 68
17 40 33
17 41 52
17 42 35
17 43 54
17 44 44
17 45 71
17 46 62
17 47 7
17 48 5
17 49 33
17 50 52
17 51 10
17 52 43
17 53 42
17 54 77
17 55 29
17 56 28
17 57 53
17 58 53
17 59 35
17 60 4
17 61 70
17 62 57
17 63 14
17 64 37
17 65 56
17 66 31
17 67 27
17 68 72
17 69 40
17 70 24
17 71 56
17 72 79
17 73 18
17 74 34
17 75 21
17 76 27
17 77 27
17 78 43
17 79 1
17 80 75
18 19 42
18 20 44
18 21 34
18 22 15
18 23 58
18 24 61
18 25 17
18 26 57
18 27 30
18 28 37
18 29 23
18 30 27
18 31 69
18 32 44
18 33 45
18 34 42
18 35 70
18 36 32
18 37 74
18 38 0
18 39 8
18 40 65
18 41 16
18 42 33
18 43 0
18 44 24
18 45 44
18 46 37
18 47 61
18 48 0
18 49 40
18 50 74
18 51 35
18 52 68
18 53 59
18 54 68
18 55 37
18 56 70
18 57 32
18 58 27
18 59 32
18 60 44
18 61 38
18 62 65
18 63 47
18 64 54
18 65 21
18 66 70
18 67 70
18 68 15
18 69 51
18 70 57
18 71 44
18 72 58
18 73 78
18 74 73
18 75 36
18 76 47
18 77 68
18 78 26
18 79 36
18 80 46
19 20 40
19 21 60
19 22 38
19 23 50
19 24 57
19 25 66
19 26 79
19 27 79
19 28 75
19 29 61
19 30 75
19 31 2
19 32 48
19 33 35
19 34 26
19 35 16
19 36 77
19 37 31
19 38 45
19 39 25
19 40 61
19 41 69
19 42 67
19 43 68
19 44 6
19 45 51
19 46 63
19 47 65
19 48 14
19 49 31
19 50 18
19 51 66
19 52 61
19 53 15
19 54 79
19 55 27
19 56 73
19 57 68
19 58 31
19 59 71
19 60 60
19 61 34
19 62 74
19 63 78
19 64 8
19 65 39
19 66 18
19 67 26
19 68 36
19 69 31
19 70 20
19 71 57
19 72 57
19 73 28
19 74 63
19 75 57
19 76 47
19 77 48
19 78 19
19 79 62
19 80 19
20 21 75
20 22 35
20 23 9
20 24 45
20 25 35
20 26 72
20 27 57
20 28 53
20 29 58
20 30 9
20 31 6
20 32 17
20 33 52
20 34 35
20 35 33
20 36 74
20 37 65
20 38 31
20 39 78
20 40 27
20 41 74
20 42 45
20 43 33
20 44 38
20 45 58
20 46 55
20 47 4
20 48 63
20 49 78
20 50 60
20 51 78
20 52 5
20 53 69
20 54 10
20 55 30
20 56 73
20 57 79
20 58 7
20 59 65
20 60 25
20 61 69
20 62 37
20 63 9
20 64 25
20 65 32
20 66 77
20 67 35
20 68 40
20 69 60
20 70 29
20 71 16
20 72 63
20 73 73
20 74 11
20 75 43
20 76 18
20 77 39
20 78 79
20 79 10
20 80 7
21 22 74
21 23 34
21 24 11
21 25 62
21 26 33
21 27 52
21 28 45
21 29 24
21 30 78
21 31 45
21 32 67
21 33 45
21 34 36
21 35 2
21 36 28
21 37 62
21 38 45
21 39 31
21 40 27
21 41 13
21 42 50
21 43 20
21 44 24
21 45 63
21 46 37
21 47 34
21 48 76
21 49 52
21 50 63
21 51 35
21 52 35
21 53 17
21 54 54
21 55 5
21 56 9
21 57 74
21 58 20
21 59 25
21 60 72
21 61 33
21 62 14
21 63 55
21 64 75
21 65 34
21 66 46
21 67 45
21 68 17
21 69 41
21 70 22
21 71 79
21 72 78
21 73 47
21 74 69
21 75 48
21 76 24
21 77 39
21 78 46
21 79 0
21 80 48
22 23 28
22 24 9
22 25 68
22 26 75
22 27 10
22 28 28
22 29 79
22 30 31
22 31 23
22 32 50
22 33 66
22 34 76
22 35 63
22 36 51
22 37 73
22 38 56
22 39 56
22 40 70
22 41 26
22 42 72
22 43 76
22 44 34
22 45 21
22 46 34
22 47 56
22 48 34
22 49 49
22 50 12
22 51 33
22 52 2
22 53 33
22 54 61
22 55 3
22 56 40
22 57 40
22 58 19
22 59 18
22 60 53
22 61 56
22 62 16
22 63 74
22 64 19
22 65 66
22 66 24
22 67 45
22 68 79
22 69 48
22 70 16
22 71 49
22 72 19
22 73 3
22 74 32
22 75 25
22 76 3
22 77 77
22 78 33
22 79 41
22 80 76
23 24 34
23 25 9
23 26 3
23 27 23
23 28 29
23 29 3
23 30 47
23 31 35
23 32 41
23 33 60
23 34 0
23 35 78
23 36 43
23 37 2
23 38 5
23 39 60
23 40 54
23 41 64
23 42 78
23 43 7
23 44 42
23 45 5
23 46 16
23 47 74
23 48 38
23 49 59
23 50 24
23 51 53
23 52 7
23 53 9
23 54 35
23 55 14
23 56 56
23 57 15
23 58 34
23 59 27
23 60 61
23 61 41
23 62 65
23 63 31
23 64 54
23 65 6
23 66 52
23 67 36
23 68 1
23 69 17
23 70 2
23 71 55
23 72 34
23 73 66
23 74 16
23 75 60
23 76 66
23 77 19
23 78 44
23 79 64
23 80 49
24 25 40
24 26 53
24 27 73
24 28 53
24 29 16
24 30 14
24 31 77
24 32 70
24 33 36
24 34 60
24 35 64
24 36 3
24 37 65
24 38 29
24 39 61
24 40 74
24 41 37
24 42 39
24 43 19
24 44 61
24 45 13
24 46 11
24 47 2
24 48 12
24 49 18
24 50 24
24 51 41
24 52 40
24 53 38
24 54 58
24 55 56
24 56 60
24 57 15
24 58 51
24 59 26
24 60 44
24 61 18
24 62 79
24 63 19
24 64 72
24 65 19
24 66 59
24 67 14
24 68 26
24 69 46
24 70 69
24 71 59
24 72 72
24 73 42
24 74 22
24 75 30
24 76 75
24 77 76
24 78 34
24 79 56
24 80 41
25 26 24
25 27 27
25 28 53
25 29 70
25 30 70
25 31 54
25 32 11
25 33 14
25 34 70
25 35 51
25 36 57
25 37 59
25 38 64
25 39 43
25 40 48
25 41 40
25 42 51
25 43 41
25 44 78
25 45 69
25 46 4
25 47 69
25 48 38
25 49 37
25 50 60
25 51 21
25 52 14
25 53 56
25 54 14
25 55 23
25 56 9
25 57 39
25 58 72
25 59 74
25 60 66
25 61 5
25 62 33
25 63 48
25 64 27
25 65 71
25 66 52
25 67 11
25 68 4
25 69 36
25 70 41
25 71 78
25 72 77
25 73 68
25 74 71
25 75 40
25 76 0
25 77 48
25 78 29
25 79 33
25 80 15
26 27 59
26 28 76
26 29 32
26 30 66
26 31 21
26 32 35
26 33 17
26 34 40
26 35 26
26 36 52
26 37 58
26 38 16
26 39 23
26 40 56
26 41 70
26 42 45
26 43 41
26 44 36
26 45 44
26 46 43
26 47 0
26 48 22
26 49 68
26 50 16
26 51 20
26 52 0
26 53 12
26 54 31
26 55 40
26 56 15
26 57 67
26 58 27
26 59 11
26 60 71
26 61 79
26 62 72
26 63 66
26 64 68
26 65 57
26 66 39
26 67 24
26 68 18
26 69 19
26 70 72
26 71 50
26 72 25
26 73 5
26 74 21
26 75 18
26 76 47
26 77 46
26 78 13
26 79 2
26 80 76
27 28 29
27 29 29
27 30 79
27 31 3
27 32 75
27 33 42
27 34 10
27 35 4
27 36 36
27 37 23
27 38 71
27 39 56
27 40 35
27 41 29
27 42 30
27 43 19
27 44 45
27 45 12
27 46 45
27 47 11
27 48 71
27 49 44
27 50 63
27 51 26
27 52 65
27 53 3
27 54 70
27 55 17
27 56 16
27 57 35
27 58 39
27 59 70
27 60 35
27 61 54
27 62 60
27 63 53
27 64 76
27 65 19
27 66 3
27 67 12
27 68 36
27 69 12
27 70 10
27 71 39
27 72 37
27 73 44
27 74 43
27 75 68
27 76 54
27 77 4
27 78 57
27 79 30
27 80 52
28 29 47
28 30 69
28 31 31
28 32 70
28 33 5
28 34 17
28 35 28
28 36 25
28 37 26
28 38 22
28 39 8
28 40 41
28 41 28
28 42 77
28 43 13
28 44 63
28 45 33
28 46 58
28 47 77
28 48 23
28 49 68
28 50 51
28 51 0
28 52 23
28 53 67
28 54 1
28 55 60
28 56 38
28 57 57
28 58 16
28 59 10
28 60 20
28 61 55
28 62 59
28 63 72
28 64 45
28 65 8
28 66 68
28 67 65
28 68 79
28 69 57
28 70 77
28 71 79
28 72 71
28 73 38
28 74 6
28 75 72
28 76 24
28 77 59
28 78 59
28 79 12
28 80 37
29 30 37
29 31 48
29 32 61
29 33 0
29 34 53
29 35 26
29 36 42
29 37 13
29 38 39
29 39 60
29 40 48
29 41 11
29 42 3
29 43 48
29 44 43
29 45 67
29 46 9
29 47 44
29 48 78
29 49 24
29 50 61
29 51 58
29 52 57
29 53 63
29 54 42
29 55 30
29 56 68
29 57 17
29 58 3
29 59 57
29 60 20
29 61 56
29 62 46
29 63 4
29 64 79
29 65 33
29 66 19
29 67 23
29 68 78
29 69 15
29 70 70
29 71 71
29 72 63
29 73 21
29 74 36
29 75 51
29 76 65
29 77 66
29 78 44
29 79 33
29 80 32
30 31 25
30 32 24
30 33 2
30 34 47
30 35 23
30 36 36
30 37 36
30 38 60
30 39 52
30 40 52
30 41 40
30 42 55
30 43 73
30 44 60
30 45 54
30 46 49
30 47 30
30 48 64
30 49 24
30 50 43
30 51 21
30 52 3
30 53 2
30 54 12
30 55 72
30 56 3
30 57 52
30 58 33
30 59 65
30 60 23
30 61 60
30 62 69
30 63 39
30 64 29
30 65 61
30 66 15
30 67 30
30 68 23
30 69 51
30 70 44
30 71 30
30 72 18
30 73 2
30 74 73
30 75 18
30 76 22
30 77 60
30 78 15
30 79 9
30 80 6
31 32 1
31 33 7
31 34 53
31 35 29
31 36 2
31 37 71
31 38 63
31 39 12
31 40 8
31 41 22
31 42 54
31 43 30
31 44 25
31 45 15
31 46 51
31 47 67
31 48 52
31 49 25
31 50 60
31 51 46
31 52 12
31 53 22
31 54 54
31 55 24
31 56 6
31 57 43
31 58 10
31 59 24
31 60 66
31 61 53
31 62 9
31 63 40
31 64 62
31 65 59
31 66 24
31 67 8
31 68 74
31 69 15
31 70 58
31 71 71
31 72 13
31 73 9
31 74 51
31 75 64
31 76 46
31 77 14
31 78 59
31 79 5
31 80 18
32 33 67
32 34 71
32 35 65
32 36 78
32 37 73
32 38 31
32 39 17
32 40 25
32 41 9
32 42 76
32 43 4
32 44 5
32 45 11
32 46 76
32 47 54
32 48 54
32 49 6
32 50 66
32 51 40
32 52 63
32 53 43
32 54 26
32 55 60
32 56 59
32 57 13
32 58 74
32 59 10
32 60 48
32 61 26
32 62 77
32 63 60
32 64 28
32 65 57
32 66 40
32 67 55
32 68 79
32 69 45
32 70 27
32 71 43
32 72 19
32 73 15
32 74 75
32 75 64
32 76 69
32 77 45
32 78 75
32 79 18
32 80 28
33 34 2
33 35 3
33 36 73
33 37 65
33 38 68
33 39 5
33 40 72
33 41 59
33 42 21
33 43 12
33 44 5
33 45 34
33 46 30
33 47 23
33 48 42
33 49 70
33 50 5
33 51 61
33 52 49
33 53 58
33 54 20
33 55 31
33 56 74
33 57 14
33 58 62
33 59 71
33 60 43
33 61 56
33 62 79
33 63 0
33 64 1
33 65 41
33 66 61
33 67 52
33 68 37
33 69 60
33 70 56
33 71 34
33 72 45
33 73 7
33 74 12
33 75 35
33 76 8
33 77 45
33 78 72
33 79 4
33 80 48
34 35 30
34 36 39
34 37 40
34 38 47
34 39 51
34 40 15
34 41 72
34 42 22
34 43 22
34 44 48
34 45 50
34 46 43
34 47 62
34 48 18
34 49 75
34 50 12
34 51 46
34 52 58
34 53 76
34 54 14
34 55 35
34 56 10
34 57 1
34 58 3
34 59 21
34 60 5
34 61 53
34 62 73
34 63 10
34 64 57
34 65 34
34 66 6
34 67 16
34 68 19
34 69 39
34 70 34
34 71 35
34 72 3
34 73 9
34 74 29
34 75 27
34 76 2
34 77 79
34 78 24
34 79 34
34 80 78
35 36 11
35 37 68
35 38 8
35 39 15
35 40 45
35 41 47
35 42 16
35 43 66
35 44 54
35 45 15
35 46 32
35 47 25
35 48 45
35 49 19
35 50 79
35 51 73
35 52 55
35 53 8
35 54 38
35 55 66
35 56 24
35 57 68
35 58 56
35 59 31
35 60 64
35 61 8
35 62 56
35 63 13
35 64 59
35 65 52
35 66 48
35 67 59
35 68 10
35 69 49
35 70 50
35 71 66
35 72 77
35 73 26
35 74 19
35 75 37
35 76 60
35 77 30
35 78 74
35 79 66
35 80 0
36 37 35
36 38 77
36 39 56
36 40 36
36 41 70
36 42 33
36 43 5
36 44 20
36 45 34
36 46 49
36 47 70
36 48 53
36 49 49
36 50 19
36 51 55
36 52 19
36 53 11
36 54 21
36 55 63
36 56 24
36 57 76
36 58 44
36 59 9
36 60 35
36 61 37
36 62 78
36 63 5
36 64 9
36 65 25
36 66 56
36 67 78
36 68 73
36 69 9
36 70 44
36 71 7
36 72 75
36 73 39
36 74 37
36 75 19
36 76 79
36 77 70
36 78 65
36 79 61
36 80 73
37 38 74
37 39 55
37 40 0
37 41 39
37 42 42
37 43 28
37 44 66
37 45 21
37 46 1
37 47 42
37 48 66
37 49 5
37 50 72
37 51 41
37 52 79
37 53 61
37 54 73
37 55 15
37 56 6
37 57 76
37 58 77
37 59 6
37 60 12
37 61 42
37 62 5
37 63 73
37 64 24
37 65 36
37 66 60
37 67 21
37 68 61
37 69 56
37 70 4
37 71 26
37 72 2
37 73 73
37 74 7
37 75 49
37 76 21
37 77 65
37 78 11
37 79 41
37 80 23
38 39 34
38 40 45
38 41 79
38 42 73
38 43 73
38 44 25
38 45 11
38 46 67
38 47 62
38 48 44
38 49 6
38 50 77
38 51 76
38 52 23
38 53 48
38 54 59
38 55 5
38 56 76
38 57 1
38 58 11
38 59 71
38 60 6
38 61 71
38 62 24
38 63 47
38 64 9
38 65 1
38 66 76
38 67 14
38 68 49
38 69 19
38 70 37
38 71 0
38 72 4
38 73 34
38 74 27
38 75 76
38 76 28
38 77 63
38 78 26
38 79 6
38 80 60
39 40 36
39 41 1
39 42 77
39 43 71
39 44 19
39 45 45
39 46 14
39 47 13
39 48 54
39 49 31
39 50 14
39 51 48
39 52 68
39 53 24
39 54 16
39 55 74
39 56 47
39 57 74
39 58 25
39 59 78
39 60 72
39 61 42
39 62 16
39 63 44
39 64 60
39 65 55
39 66 51
39 67 74
39 68 37
39 69 26
39 70 26
39 71 22
39 72 73
39 73 14
39 74 52
39 75 3
39 76 26
39 77 62
39 78 3
39 79 54
39 80 45
40 41 16
40 42 26
40 43 8
40 44 3
40 45 3
40 46 13
40 47 22
40 48 37
40 49 50
40 50 24
40 51 69
40 52 9
40 53 54
40 54 76
40 55 9
40 56 49
40 57 33
40 58 62
40 59 13
40 60 45
40 61 44
40 62 22
40 63 6
40 64 45
40 65 4
40 66 11
40 67 64
40 68 53
40 69 57
40 70 23
40 71 18
40 72 39
40 73 8
40 74 18
40 75 37
40 76 47
40 77 26
40 78 68
40 79 4
40 80 43
41 42 72
41 43 23
41 44 6
41 45 75
41 46 1
41 47 37
41 48 54
41 49 65
41 50 20
41 51 18
41 52 72
41 53 56
41 54 15
41 55 0
41 56 58
41 57 3
41 58 56
41 59 54
41 60 11
41 61 41
41 62 55
41 63 43
41 64 71
41 65 65
41 66 46
41 67 78
41 68 14
41 69 30
41 70 79
41 71 74
41 72 44
41 73 18
41 74 56
41 75 49
41 76 17
41 77 48
41 78 50
41 79 76
41 80 57
42 43 29
42 44 41
42 45 58
42 46 60
42 47 50
42 48 72
42 49 64
42 50 68
42 51 19
42 52 45
42 53 26
42 54 49
42 55 36
42 56 68
42 57 23
42 58 69
42 59 29
42 60 10
42 61 3
42 62 14
42 63 51
42 64 64
42 65 15
42 66 4
42 67 62
42 68 30
42 69 68
42 70 14
42 71 75
42 72 1
42 73 68
42 74 31
42 75 60
42 76 57
42 77 3
42 78 48
42 79 68
42 80 28
43 44 56
43 45 69
43 46 17
43 47 53
43 48 61
43 49 55
43 50 76
43 51 41
43 52 30
43 53 60
43 54 50
43 55 11
43 56 27
43 57 70
43 58 66
43 59 56
43 60 6
43 61 50
43 62 70
43 63 9
43 64 16
43 65 76
43 66 0
43 67 70
43 68 38
43 69 2
43 70 56
43 71 62
43 72 64
43 73 29
43 74 4
43 75 0
43 76 12
43 77 63
43 78 43
43 79 20
43 80 29
44 45 56
44 46 6
44 47 49
44 48 46
44 49 39
44 50 46
44 51 28
44 52 52
44 53 27
44 54 38
44 55 35
44 56 12
44 57 63
44 58 74
44 59 9
44 60 22
44 61 51
44 62 60
44 63 50
44 64 67
44 65 38
44 66 10
44 67 40
44 68 3
44 69 62
44 70 32
44 71 76
44 72 38
44 73 54
44 74 2
44 75 47
44 76 76
44 77 9
44 78 44
44 79 61
44 80 48
45 46 66
45 47 65
45 48 0
45 49 65
45 50 22
45 51 14
45 52 67
45 53 69
45 54 58
45 55 38
45 56 6
45 57 31
45 58 7
45 59 74
45 60 47
45 61 37
45 62 0
45 63 55
45 64 43
45 65 25
45 66 48
45 67 38
45 68 37
45 69 8
45 70 71
45 71 34
45 72 24
45 73 48
45 74 44
45 75 14
45 76 32
45 77 64
45 78 7
45 79 51
45 80 29
46 47 3
46 48 54
46 49 11
46 50 54
46 51 12
46 52 14
46 53 22
46 54 49
46 55 66
46 56 71
46 57 61
46 58 46
46 59 38
46 60 32
46 61 58
46 62 75
46 63 57
46 64 19
46 65 78
46 66 72
46 67 45
46 68 34
46 69 9
46 70 50
46 71 5
46 72 4
46 73 52
46 74 39
46 75 26
46 76 20
46 77 59
46 78 65
46 79 75
46 80 40
47 48 39
47 49 70
47 50 12
47 51 18
47 52 56
47 53 52
47 54 53
47 55 69
47 56 66
47 57 48
47 58 26
47 59 7
47 60 6
47 61 70
47 62 13
47 63 49
47 64 74
47 65 42
47 66 36
47 67 13
47 68 75
47 69 47
47 70 69
47 71 32
47 72 26
47 73 4
47 74 9
47 75 32
47 76 70
47 77 39
47 78 25
47 79 0
47 80 25
48 49 15
48 50 24
48 51 49
48 52 74
48 53 59
48 54 50
48 55 54
48 56 61
48 57 25
48 58 27
48 59 76
48 60 32
48 61 30
48 62 77
48 63 18
48 64 44
48 65 65
48 66 68
48 67 51
48 68 14
48 69 6
48 70 70
48 71 51
48 72 55
48 73 4
48 74 63
48 75 18
48 76 68
48 77 38
48 78 10
48 79 26
48 80 33
49 50 67
49 51 43
49 52 65
49 53 24
49 54 21
49 55 60
49 56 5
49 57 47
49 58 74
49 59 3
49 60 77
49 61 37
49 62 73
49 63 77
49 64 78
49 65 36
49 66 27
49 67 62
49 68 12
49 69 63
49 70 8
49 71 8
49 72 10
49 73 22
49 74 50
49 75 45
49 76 9
49 77 14
49 78 57
49 79 25
49 80 15
50 51 6
50 52 23
50 53 67
50 54 27
50 55 36
50 56 69
50 57 22
50 58 26
50 59 15
50 60 76
50 61 54
50 62 8
50 63 14
50 64 45
50 65 3
50 66 50
50 67 75
50 68 48
50 69 29
50 70 20
50 71 33
50 72 54
50 73 40
50 74 29
50 75 29
50 76 10
50 77 65
50 78 59
50 79 13
50 80 73
51 52 24
51 53 43
51 54 15
51 55 17
51 56 71
51 57 10
51 58 63
51 59 32
51 60 50
51 61 48
51 62 65
51 63 76
51 64 44
51 65 45
51 66 34
51 67 72
51 68 35
51 69 46
51 70 52
51 71 44
51 72 71
51 73 75
51 74 10
51 75 30
51 76 12
51 77 63
51 78 74
51 79 52
51 80 48
52 53 37
52 54 44
52 55 36
52 56 31
52 57 39
52 58 33
52 59 56
52 60 41
52 61 66
52 62 66
52 63 67
52 64 77
52 65 0
52 66 36
52 67 74
52 68 13
52 69 19
52 70 14
52 71 57
52 72 18
52 73 7
52 74 19
52 75 52
52 76 78
52 77 12
52 78 0
52 79 3
52 80 75
53 54 58
53 55 17
53 56 50
53 57 61
53 58 56
53 59 68
53 60 77
53 61 69
53 62 19
53 63 22
53 64 47
53 65 41
53 66 1
53 67 76
53 68 9
53 69 14
53 70 52
53 71 35
53 72 77
53 73 5
53 74 9
53 75 47
53 76 70
53 77 55
53 78 68
53 79 48
53 80 1
54 55 48
54 56 37
54 57 58
54 58 79
54 59 62
54 60 77
54 61 69
54 62 27
54 63 15
54 64 25
54 65 39
54 66 36
54 67 75
54 68 44
54 69 26
54 70 45
54 71 58
54 72 52
54 73 6
54 74 12
54 75 26
54 76 15
54 77 42
54 78 56
54 79 32
54 80 53
55 56 6
55 57 17
55 58 79
55 59 54
55 60 58
55 61 8
55 62 72
55 63 77
55 64 4
55 65 29
55 66 71
55 67 36
55 68 4
55 69 42
55 70 2
55 71 64
55 72 4
55 73 0
55 74 7
55 75 54
55 76 73
55 77 31
55 78 64
55 79 47
55 80 50
56 57 75
56 58 6
56 59 11
56 60 11
56 61 24
56 62 37
56 63 33
56 64 32
56 65 62
56 66 59
56 67 5
56 68 41
56 69 27
56 70 41
56 71 36
56 72 64
56 73 41
56 74 12
56 75 23
56 76 74
56 77 67
56 78 59
56 79 11
56 80 15
57 58 8
57 59 66
57 60 30
57 61 12
57 62 19
57 63 27
57 64 73
57 65 32
57 66 42
57 67 47
57 68 25
57 69 17
57 70 69
57 71 47
57 72 6
57 73 39
57 74 14
57 75 20
57 76 24
57 77 7
57 78 40
57 79 77
57 80 5
58 59 8
58 60 52
58 61 42
58 62 9
58 63 46
58 64 30
58 65 23
58 66 64
58 67 2
58 68 14
58 69 67
58 70 67
58 71 21
58 72 61
58 73 22
58 74 34
58 75 75
58 76 67
58 77 30
58 78 14
58 79 26
58 80 29
59 60 50
59 61 51
59 62 46
59 63 38
59 64 20
59 65 67
59 66 70
59 67 48
59 68 63
59 69 71
59 70 33
59 71 78
59 72 38
59 73 60
59 74 41
59 75 25
59 76 29
59 77 32
59 78 29
59 79 19
59 80 0
60 61 0
60 62 18
60 63 52
60 64 46
60 65 3
60 66 55
60 67 16
60 68 48
60 69 1
60 70 51
60 71 72
60 72 71
60 73 36
60 74 12
60 75 62
60 76 61
60 77 77
60 78 11
60 79 57
60 80 46
61 62 14
61 63 60
61 64 15
61 65 49
61 66 30
61 67 42
61 68 37
61 69 22
61 70 77
61 71 48
61 72 17
61 73 26
61 74 3
61 75 74
61 76 70
61 77 10
61 78 27
61 79 64
61 80 45
62 63 36
62 64 48
62 65 4
62 66 3
62 67 8
62 68 61
62 69 63
62 70 5
62 71 9
62 72 19
62 73 58
62 74 10
62 75 40
62 76 1
62 77 49
62 78 53
62 79 16
62 80 16
63 64 48
63 65 13
63 66 10
63 67 57
63 68 41
63 69 42
63 70 15
63 71 32
63 72 18
63 73 38
63 74 61
63 75 30
63 76 37
63 77 77
63 78 10
63 79 48
63 80 59
64 65 68
64 66 58
64 67 44
64 68 34
64 69 29
64 70 3
64 71 77
64 72 36
64 73 24
64 74 78
64 75 64
64 76 54
64 77 77
64 78 58
64 79 17
64 80 47
65 66 8
65 67 52
65 68 24
65 69 58
65 70 73
65 71 69
65 72 8
65 73 69
65 74 58
65 75 68
65 76 4
65 77 17
65 78 10
65 79 9
65 80 77
66 67 35
66 68 60
66 69 48
66 70 25
66 71 5
66 72 76
66 73 40
66 74 74
66 75 51
66 76 42
66 77 32
66 78 63
66 79 61
66 80 73
67 68 73
67 69 8
67 70 17
67 71 16
67 72 68
67 73 45
67 74 1
67 75 52
67 76 35
67 77 48
67 78 10
67 79 26
67 80 11
68 69 1
68 70 46
68 71 16
68 72 45
68 73 61
68 74 12
68 75 72
68 76 43
68 77 17
68 78 29
68 79 25
68 80 63
69 70 27
69 71 62
69 72 24
69 73 28
69 74 76
69 75 77
69 76 59
69 77 72
69 78 36
69 79 73
69 80 41
70 71 76
70 72 51
70 73 44
70 74 22
70 75 35
70 76 32
70 77 18
70 78 72
70 79 29
70 80 46
71 72 65
71 73 41
71 74 35
71 75 72
71 76 15
71 77 16
71 78 9
71 79 55
71 80 30
72 73 4
72 74 10
72 75 39
72 76 75
72 77 56
72 78 36
72 79 7
72 80 49
73 74 40
73 75 17
73 76 18
73 77 28
73 78 5
73 79 71
73 80 54
74 75 57
74 76 8
74 77 25
74 78 56
74 79 25
74 80 76
75 76 44
75 77 60
75 78 68
75 79 48
75 80 37
76 77 12
76 78 17
76 79 13
76 80 67
77 78 5
77 79 24
77 80 55
78 79 12
78 80 51
79 80 23
