60 1770
1 2 15
1 3 57
1 4 32
1 5 46
1 6 46
1 7 36
1 8 32
1 9 45
1 10 20
1 11 34
1 12 25
1 13 37
1 14 52
1 15 30
1 16 21
1 17 12
1 18 46
1 19 13
1 20 36
1 21 58
1 22 12
1 23 53
1 24 18
1 25 35
1 26 37
1 27 51
1 28 47
1 29 34
1 30 59
1 31 48
1 32 2
1 33 48
1 34 36
1 35 27
1 36 5
1 37 52
1 38 49
1 39 13
1 40 37
1 41 28
1 42 7
1 43 58
1 44 56
1 45 33
1 46 29
1 47 10
1 48 40
1 49 53
1 50 10
1 51 15
1 52 45
1 53 31
1 54 45
1 55 35
1 56 12
1 57 28
1 58 4
1 59 23
1 60 6
2 3 5
2 4 16
2 5 25
2 6 11
2 7 2
2 8 59
2 9 55
2 10 37
2 11 35
2 12 31
2 13 12
2 14 48
2 15 7
2 16 54
2 17 32
2 18 14
2 19 36
2 20 58
2 21 27
2 22 35
2 23 41
2 24 21
2 25 22
2 26 21
2 27 0
2 28 7
2 29 6
2 30 34
2 31 40
2 32 59
2 33 5
2 34 44
2 35 11
2 36 39
2 37 17
2 38 3
2 39 53
2 40 13
2 41 54
2 42 40
2 43 58
2 44 12
2 45 22
2 46 50
2 47 32
2 48 23
2 49 50
2 50 26
2 51 40
2 52 46
2 53 29
2 54 48
2 55 9
2 56 0
2 57 48
2 58 39
2 59 42
2 60 23
3 4 43
3 5 33
3 6 10
3 7 4
3 8 20
3 9 58
3 10 1
3 11 48
3 12 29
3 13 20
3 14 10
3 15 48
3 16 50
3 17 47
3 18 27
3 19 33
3 20 12
3 21 3
3 22 28
3 23 30
3 24 33
3 25 18
3 26 42
3 27 36
3 28 48
3 29 51
3 30 58
3 31 15
3 32 15
3 33 7
3 34 34
3 35 42
3 36 51
3 37 40
3 38 47
3 39 18
3 40 12
3 41 5
3 42 59
3 43 28
3 44 30
3 45 5
3 46 29
3 47 29
3 48 37
3 49 5
3 50 39
3 51 29
3 52 22
3 53 46
3 54 18
3 55 23
3 56 53
3 57 41
3 58 6
3 59 33
3 60 32
4 5 6
4 6 38
4 7 57
4 8 58
4 9 5
4 10 11
4 11 1
4 12 22
4 13 21
4 14 33
4 15 21
4 16 41
4 17 15
4 18 25
4 19 24
4 20 43
4 21 34
4 22 41
4 23 30
4 24 46
4 25 12
4 26 49
4 27 37
4 28 47
4 29 14
4 30 18
4 31 50
4 32 4
4 33 26
4 34 37
4 35 48
4 36 13
4 37 54
4 38 46
4 39 30
4 40 40
4 41 19
4 42 7
4 43 7
4 44 46
4 45 47
4 46 29
4 47 34
4 48 24
4 49 42
4 50 29
4 51 55
4 52 48
4 53 19
4 54 8
4 55 37
4 56 7
4 57 46
4 58 50
4 59 31
4 60 3
5 6 53
5 7 8
5 8 50
5 9 52
5 10 29
5 11 41
5 12 12
5 13 5
5 14 35
5 15 2
5 16 4
5 17 20
5 18 29
5 19 39
5 20 38
5 21 12
5 22 48
5 23 4
5 24 4
5 25 29
5 26 30
5 27 50
5 28 28
5 29 27
5 30 35
5 31 26
5 32 45
5 33 41
5 34 22
5 35 51
5 36 0
5 37 10
5 38 44
5 39 8
5 40 12
5 41 50
5 42 33
5 43 20
5 44 1
5 45 11
5 46 49
5 47 58
5 48 7
5 49 36
5 50 49
5 51 3
5 52 10
5 53 50
5 54 49
5 55 1
5 56 57
5 57 24
5 58 26
5 59 5
5 60 58
6 7 35
6 8 34
6 9 27
6 10 11
6 11 17
6 12 55
6 13 11
6 14 13
6 15 41
6 16 6
6 17 35
6 18 47
6 19 18
6 20 9
6 21 5
6 22 57
6 23 27
6 24 0
6 25 20
6 26 27
6 27 43
6 28 22
6 29 15
6 30 22
6 31 53
6 32 30
6 33 44
6 34 58
6 35 12
6 36 57
6 37 0
6 38 29
6 39 6
6 40 31
6 41 7
6 42 16
6 43 13
6 44 18
6 45 38
6 46 46
6 47 15
6 48 16
6 49 10
6 50 13
6 51 32
6 52 9
6 53 11
6 54 37
6 55 7
6 56 38
6 57 32
6 58 15
6 59 30
6 60 39
7 8 5
7 9 23
7 10 56
7 11 54
7 12 25
7 13 15
7 14 44
7 15 52
7 16 45
7 17 51
7 18 20
7 19 47
7 20 15
7 21 58
7 22 25
7 23 37
7 24 36
7 25 21
7 26 25
7 27 18
7 28 17
7 29 29
7 30 14
7 31 59
7 32 53
7 33 50
7 34 23
7 35 11
7 36 47
7 37 30
7 38 49
7 39 45
7 40 18
7 41 3
7 42 10
7 43 16
7 44 58
7 45 52
7 46 36
7 47 37
7 48 17
7 49 24
7 50 51
7 51 34
7 52 47
7 53 11
7 54 30
7 55 33
7 56 0
7 57 50
7 58 17
7 59 40
7 60 4
8 9 37
8 10 21
8 11 54
8 12 47
8 13 17
8 14 31
8 15 35
8 16 7
8 17 1
8 18 24
8 19 1
8 20 14
8 21 7
8 22 46
8 23 0
8 24 27
8 25 49
8 26 27
8 27 1
8 28 50
8 29 45
8 30 39
8 31 33
8 32 42
8 33 52
8 34 4
8 35 58
8 36 15
8 37 32
8 38 41
8 39 56
8 40 52
8 41 8
8 42 45
8 43 36
8 44 9
8 45 30
8 46 32
8 47 16
8 48 15
8 49 27
8 50 4
8 51 43
8 52 37
8 53 31
8 54 24
8 55 37
8 56 42
8 57 39
8 58 35
8 59 32
8 60 30
9 10 7
9 11 49
9 12 16
9 13 29
9 14 40
9 15 3
9 16 58
9 17 42
9 18 28
9 19 34
9 20 7
9 21 5
9 22 53
9 23 55
9 24 49
9 25 19
9 26 33
9 27 27
9 28 28
9 29 21
9 30 49
9 31 48
9 32 46
9 33 5
9 34 53
9 35 20
9 36 56
9 37 3
9 38 13
9 39 3
9 40 15
9 41 17
9 42 29
9 43 36
9 44 41
9 45 57
9 46 49
9 47 51
9 48 36
9 49 16
9 50 56
9 51 13
9 52 6
9 53 39
9 54 39
9 55 46
9 56 49
9 57 39
9 58 53
9 59 24
9 60 45
10 11 25
10 12 34
10 13 5
10 14 14
10 15 36
10 16 12
10 17 38
10 18 51
10 19 21
10 20 4
10 21 24
10 22 32
10 23 34
10 24 0
10 25 2
10 26 21
10 27 3
10 28 42
10 29 54
10 30 20
10 31 20
10 32 16
10 33 36
10 34 48
10 35 36
10 36 59
10 37 55
10 38 47
10 39 52
10 40 25
10 41 2
10 42 55
10 43 26
10 44 33
10 45 48
10 46 48
10 47 26
10 48 29
10 49 13
10 50 9
10 51 2
10 52 31
10 53 24
10 54 45
10 55 2
10 56 33
10 57 36
10 58 53
10 59 47
10 60 42
11 12 35
11 13 44
11 14 13
11 15 25
11 16 31
11 17 15
11 18 30
11 19 36
11 20 12
11 21 5
11 22 20
11 23 46
11 24 1
11 25 24
11 26 39
11 27 9
11 28 10
11 29 31
11 30 54
11 31 27
11 32 16
11 33 22
11 34 41
11 35 55
11 36 37
11 37 57
11 38 3
11 39 10
11 40 31
11 41 54
11 42 14
11 43 15
11 44 28
11 45 51
11 46 42
11 47 6
11 48 1
11 49 46
11 50 52
11 51 35
11 52 41
11 53 42
11 54 44
11 55 37
11 56 41
11 57 46
11 58 26
11 59 17
11 60 32
12 13 31
12 14 39
12 15 50
12 16 15
12 17 34
12 18 37
12 19 28
12 20 49
12 21 35
12 22 17
12 23 17
12 24 10
12 25 33
12 26 8
12 27 44
12 28 49
12 29 49
12 30 28
12 31 4
12 32 43
12 33 29
12 34 12
12 35 34
12 36 19
12 37 22
12 38 51
12 39 32
12 40 31
12 41 26
12 42 47
12 43 41
12 44 17
12 45 20
12 46 54
12 47 57
12 48 4
12 49 0
12 50 28
12 51 43
12 52 11
12 53 24
12 54 58
12 55 43
12 56 7
12 57 27
12 58 26
12 59 52
12 60 33
13 14 40
13 15 52
13 16 22
13 17 8
13 18 27
13 19 41
13 20 15
13 21 28
13 22 30
13 23 14
13 24 32
13 25 25
13 26 55
13 27 54
13 28 8
13 29 11
13 30 55
13 31 56
13 32 36
13 33 53
13 34 57
13 35 43
13 36 32
13 37 37
13 38 6
13 39 26
13 40 48
13 41 24
13 42 39
13 43 10
13 44 3
13 45 35
13 46 47
13 47 33
13 48 4
13 49 48
13 50 27
13 51 12
13 52 33
13 53 52
13 54 52
13 55 24
13 56 21
13 57 8
13 58 12
13 59 42
13 60 34
14 15 54
14 16 11
14 17 57
14 18 18
14 19 16
14 20 41
14 21 13
14 22 49
14 23 56
14 24 24
14 25 50
14 26 13
14 27 46
14 28 2
14 29 24
14 30 49
14 31 24
14 32 36
14 33 8
14 34 28
14 35 29
14 36 9
14 37 14
14 38 30
14 39 23
14 40 35
14 41 58
14 42 18
14 43 43
14 44 18
14 45 41
14 46 52
14 47 57
14 48 41
14 49 45
14 50 32
14 51 18
14 52 46
14 53 55
14 54 59
14 55 40
14 56 54
14 57 20
14 58 24
14 59 57
14 60 25
15 16 46
15 17 18
15 18 36
15 19 12
15 20 6
15 21 6
15 22 39
15 23 27
15 24 58
15 25 8
15 26 8
15 27 7
15 28 10
15 29 52
15 30 55
15 31 49
15 32 50
15 33 0
15 34 44
15 35 37
15 36 26
15 37 38
15 38 59
15 39 12
15 40 12
15 41 13
15 42 37
15 43 5
15 44 16
15 45 48
15 46 3
15 47 39
15 48 54
15 49 9
15 50 0
15 51 45
15 52 35
15 53 28
15 54 8
15 55 31
15 56 52
15 57 56
15 58 27
15 59 21
15 60 33
16 17 0
16 18 27
16 19 52
16 20 58
16 21 38
16 22 54
16 23 4
16 24 22
16 25 0
16 26 36
16 27 0
16 28 59
16 29 7
16 30 16
16 31 33
16 32 4
16 33 47
16 34 30
16 35 15
16 36 17
16 37 26
16 38 24
16 39 58
16 40 15
16 41 2
16 42 23
16 43 35
16 44 16
16 45 3
16 46 1
16 47 39
16 48 48
16 49 22
16 50 1
16 51 44
16 52 2
16 53 46
16 54 0
16 55 9
16 56 6
16 57 24
16 58 8
16 59 11
16 60 45
17 18 11
17 19 59
17 20 41
17 21 38
17 22 2
17 23 47
17 24 15
17 25 42
17 26 39
17 27 29
17 28 20
17 29 40
17 30 58
17 31 8
17 32 36
17 33 20
17 34 45
17 35 54
17 36 48
17 37 45
17 38 45
17 39 13
17 40 22
17 41 25
17 42 5
17 43 52
17 44 21
17 45 4
17 46 36
17 47 52
17 48 48
17 49 42
17 50 35
17 51 7
17 52 57
17 53 9
17 54 59
17 55 14
17 56 17
17 57 11
17 58 37
17 59 0
17 60 2
18 19 39
18 20 8
18 21 48
18 22 52
18 23 35
18 24 28
18 25 5
18 26 23
18 27 30
18 28 47
18 29 28
18 30 42
18 31 5
18 32 1
18 33 23
18 34 41
18 35 33
18 36 22
18 37 42
18 38 19
18 39 53
18 40 4
18 41 56
18 42 33
18 43 17
18 44 28
18 45 43
18 46 20
18 47 25
18 48 58
18 49 42
18 50 37
18 51 33
18 52 22
18 53 1
18 54 54
18 55 25
18 56 1
18 57 46
18 58 33
18 59 28
18 60 32
19 20 42
19 21 2
19 22 43
19 23 1
19 24 8
19 25 11
19 26 31
19 27 22
19 28 20
19 29 44
19 30 24
19 31 48
19 32 53
19 33 55
19 34 53
19 35 58
19 36 31
19 37 47
19 38 38
19 39 6
19 40 14
19 41 31
19 42 47
19 43 51
19 44 54
19 45 30
19 46 7
19 47 37
19 48 33
19 49 14
19 50 19
19 51 39
19 52 20
19 53 41
19 54 27
19 55 15
19 56 23
19 57 38
19 58 46
19 59 10
19 60 31
20 21 59
20 22 35
20 23 2
20 24 55
20 25 59
20 26 27
20 27 58
20 28 8
20 29 2
20 30 36
20 31 57
20 32 43
20 33 1
20 34 2
20 35 37
20 36 4
20 37 19
20 38 4
20 39 48
20 40 46
20 41 46
20 42 19
20 43 2
20 44 53
20 45 11
20 46 58
20 47 11
20 48 3
20 49 6
20 50 17
20 51 4
20 52 40
20 53 24
20 54 45
20 55 11
20 56 35
20 57 6
20 58 48
20 59 21
20 60 32
21 22 59
21 23 26
21 24 54
21 25 40
21 26 6
21 27 21
21 28 4
21 29 24
21 30 18
21 31 45
21 32 29
21 33 53
21 34 50
21 35 13
21 36 12
21 37 16
21 38 4
21 39 6
21 40 27
21 41 5
21 42 17
21 43 16
21 44 18
21 45 57
21 46 42
21 47 36
21 48 48
21 49 8
21 50 55
21 51 23
21 52 10
21 53 46
21 54 56
21 55 50
21 56 46
21 57 23
21 58 20
21 59 39
21 60 11
22 23 47
22 24 41
22 25 23
22 26 47
22 27 58
22 28 51
22 29 53
22 30 21
22 31 17
22 32 52
22 33 31
22 34 31
22 35 28
22 36 59
22 37 53
22 38 3
22 39 14
22 40 4
22 41 7
22 42 17
22 43 17
22 44 26
22 45 54
22 46 33
22 47 25
22 48 23
22 49 55
22 50 1
22 51 0
22 52 25
22 53 59
22 54 37
22 55 35
22 56 9
22 57 42
22 58 48
22 59 36
22 60 20
23 24 2
23 25 34
23 26 44
23 27 57
23 28 56
23 29 5
23 30 53
23 31 1
23 32 27
23 33 50
23 34 33
23 35 3
23 36 30
23 37 29
23 38 22
23 39 42
23 40 49
23 41 43
23 42 50
23 43 56
23 44 5
23 45 14
23 46 57
23 47 15
23 48 39
23 49 42
23 50 5
23 51 22
23 52 3
23 53 43
23 54 52
23 55 17
23 56 45
23 57 15
23 58 0
23 59 30
23 60 30
24 25 47
24 26 19
24 27 7
24 28 47
24 29 47
24 30 42
24 31 16
24 32 50
24 33 54
24 34 44
24 35 0
24 36 9
24 37 44
24 38 57
24 39 4
24 40 8
24 41 30
24 42 58
24 43 6
24 44 18
24 45 27
24 46 46
24 47 59
24 48 13
24 49 19
24 50 57
24 51 42
24 52 13
24 53 59
24 54 0
24 55 15
24 56 33
24 57 20
24 58 51
24 59 1
24 60 2
25 26 17
25 27 5
25 28 31
25 29 21
25 30 30
25 31 49
25 32 10
25 33 50
25 34 33
25 35 37
25 36 24
25 37 14
25 38 19
25 39 12
25 40 5
25 41 5
25 42 1
25 43 54
25 44 38
25 45 5
25 46 16
25 47 28
25 48 43
25 49 37
25 50 35
25 51 12
25 52 15
25 53 0
25 54 43
25 55 42
25 56 17
25 57 7
25 58 54
25 59 33
25 60 45
26 27 24
26 28 28
26 29 52
26 30 44
26 31 28
26 32 39
26 33 49
26 34 33
26 35 48
26 36 30
26 37 29
26 38 41
26 39 40
26 40 5
26 41 48
26 42 11
26 43 7
26 44 55
26 45 47
26 46 11
26 47 32
26 48 26
26 49 19
26 50 46
26 51 18
26 52 13
26 53 43
26 54 57
26 55 38
26 56 37
26 57 10
26 58 17
26 59 13
26 60 57
27 28 20
27 29 21
27 30 25
27 31 26
27 32 53
27 33 4
27 34 58
27 35 26
27 36 1
27 37 37
27 38 0
27 39 47
27 40 50
27 41 0
27 42 35
27 43 8
27 44 19
27 45 47
27 46 9
27 47 37
27 48 42
27 49 29
27 50 36
27 51 54
27 52 27
27 53 22
27 54 53
27 55 32
27 56 32
27 57 11
27 58 9
27 59 25
27 60 14
28 29 7
28 30 52
28 31 1
28 32 53
28 33 6
28 34 30
28 35 1
28 36 40
28 37 55
28 38 31
28 39 56
28 40 15
28 41 4
28 42 29
28 43 45
28 44 24
28 45 18
28 46 6
28 47 35
28 48 54
28 49 27
28 50 31
28 51 39
28 52 21
28 53 41
28 54 52
28 55 50
28 56 35
28 57 8
28 58 0
28 59 33
28 60 48
29 30 43
29 31 19
29 32 54
29 33 54
29 34 29
29 35 9
29 36 28
29 37 31
29 38 44
29 39 30
29 40 6
29 41 21
29 42 54
29 43 59
29 44 9
29 45 9
29 46 20
29 47 30
29 48 22
29 49 50
29 50 32
29 51 26
29 52 53
29 53 9
29 54 19
29 55 26
29 56 41
29 57 49
29 58 59
29 59 25
29 60 59
30 31 19
30 32 18
30 33 48
30 34 12
30 35 50
30 36 44
30 37 11
30 38 12
30 39 30
30 40 32
30 41 47
30 42 24
30 43 53
30 44 55
30 45 16
30 46 31
30 47 37
30 48 3
30 49 43
30 50 8
30 51 7
30 52 26
30 53 36
30 54 52
30 55 44
30 56 7
30 57 42
30 58 44
30 59 54
30 60 46
31 32 4
31 33 47
31 34 5
31 35 22
31 36 46
31 37 21
31 38 27
31 39 44
31 40 11
31 41 45
31 42 32
31 43 1
31 44 27
31 45 12
31 46 31
31 47 16
31 48 11
31 49 59
31 50 18
31 51 31
31 52 20
31 53 0
31 54 4
31 55 47
31 56 15
31 57 59
31 58 0
31 59 58
31 60 32
32 33 57
32 34 18
32 35 40
32 36 53
32 37 34
32 38 13
32 39 19
32 40 49
32 41 24
32 42 8
32 43 4
32 44 46
32 45 1
32 46 59
32 47 7
32 48 22
32 49 3
32 50 39
32 51 24
32 52 9
32 53 17
32 54 12
32 55 28
32 56 57
32 57 58
32 58 20
32 59 19
32 60 8
33 34 3
33 35 37
33 36 52
33 37 43
33 38 20
33 39 35
33 40 54
33 41 7
33 42 11
33 43 31
33 44 49
33 45 55
33 46 51
33 47 5
33 48 13
33 49 38
33 50 14
33 51 14
33 52 9
33 53 42
33 54 21
33 55 11
33 56 25
33 57 25
33 58 30
33 59 38
33 60 3
34 35 35
34 36 3
34 37 29
34 38 38
34 39 13
34 40 49
34 41 8
34 42 32
34 43 18
34 44 8
34 45 42
34 46 1
34 47 38
34 48 11
34 49 10
34 50 21
34 51 5
34 52 24
34 53 31
34 54 10
34 55 52
34 56 47
34 57 25
34 58 25
34 59 35
34 60 37
35 36 0
35 37 16
35 38 42
35 39 48
35 40 31
35 41 21
35 42 11
35 43 52
35 44 21
35 45 22
35 46 13
35 47 47
35 48 28
35 49 14
35 50 10
35 51 23
35 52 31
35 53 44
35 54 17
35 55 34
35 56 59
35 57 53
35 58 57
35 59 27
35 60 24
36 37 14
36 38 1
36 39 57
36 40 45
36 41 21
36 42 35
36 43 48
36 44 36
36 45 1
36 46 7
36 47 37
36 48 9
36 49 11
36 50 32
36 51 38
36 52 18
36 53 30
36 54 43
36 55 2
36 56 29
36 57 47
36 58 2
36 59 51
36 60 17
37 38 14
37 39 23
37 40 44
37 41 53
37 42 7
37 43 13
37 44 47
37 45 13
37 46 43
37 47 17
37 48 31
37 49 5
37 50 3
37 51 4
37 52 31
37 53 12
37 54 32
37 55 38
37 56 10
37 57 25
37 58 45
37 59 21
37 60 30
38 39 22
38 40 28
38 41 53
38 42 10
38 43 6
38 44 7
38 45 52
38 46 12
38 47 10
38 48 53
38 49 44
38 50 21
38 51 18
38 52 11
38 53 40
38 54 39
38 55 17
38 56 33
38 57 13
38 58 4
38 59 52
38 60 5
39 40 32
39 41 0
39 42 52
39 43 50
39 44 13
39 45 18
39 46 55
39 47 4
39 48 36
39 49 48
39 50 37
39 51 18
39 52 25
39 53 45
39 54 28
39 55 26
39 56 24
39 57 12
39 58 0
39 59 47
39 60 30
40 41 27
40 42 21
40 43 8
40 44 34
40 45 41
40 46 37
40 47 54
40 48 9
40 49 29
40 50 21
40 51 33
40 52 52
40 53 38
40 54 18
40 55 41
40 56 12
40 57 53
40 58 43
40 59 56
40 60 39
41 42 55
41 43 15
41 44 25
41 45 59
41 46 46
41 47 39
41 48 41
41 49 20
41 50 31
41 51 45
41 52 14
41 53 2
41 54 46
41 55 31
41 56 15
41 57 42
41 58 25
41 59 6
41 60 47
42 43 4
42 44 13
42 45 41
42 46 45
42 47 58
42 48 25
42 49 36
42 50 52
42 51 11
42 52 3
42 53 1
42 54 30
42 55 30
42 56 21
42 57 5
42 58 33
42 59 14
42 60 22
43 44 15
43 45 34
43 46 17
43 47 47
43 48 55
43 49 40
43 50 26
43 51 24
43 52 48
43 53 44
43 54 51
43 55 20
43 56 11
43 57 21
43 58 22
43 59 40
43 60 40
44 45 31
44 46 49
44 47 3
44 48 45
44 49 36
44 50 49
44 51 32
44 52 3
44 53 44
44 54 16
44 55 6
44 56 21
44 57 53
44 58 51
44 59 27
44 60 56
45 46 12
45 47 35
45 48 33
45 49 6
45 50 41
45 51 13
45 52 33
45 53 27
45 54 5
45 55 17
45 56 8
45 57 47
45 58 29
45 59 38
45 60 22
46 47 2
46 48 44
46 49 15
46 50 54
46 51 4
46 52 12
46 53 10
46 54 26
46 55 40
46 56 28
46 57 10
46 58 31
46 59 28
46 60 53
47 48 7
47 49 35
47 50 7
47 51 47
47 52 10
47 53 29
47 54 46
47 55 28
47 56 19
47 57 30
47 58 6
47 59 29
47 60 8
48 49 57
48 50 11
48 51 27
48 52 24
48 53 37
48 54 16
48 55 50
48 56 57
48 57 14
48 58 54
48 59 35
48 60 20
49 50 9
49 51 18
49 52 11
49 53 35
49 54 37
49 55 12
49 56 26
49 57 7
49 58 10
49 59 53
49 60 39
50 51 51
50 52 41
50 53 31
50 54 26
50 55 56
50 56 37
50 57 54
50 58 40
50 59 42
50 60 40
51 52 32
51 53 25
51 54 8
51 55 13
51 56 45
51 57 20
51 58 53
51 59 29
51 60 42
52 53 34
52 54 19
52 55 16
52 56 35
52 57 45
52 58 37
52 59 49
52 60 5
53 54 34
53 55 53
53 56 9
53 57 17
53 58 32
53 59 47
53 60 17
54 55 20
54 56 12
54 57 52
54 58 47
54 59 29
54 60 9
55 56 14
55 57 26
55 58 47
55 59 26
55 60 1
56 57 24
56 58 42
56 59 52
56 60 26
57 58 0
57 59 39
57 60 54
58 59 22
58 60 17
59 60 49
