40 780
1 2 7
1 3 2
1 4 7
1 5 6
1 6 18
1 7 31
1 8 36
1 9 5
1 10 15
1 11 33
1 12 17
1 13 29
1 14 21
1 15 27
1 16 14
1 17 33
1 18 5
1 19 23
1 20 4
1 21 38
1 22 11
1 23 12
1 24 39
1 25 5
1 26 24
1 27 5
1 28 0
1 29 10
1 30 15
1 31 36
1 32 8
1 33 29
1 34 30
1 35 17
1 36 31
1 37 5
1 38 14
1 39 36
1 40 16
2 3 14
2 4 35
2 5 29
2 6 33
2 7 37
2 8 28
2 9 20
2 10 18
2 11 32
2 12 24
2 13 15
2 14 31
2 15 26
2 16 38
2 17 34
2 18 26
2 19 34
2 20 3
2 21 14
2 22 5
2 23 9
2 24 19
2 25 6
2 26 21
2 27 6
2 28 21
2 29 10
2 30 38
2 31 18
2 32 1
2 33 18
2 34 10
2 35 1
2 36 21
2 37 7
2 38 39
2 39 12
2 40 35
3 4 5
3 5 29
3 6 13
3 7 8
3 8 36
3 9 36
3 10 25
3 11 6
3 12 0
3 13 1
3 14 26
3 15 1
3 16 14
3 17 30
3 18 28
3 19 37
3 20 2
3 21 20
3 22 1
3 23 10
3 24 9
3 25 29
3 26 27
3 27 36
3 28 16
3 29 18
3 30 33
3 31 0
3 32 27
3 33 31
3 34 22
3 35 20
3 36 6
3 37 15
3 38 7
3 39 36
3 40 33
4 5 26
4 6 38
4 7 36
4 8 5
4 9 10
4 10 10
4 11 18
4 12 1
4 13 7
4 14 25
4 15 5
4 16 37
4 17 8
4 18 10
4 19 15
4 20 33
4 21 19
4 22 12
4 23 7
4 24 13
4 25 28
4 26 15
4 27 21
4 28 11
4 29 19
4 30 18
4 31 21
4 32 15
4 33 18
4 34 14
4 35 22
4 36 14
4 37 7
4 38 20
4 39 5
4 40 35
5 6 32
5 7 14
5 8 7
5 9 8
5 10 13
5 11 24
5 12 32
5 13 3
5 14 15
5 15 23
5 16 22
5 17 13
5 18 31
5 19 38
5 20 38
5 21 29
5 22 16
5 23 29
5 24 5
5 25 35
5 26 6
5 27 9
5 28 0
5 29 17
5 30 29
5 31 38
5 32 6
5 33 18
5 34 10
5 35 18
5 36 3
5 37 34
5 38 22
5 39 27
5 40 2
6 7 11
6 8 5
6 9 35
6 10 16
6 11 12
6 12 36
6 13 16
6 14 28
6 15 26
6 16 10
6 17 26
6 18 21
6 19 36
6 20 10
6 21 19
6 22 1
6 23 17
6 24 9
6 25 8
6 26 17
6 27 7
6 28 33
6 29 26
6 30 7
6 31 36
6 32 25
6 33 1
6 34 23
6 35 10
6 36 9
6 37 18
6 38 2
6 39 32
6 40 6
7 8 20
7 9 7
7 10 29
7 11 11
7 12 30
7 13 23
7 14 6
7 15 1
7 16 34
7 17 17
7 18 28
7 19 35
7 20 8
7 21 37
7 22 7
7 23 3
7 24 19
7 25 28
7 26 18
7 27 7
7 28 21
7 29 26
7 30 38
7 31 18
7 32 12
7 33 15
7 34 23
7 35 21
7 36 24
7 37 18
7 38 2
7 39 15
7 40 2
8 9 1
8 10 7
8 11 24
8 12 33
8 13 28
8 14 5
8 15 35
8 16 38
8 17 12
8 18 11
8 19 3
8 20 18
8 21 14
8 22 11
8 23 18
8 24 11
8 25 15
8 26 37
8 27 32
8 28 22
8 29 35
8 30 10
8 31 39
8 32 30
8 33 24
8 34 24
8 35 20
8 36 31
8 37 15
8 38 14
8 39 12
8 40 4
9 10 6
9 11 14
9 12 16
9 13 28
9 14 4
9 15 9
9 16 27
9 17 28
9 18 13
9 19 14
9 20 8
9 21 17
9 22 25
9 23 35
9 24 1
9 25 1
9 26 35
9 27 15
9 28 25
9 29 0
9 30 35
9 31 26
9 32 30
9 33 17
9 34 2
9 35 14
9 36 38
9 37 17
9 38 11
9 39 33
9 40 12
10 11 2
10 12 39
10 13 2
10 14 15
10 15 16
10 16 3
10 17 27
10 18 25
10 19 37
10 20 38
10 21 5
10 22 4
10 23 35
10 24 16
10 25 0
10 26 26
10 27 10
10 28 14
10 29 34
10 30 27
10 31 7
10 32 26
10 33 3
10 34 8
10 35 17
10 36 16
10 37 9
10 38 2
10 39 18
10 40 3
11 12 33
11 13 37
11 14 39
11 15 12
11 16 18
11 17 6
11 18 26
11 19 0
11 20 23
11 21 1
11 22 30
11 23 30
11 24 6
11 25 25
11 26 32
11 27 13
11 28 19
11 29 2
11 30 6
11 31 25
11 32 1
11 33 29
11 34 19
11 35 16
11 36 5
11 37 17
11 38 39
11 39 32
11 40 29
12 13 26
12 14 27
12 15 24
12 16 20
12 17 37
12 18 0
12 19 37
12 20 26
12 21 8
12 22 34
12 23 4
12 24 35
12 25 15
12 26 21
12 27 35
12 28 32
12 29 39
12 30 39
12 31 6
12 32 14
12 33 11
12 34 13
12 35 35
12 36 36
12 37 31
12 38 1
12 39 28
12 40 0
13 14 0
13 15 15
13 16 25
13 17 2
13 18 29
13 19 37
13 20 17
13 21 30
13 22 28
13 23 18
13 24 39
13 25 18
13 26 20
13 27 5
13 28 25
13 29 13
13 30 25
13 31 33
13 32 18
13 33 26
13 34 26
13 35 2
13 36 6
13 37 16
13 38 15
13 39 2
13 40 33
14 15 9
14 16 1
14 17 33
14 18 0
14 19 15
14 20 31
14 21 17
14 22 13
14 23 1
14 24 33
14 25 18
14 26 5
14 27 23
14 28 3
14 29 10
14 30 30
14 31 32
14 32 20
14 33 25
14 34 30
14 35 32
14 36 9
14 37 2
14 38 39
14 39 0
14 40 4
15 16 36
15 17 11
15 18 24
15 19 10
15 20 1
15 21 8
15 22 18
15 23 32
15 24 11
15 25 37
15 26 25
15 27 38
15 28 39
15 29 28
15 30 3
15 31 6
15 32 25
15 33 1
15 34 15
15 35 4
15 36 19
15 37 26
15 38 2
15 39 14
15 40 30
16 17 15
16 18 0
16 19 39
16 20 21
16 21 39
16 22 27
16 23 35
16 24 7
16 25 21
16 26 24
16 27 8
16 28 29
16 29 5
16 30 9
16 31 34
16 32 38
16 33 10
16 34 22
16 35 17
16 36 9
16 37 17
16 38 27
16 39 33
16 40 11
17 18 32
17 19 33
17 20 13
17 21 21
17 22 37
17 23 17
17 24 18
17 25 37
17 26 35
17 27 20
17 28 34
17 29 27
17 30 0
17 31 28
17 32 16
17 33 30
17 34 7
17 35 27
17 36 28
17 37 29
17 38 0
17 39 1
17 40 28
18 19 31
18 20 7
18 21 30
18 22 11
18 23 4
18 24 7
18 25 3
18 26 26
18 27 16
18 28 6
18 29 22
18 30 9
18 31 24
18 32 3
18 33 39
18 34 21
18 35 22
18 36 28
18 37 24
18 38 0
18 39 16
18 40 31
19 20 5
19 21 30
19 22 28
19 23 25
19 24 27
19 25 26
19 26 29
19 27 34
19 28 0
19 29 2
19 30 18
19 31 1
19 32 38
19 33 34
19 34 14
19 35 4
19 36 3
19 37 39
19 38 17
19 39 6
19 40 19
20 21 10
20 22 15
20 23 13
20 24 12
20 25 34
20 26 0
20 27 30
20 28 14
20 29 16
20 30 14
20 31 9
20 32 1
20 33 37
20 34 3
20 35 7
20 36 22
20 37 9
20 38 23
20 39 3
20 40 23
21 22 31
21 23 22
21 24 25
21 25 30
21 26 32
21 27 39
21 28 21
21 29 39
21 30 6
21 31 32
21 32 16
21 33 8
21 34 29
21 35 5
21 36 29
21 37 12
21 38 19
21 39 11
21 40 5
22 23 7
22 24 37
22 25 17
22 26 14
22 27 23
22 28 5
22 29 21
22 30 5
22 31 6
22 32 5
22 33 32
22 34 36
22 35 35
22 36 37
22 37 15
22 38 13
22 39 38
22 40 20
23 24 15
23 25 19
23 26 19
23 27 24
23 28 27
23 29 34
23 30 8
23 31 4
23 32 11
23 33 30
23 34 26
23 35 2
23 36 20
23 37 17
23 38 7
23 39 23
23 40 21
24 25 30
24 26 27
24 27 38
24 28 8
24 29 9
24 30 1
24 31 34
24 32 3
24 33 31
24 34 6
24 35 18
24 36 11
24 37 18
24 38 0
24 39 19
24 40 1
25 26 37
25 27 19
25 28 21
25 29 36
25 30 10
25 31 10
25 32 35
25 33 34
25 34 34
25 35 39
25 36 29
25 37 32
25 38 14
25 39 1
25 40 12
26 27 26
26 28 32
26 29 37
26 30 9
26 31 21
26 32 4
26 33 11
26 34 35
26 35 22
26 36 38
26 37 2
26 38 13
26 39 22
26 40 17
27 28 5
27 29 8
27 30 31
27 31 7
27 32 32
27 33 39
27 34 28
27 35 35
27 36 5
27 37 27
27 38 0
27 39 21
27 40 1
28 29 11
28 30 39
28 31 18
28 32 27
28 33 26
28 34 35
28 35 38
28 36 0
28 37 20
28 38 37
28 39 26
28 40 7
29 30 3
29 31 4
29 32 27
29 33 31
29 34 18
29 35 4
29 36 24
29 37 4
29 38 31
29 39 16
29 40 7
30 31 29
30 32 11
30 33 19
30 34 33
30 35 21
30 36 5
30 37 13
30 38 8
30 39 27
30 40 6
31 32 31
31 33 28
31 34 18
31 35 38
31 36 8
31 37 32
31 38 18
31 39 16
31 40 9
32 33 34
32 34 4
32 35 2
32 36 5
32 37 31
32 38 34
32 39 14
32 40 23
33 34 23
33 35 12
33 36 39
33 37 4
33 38 3
33 39 7
33 40 30
34 35 23
34 36 17
34 37 31
34 38 8
34 39 3
34 40 6
35 36 13
35 37 12
35 38 9
35 39 12
35 40 35
36 37 18
36 38 24
36 39 7
36 40 36
37 38 27
37 39 39
37 40 12
38 39 32
38 40 32
39 40 38
