80 3160
1 2 58
1 3 23
1 4 40
1 5 3
1 6 34
1 7 79
1 8 77
1 9 2
1 10 44
1 11 42
1 12 72
1 13 71
1 14 53
1 15 17
1 16 46
1 17 36
1 18 17
1 19 5
1 20 55
1 21 60
1 22 76
1 23 46
1 24 36
1 25 41
1 26 27
1 27 13
1 28 34
1 29 37
1 30 64
1 31 33
1 32 9
1 33 79
1 34 59
1 35 6
1 36 49
1 37 7
1 38 34
1 39 76
1 40 45
1 41 51
1 42 78
1 43 67
1 44 39
1 45 21
1 46 56
1 47 4
1 48 66
1 49 56
1 50 50
1 51 6
1 52 27
1 53 74
1 54 70
1 55 0
1 56 5
1 57 28
1 58 50
1 59 63
1 60 24
1 61 10
1 62 56
1 63 24
1 64 48
1 65 44
1 66 62
1 67 41
1 68 48
1 69 26
1 70 47
1 71 1
1 72 46
1 73 15
1 74 58
1 75 7
1 76 5
1 77 72
1 78 21
1 79 74
1 80 32
2 3 7
2 4 36
2 5 20
2 6 10
2 7 44
2 8 61
2 9 22
2 10 17
2 11 45
2 12 34
2 13 16
2 14 32
2 15 5
2 16 21
2 17 5
2 18 37
2 19 70
2 20 60
2 21 5
2 22 27
2 23 35
2 24 15
2 25 12
2 26 64
2 27 2
2 28 13
2 29 54
2 30 8
2 31 29
2 32 79
2 33 17
2 34 41
2 35 77
2 36 75
2 37 67
2 38 63
2 39 44
2 40 18
2 41 20
2 42 5
2 43 33
2 44 7
2 45 44
2 46 45
2 47 28
2 48 35
2 49 46
2 50 34
2 51 35
2 52 26
2 53 45
2 54 14
2 55 55
2 56 7
2 57 31
2 58 34
2 59 0
2 60 38
2 61 11
2 62 49
2 63 36
2 64 24
2 65 54
2 66 30
2 67 48
2 68 9
2 69 10
2 70 70
2 71 75
2 72 65
2 73 19
2 74 75
2 75 44
2 76 2
2 77 52
2 78 49
2 79 40
2 80 42
3 4 46
3 5 50
3 6 6
3 7 1
3 8 30
3 9 19
3 10 12
3 11 73
3 12 7
3 13 35
3 14 9
3 15 53
3 16 23
3 17 51
3 18 63
3 19 76
3 20 37
3 21 1
3 22 31
3 23 70
3 24 46
3 25 64
3 26 58
3 27 67
3 28 67
3 29 3
3 30 72
3 31 64
3 32 17
3 33 72
3 34 0
3 35 28
3 36 59
3 37 11
3 38 79
3 39 19
3 40 74
3 41 35
3 42 57
3 43 76
3 44 23
3 45 52
3 46 61
3 47 23
3 48 75
3 49 43
3 50 26
3 51 33
3 52 62
3 53 6
3 54 52
3 55 7
3 56 17
3 57 50
3 58 22
3 59 41
3 60 36
3 61 69
3 62 22
3 63 46
3 64 57
3 65 38
3 66 37
3 67 24
3 68 34
3 69 9
3 70 23
3 71 70
3 72 59
3 73 6
3 74 63
3 75 24
3 76 16
3 77 12
3 78 63
3 79 75
3 80 39
4 5 51
4 6 9
4 7 8
4 8 68
4 9 42
4 10 60
4 11 28
4 12 9
4 13 35
4 14 66
4 15 13
4 16 73
4 17 11
4 18 36
4 19 32
4 20 42
4 21 49
4 22 70
4 23 40
4 24 20
4 25 15
4 26 39
4 27 24
4 28 15
4 29 78
4 30 55
4 31 13
4 32 38
4 33 10
4 34 44
4 35 33
4 36 78
4 37 7
4 38 72
4 39 65
4 40 32
4 41 56
4 42 78
4 43 17
4 44 1
4 45 57
4 46 60
4 47 47
4 48 61
4 49 57
4 50 67
4 51 76
4 52 45
4 53 16
4 54 4
4 55 4
4 56 65
4 57 40
4 58 3
4 59 72
4 60 63
4 61 62
4 62 44
4 63 42
4 64 49
4 65 20
4 66 60
4 67 55
4 68 70
4 69 18
4 70 35
4 71 74
4 72 50
4 73 36
4 74 19
4 75 34
4 76 64
4 77 11
4 78 31
4 79 66
4 80 19
5 6 74
5 7 78
5 8 73
5 9 13
5 10 44
5 11 16
5 12 29
5 13 34
5 14 5
5 15 16
5 16 21
5 17 2
5 18 74
5 19 79
5 20 15
5 21 6
5 22 40
5 23 16
5 24 56
5 25 5
5 26 40
5 27 45
5 28 19
5 29 45
5 30 19
5 31 30
5 32 76
5 33 39
5 34 25
5 35 54
5 36 42
5 37 10
5 38 43
5 39 54
5 40 46
5 41 14
5 42 60
5 43 68
5 44 5
5 45 52
5 46 35
5 47 36
5 48 2
5 49 17
5 50 10
5 51 11
5 52 46
5 53 76
5 54 34
5 55 38
5 56 18
5 57 11
5 58 59
5 59 49
5 60 12
5 61 54
5 62 26
5 63 72
5 64 20
5 65 27
5 66 64
5 67 57
5 68 63
5 69 58
5 70 60
5 71 15
5 72 47
5 73 59
5 74 10
5 75 48
5 76 72
5 77 19
5 78 26
5 79 45
5 80 27
6 7 16
6 8 28
6 9 30
6 10 35
6 11 28
6 12 24
6 13 38
6 14 2
6 15 25
6 16 16
6 17 36
6 18 74
6 19 71
6 20 6
6 21 26
6 22 9
6 23 49
6 24 13
6 25 13
6 26 48
6 27 3
6 28 8
6 29 38
6 30 10
6 31 71
6 32 27
6 33 74
6 34 67
6 35 60
6 36 21
6 37 32
6 38 2
6 39 69
6 40 22
6 41 30
6 42 69
6 43 16
6 44 48
6 45 29
6 46 63
6 47 64
6 48 73
6 49 6
6 50 69
6 51 30
6 52 27
6 53 10
6 54 1
6 55 63
6 56 74
6 57 34
6 58 58
6 59 3
6 60 55
6 61 25
6 62 40
6 63 49
6 64 0
6 65 79
6 66 27
6 67 71
6 68 56
6 69 41
6 70 21
6 71 49
6 72 1
6 73 26
6 74 19
6 75 45
6 76 33
6 77 70
6 78 79
6 79 70
6 80 18
7 8 43
7 9 30
7 10 53
7 11 52
7 12 55
7 13 53
7 14 28
7 15 55
7 16 17
7 17 32
7 18 65
7 19 14
7 20 60
7 21 68
7 22 20
7 23 15
7 24 42
7 25 72
7 26 17
7 27 59
7 28 46
7 29 14
7 30 14
7 31 33
7 32 58
7 33 71
7 34 61
7 35 73
7 36 75
7 37 8
7 38 65
7 39 7
7 40 45
7 41 34
7 42 34
7 43 0
7 44 29
7 45 32
7 46 55
7 47 52
7 48 2
7 49 55
7 50 69
7 51 52
7 52 70
7 53 66
7 54 67
7 55 18
7 56 27
7 57 63
7 58 48
7 59 54
7 60 5
7 61 52
7 62 15
7 63 78
7 64 36
7 65 20
7 66 66
7 67 48
7 68 67
7 69 64
7 70 73
7 71 52
7 72 57
7 73 9
7 74 55
7 75 46
7 76 40
7 77 30
7 78 53
7 79 45
7 80 79
8 9 11
8 10 27
8 11 10
8 12 15
8 13 59
8 14 76
8 15 22
8 16 34
8 17 30
8 18 68
8 19 0
8 20 55
8 21 14
8 22 28
8 23 77
8 24 55
8 25 21
8 26 54
8 27 30
8 28 18
8 29 60
8 30 30
8 31 7
8 32 65
8 33 24
8 34 77
8 35 6
8 36 4
8 37 43
8 38 10
8 39 73
8 40 75
8 41 8
8 42 5
8 43 18
8 44 79
8 45 63
8 46 31
8 47 19
8 48 18
8 49 28
8 50 27
8 51 79
8 52 17
8 53 35
8 54 16
8 55 28
8 56 14
8 57 5
8 58 12
8 59 49
8 60 30
8 61 76
8 62 67
8 63 33
8 64 1
8 65 57
8 66 56
8 67 22
8 68 75
8 69 31
8 70 35
8 71 65
8 72 7
8 73 19
8 74 5
8 75 47
8 76 21
8 77 38
8 78 68
8 79 66
8 80 3
9 10 40
9 11 65
9 12 2
9 13 29
9 14 11
9 15 32
9 16 47
9 17 61
9 18 36
9 19 28
9 20 72
9 21 78
9 22 63
9 23 64
9 24 69
9 25 24
9 26 26
9 27 52
9 28 33
9 29 75
9 30 42
9 31 47
9 32 31
9 33 33
9 34 1
9 35 8
9 36 62
9 37 8
9 38 50
9 39 27
9 40 42
9 41 28
9 42 78
9 43 31
9 44 68
9 45 54
9 46 71
9 47 60
9 48 43
9 49 5
9 50 63
9 51 65
9 52 46
9 53 2
9 54 69
9 55 74
9 56 77
9 57 70
9 58 6
9 59 44
9 60 14
9 61 37
9 62 29
9 63 41
9 64 28
9 65 28
9 66 65
9 67 41
9 68 79
9 69 15
9 70 3
9 71 58
9 72 18
9 73 70
9 74 77
9 75 18
9 76 10
9 77 43
9 78 24
9 79 77
9 80 34
10 11 41
10 12 48
10 13 2
10 14 42
10 15 75
10 16 9
10 17 42
10 18 34
10 19 26
10 20 78
10 21 42
10 22 63
10 23 30
10 24 28
10 25 3
10 26 30
10 27 49
10 28 10
10 29 60
10 30 60
10 31 49
10 32 1
10 33 64
10 34 6
10 35 17
10 36 11
10 37 17
10 38 74
10 39 30
10 40 4
10 41 69
10 42 57
10 43 16
10 44 25
10 45 0
10 46 25
10 47 2
10 48 59
10 49 28
10 50 31
10 51 51
10 52 25
10 53 35
10 54 46
10 55 30
10 56 31
10 57 18
10 58 7
10 59 74
10 60 42
10 61 71
10 62 47
10 63 27
10 64 68
10 65 23
10 66 37
10 67 75
10 68 61
10 69 4
10 70 53
10 71 64
10 72 60
10 73 72
10 74 9
10 75 16
10 76 35
10 77 59
10 78 54
10 79 68
10 80 24
11 12 19
11 13 37
11 14 66
11 15 19
11 16 75
11 17 57
11 18 45
11 19 14
11 20 64
11 21 75
11 22 6
11 23 64
11 24 64
11 25 50
11 26 2
11 27 40
11 28 40
11 29 48
11 30 8
11 31 79
11 32 53
11 33 53
11 34 76
11 35 5
11 36 57
11 37 49
11 38 47
11 39 64
11 40 0
11 41 42
11 42 37
11 43 78
11 44 22
11 45 67
11 46 28
11 47 32
11 48 37
11 49 56
11 50 24
11 51 67
11 52 25
11 53 37
11 54 66
11 55 7
11 56 45
11 57 6
11 58 49
11 59 26
11 60 25
11 61 23
11 62 66
11 63 27
11 64 11
11 65 9
11 66 1
11 67 75
11 68 69
11 69 59
11 70 36
11 71 3
11 72 66
11 73 14
11 74 1
11 75 6
11 76 72
11 77 31
11 78 30
11 79 68
11 80 1
12 13 19
12 14 5
12 15 0
12 16 12
12 17 3
12 18 54
12 19 73
12 20 77
12 21 65
12 22 78
12 23 33
12 24 78
12 25 23
12 26 53
12 27 47
12 28 72
12 29 30
12 30 40
12 31 38
12 32 39
12 33 32
12 34 59
12 35 14
12 36 71
12 37 27
12 38 26
12 39 8
12 40 77
12 41 60
12 42 28
12 43 3
12 44 76
12 45 1
12 46 61
12 47 52
12 48 38
12 49 62
12 50 25
12 51 66
12 52 26
12 53 77
12 54 8
12 55 39
12 56 45
12 57 13
12 58 47
12 59 48
12 60 10
12 61 45
12 62 27
12 63 20
12 64 20
12 65 5
12 66 70
12 67 22
12 68 53
12 69 59
12 70 25
12 71 74
12 72 5
12 73 68
12 74 38
12 75 69
12 76 42
12 77 68
12 78 36
12 79 74
12 80 76
13 14 32
13 15 79
13 16 16
13 17 25
13 18 43
13 19 62
13 20 67
13 21 41
13 22 28
13 23 36
13 24 75
13 25 50
13 26 64
13 27 68
13 28 24
13 29 61
13 30 19
13 31 5
13 32 66
13 33 33
13 34 38
13 35 31
13 36 39
13 37 19
13 38 65
13 39 45
13 40 37
13 41 8
13 42 55
13 43 56
13 44 34
13 45 71
13 46 67
13 47 14
13 48 24
13 49 43
13 50 33
13 51 2
13 52 60
13 53 7
13 54 23
13 55 37
13 56 66
13 57 22
13 58 16
13 59 25
13 60 26
13 61 76
13 62 78
13 63 2
13 64 58
13 65 63
13 66 55
13 67 40
13 68 69
13 69 23
13 70 1
13 71 31
13 72 29
13 73 58
13 74 60
13 75 29
13 76 14
13 77 22
13 78 38
13 79 3
13 80 57
14 15 26
14 16 78
14 17 50
14 18 74
14 19 7
14 20 33
14 21 12
14 22 79
14 23 61
14 24 68
14 25 20
14 26 13
14 27 23
14 28 75
14 29 74
14 30 7
14 31 78
14 32 42
14 33 17
14 34 25
14 35 43
14 36 5
14 37 7
14 38 7
14 39 42
14 40 15
14 41 3
14 42 9
14 43 27
14 44 67
14 45 49
14 46 28
14 47 15
14 48 61
14 49 47
14 50 60
14 51 42
14 52 46
14 53 19
14 54 46
14 55 30
14 56 10
14 57 39
14 58 31
14 59 75
14 60 54
14 61 34
14 62 0
14 63 60
14 64 39
14 65 17
14 66 38
14 67 72
14 68 20
14 69 71
14 70 52
14 71 4
14 72 23
14 73 6
14 74 52
14 75 75
14 76 35
14 77 69
14 78 59
14 79 56
14 80 40
15 16 9
15 17 29
15 18 79
15 19 41
15 20 14
15 21 51
15 22 12
15 23 53
15 24 39
15 25 77
15 26 33
15 27 30
15 28 21
15 29 29
15 30 32
15 31 31
15 32 44
15 33 58
15 34 68
15 35 31
15 36 68
15 37 12
15 38 23
15 39 35
15 40 66
15 41 11
15 42 49
15 43 38
15 44 19
15 45 70
15 46 3
15 47 58
15 48 62
15 49 66
15 50 58
15 51 53
15 52 68
15 53 74
15 54 79
15 55 57
15 56 14
15 57 43
15 58 78
15 59 24
15 60 15
15 61 20
15 62 71
15 63 3
15 64 53
15 65 36
15 66 21
15 67 53
15 68 62
15 69 16
15 70 40
15 71 46
15 72 51
15 73 15
15 74 24
15 75 16
15 76 59
15 77 19
15 78 0
15 79 43
15 80 38
16 17 38
16 18 70
16 19 67
16 20 69
16 21 31
16 22 23
16 23 37
16 24 74
16 25 56
16 26 10
16 27 73
16 28 19
16 29 60
16 30 23
16 31 55
16 32 69
16 33 3
16 34 73
16 35 29
16 36 30
16 37 14
16 38 48
16 39 49
16 40 60
16 41 46
16 42 64
16 43 61
16 44 41
16 45 30
16 46 26
16 47 61
16 48 22
16 49 19
16 50 39
16 51 79
16 52 63
16 53 39
16 54 41
16 55 58
16 56 79
16 57 63
16 58 15
16 59 77
16 60 22
16 61 68
16 62 20
16 63 7
16 64 22
16 65 12
16 66 1
16 67 19
16 68 52
16 69 76
16 70 39
16 71 30
16 72 5
16 73 36
16 74 10
16 75 61
16 76 44
16 77 46
16 78 43
16 79 25
16 80 17
17 18 25
17 19 66
17 20 61
17 21 70
17 22 53
17 23 32
17 24 11
17 25 74
17 26 27
17 27 44
17 28 0
17 29 2
17 30 8
17 31 57
17 32 70
17 33 4
17 34 59
17 35 31
17 36 1
17 37 15
17 38 41
17 39 32
17 40 36
17 41 30
17 42 39
17 43 66
17 44 63
17 45 52
17 46 18
17 47 61
17 48 4
17 49 15
17 50 18
17 51 63
17 52 58
17 53 71
17 54 44
17 55 68
17 56 40
17 57 47
17 58 28
17 59 59
17 60 57
17 61 35
17 62 7
17 63 36
17 64 45
17 65 14
17 66 29
17 67 59
17 68 59
17 69 64
17 70 56
17 71 13
17 72 55
17 73 65
17 74 62
17 75 49
17 76 61
17 77 62
17 78 77
17 79 24
17 80 13
18 19 34
18 20 47
18 21 35
18 22 3
18 23 70
18 24 10
18 25 15
18 26 29
18 27 42
18 28 28
18 29 44
18 30 62
18 31 18
18 32 3
18 33 27
18 34 39
18 35 60
18 36 27
18 37 20
18 38 29
18 39 4
18 40 62
18 41 78
18 42 58
18 43 11
18 44 76
18 45 48
18 46 36
18 47 13
18 48 29
18 49 72
18 50 24
18 51 17
18 52 67
18 53 21
18 54 14
18 55 45
18 56 74
18 57 73
18 58 63
18 59 61
18 60 70
18 61 53
18 62 57
18 63 42
18 64 44
18 65 10
18 66 75
18 67 74
18 68 74
18 69 6
18 70 18
18 71 38
18 72 74
18 73 38
18 74 37
18 75 12
18 76 43
18 77 3
18 78 65
18 79 68
18 80 51
19 20 4
19 21 9
19 22 53
19 23 3
19 24 63
19 25 22
19 26 72
19 27 57
19 28 38
19 29 68
19 30 75
19 31 78
19 32 0
19 33 43
19 34 50
19 35 60
19 36 22
19 37 79
19 38 2
19 39 18
19 40 5
19 41 20
19 42 46
19 43 19
19 44 26
19 45 2
19 46 51
19 47 38
19 48 48
19 49 60
19 50 74
19 51 46
19 52 11
19 53 37
19 54 54
19 55 48
19 56 68
19 57 72
19 58 28
19 59 22
19 60 43
19 61 13
19 62 40
19 63 33
19 64 5
19 65 57
19 66 69
19 67 24
19 68 20
19 69 10
19 70 6
19 71 32
19 72 12
19 73 72
19 74 23
19 75 51
19 76 67
19 77 32
19 78 43
19 79 46
19 80 1
20 21 2
20 22 21
20 23 57
20 24 48
20 25 6
20 26 18
20 27 31
20 28 33
20 29 34
20 30 79
20 31 44
20 32 32
20 33 44
20 34 1
20 35 34
20 36 53
20 37 48
20 38 69
20 39 55
20 40 76
20 41 1
20 42 9
20 43 64
20 44 23
20 45 54
20 46 62
20 47 31
20 48 55
20 49 59
20 50 77
20 51 1
20 52 27
20 53 52
20 54 31
20 55 3
20 56 1
20 57 41
20 58 28
20 59 10
20 60 35
20 61 22
20 62 47
20 63 65
20 64 6
20 65 22
20 66 23
20 67 25
20 68 36
20 69 15
20 70 61
20 71 51
20 72 54
20 73 58
20 74 32
20 75 13
20 76 12
20 77 23
20 78 27
20 79 69
20 80 64
21 22 7
21 23 43
21 24 39
21 25 3
21 26 25
21 27 59
21 28 3
21 29 30
21 30 34
21 31 14
21 32 40
21 33 70
21 34 26
21 35 62
21 36 29
21 37 15
21 38 4
21 39 27
21 40 46
21 41 44
21 42 67
21 43 16
21 44 41
21 45 2
21 46 74
21 47 50
21 48 77
21 49 70
21 50 57
21 51 70
21 52 72
21 53 6
21 54 28
21 55 62
21 56 18
21 57 29
21 58 33
21 59 71
21 60 12
21 61 67
21 62 74
21 63 64
21 64 23
21 65 46
21 66 42
21 67 31
21 68 20
21 69 78
21 70 9
21 71 44
21 72 6
21 73 14
21 74 78
21 75 63
21 76 1
21 77 34
21 78 30
21 79 69
21 80 12
22 23 26
22 24 72
22 25 51
22 26 34
22 27 68
22 28 54
22 29 16
22 30 38
22 31 45
22 32 78
22 33 4
22 34 8
22 35 42
22 36 78
22 37 35
22 38 38
22 39 70
22 40 31
22 41 2
22 42 22
22 43 14
22 44 64
22 45 57
22 46 70
22 47 61
22 48 61
22 49 63
22 50 75
22 51 16
22 52 37
22 53 73
22 54 28
22 55 52
22 56 48
22 57 9
22 58 16
22 59 33
22 60 66
22 61 0
22 62 24
22 63 68
22 64 72
22 65 74
22 66 0
22 67 32
22 68 15
22 69 51
22 70 17
22 71 15
22 72 46
22 73 39
22 74 11
22 75 18
22 76 37
22 77 0
22 78 0
22 79 9
22 80 70
23 24 75
23 25 77
23 26 22
23 27 40
23 28 65
23 29 5
23 30 22
23 31 46
23 32 2
23 33 41
23 34 23
23 35 46
23 36 57
23 37 38
23 38 60
23 39 64
23 40 57
23 41 13
23 42 73
23 43 59
23 44 34
23 45 63
23 46 36
23 47 72
23 48 76
23 49 52
23 50 11
23 51 49
23 52 22
23 53 7
23 54 44
23 55 38
23 56 62
23 57 48
23 58 72
23 59 71
23 60 6
23 61 38
23 62 17
23 63 14
23 64 13
23 65 37
23 66 44
23 67 39
23 68 62
23 69 11
23 70 59
23 71 65
23 72 70
23 73 37
23 74 60
23 75 62
23 76 40
23 77 28
23 78 6
23 79 37
23 80 60
24 25 2
24 26 29
24 27 19
24 28 33
24 29 63
24 30 63
24 31 6
24 32 63
24 33 49
24 34 77
24 35 16
24 36 34
24 37 4
24 38 3
24 39 10
24 40 20
24 41 30
24 42 52
24 43 2
24 44 77
24 45 37
24 46 59
24 47 4
24 48 34
24 49 6
24 50 20
24 51 35
24 52 5
24 53 67
24 54 54
24 55 48
24 56 54
24 57 16
24 58 78
24 59 35
24 60 43
24 61 30
24 62 66
24 63 42
24 64 72
24 65 6
24 66 68
24 67 57
24 68 12
24 69 4
24 70 18
24 71 79
24 72 54
24 73 61
24 74 48
24 75 15
24 76 68
24 77 1
24 78 20
24 79 51
24 80 51
25 26 39
25 27 61
25 28 54
25 29 17
25 30 58
25 31 22
25 32 42
25 33 59
25 34 2
25 35 63
25 36 12
25 37 29
25 38 68
25 39 15
25 40 25
25 41 4
25 42 23
25 43 35
25 44 39
25 45 1
25 46 57
25 47 1
25 48 20
25 49 19
25 50 12
25 51 75
25 52 68
25 53 53
25 54 57
25 55 46
25 56 19
25 57 51
25 58 66
25 59 1
25 60 6
25 61 74
25 62 43
25 63 66
25 64 40
25 65 6
25 66 48
25 67 44
25 68 2
25 69 77
25 70 27
25 71 30
25 72 67
25 73 49
25 74 8
25 75 74
25 76 71
25 77 10
25 78 77
25 79 20
25 80 43
26 27 79
26 28 21
26 29 2
26 30 48
26 31 54
26 32 68
26 33 18
26 34 6
26 35 23
26 36 66
26 37 43
26 38 54
26 39 46
26 40 36
26 41 66
26 42 63
26 43 33
26 44 5
26 45 72
26 46 71
26 47 17
26 48 55
26 49 61
26 50 0
26 51 26
26 52 44
26 53 73
26 54 60
26 55 12
26 56 71
26 57 53
26 58 42
26 59 28
26 60 4
26 61 49
26 62 67
26 63 18
26 64 18
26 65 63
26 66 19
26 67 49
26 68 69
26 69 57
26 70 24
26 71 54
26 72 74
26 73 5
26 74 7
26 75 12
26 76 72
26 77 42
26 78 14
26 79 53
26 80 63
27 28 57
27 29 12
27 30 23
27 31 9
27 32 76
27 33 64
27 34 72
27 35 28
27 36 41
27 37 73
27 38 7
27 39 65
27 40 29
27 41 57
27 42 31
27 43 56
27 44 2
27 45 31
27 46 65
27 47 73
27 48 23
27 49 42
27 50 34
27 51 1
27 52 46
27 53 40
27 54 27
27 55 74
27 56 9
27 57 17
27 58 64
27 59 79
27 60 44
27 61 62
27 62 63
27 63 0
27 64 32
27 65 21
27 66 52
27 67 52
27 68 70
27 69 57
27 70 17
27 71 11
27 72 78
27 73 53
27 74 31
27 75 66
27 76 17
27 77 13
27 78 59
27 79 69
27 80 68
28 29 42
28 30 8
28 31 22
28 32 19
28 33 37
28 34 68
28 35 46
28 36 1
28 37 37
28 38 52
28 39 47
28 40 0
28 41 3
28 42 37
28 43 26
28 44 79
28 45 46
28 46 63
28 47 9
28 48 32
28 49 18
28 50 59
28 51 47
28 52 38
28 53 5
28 54 6
28 55 26
28 56 41
28 57 22
28 58 14
28 59 9
28 60 14
28 61 69
28 62 38
28 63 9
28 64 74
28 65 28
28 66 77
28 67 59
28 68 59
28 69 76
28 70 59
28 71 48
28 72 21
28 73 48
28 74 22
28 75 15
28 76 64
28 77 13
28 78 12
28 79 66
28 80 52
29 30 27
29 31 37
29 32 21
29 33 12
29 34 52
29 35 31
29 36 69
29 37 4
29 38 34
29 39 27
29 40 48
29 41 50
29 42 28
29 43 26
29 44 8
29 45 70
29 46 37
29 47 32
29 48 42
29 49 15
29 50 32
29 51 28
29 52 18
29 53 33
29 54 79
29 55 28
29 56 70
29 57 25
29 58 31
29 59 34
29 60 47
29 61 23
29 62 5
29 63 35
29 64 0
29 65 56
29 66 7
29 67 14
29 68 16
29 69 79
29 70 67
29 71 8
29 72 34
29 73 15
29 74 51
29 75 39
29 76 54
29 77 15
29 78 10
29 79 21
29 80 62
30 31 56
30 32 41
30 33 19
30 34 11
30 35 6
30 36 7
30 37 57
30 38 27
30 39 57
30 40 23
30 41 16
30 42 49
30 43 16
30 44 74
30 45 45
30 46 2
30 47 25
30 48 3
30 49 13
30 50 57
30 51 52
30 52 32
30 53 71
30 54 67
30 55 17
30 56 3
30 57 60
30 58 27
30 59 32
30 60 67
30 61 9
30 62 68
30 63 40
30 64 11
30 65 56
30 66 66
30 67 10
30 68 9
30 69 26
30 70 8
30 71 34
30 72 17
30 73 3
30 74 62
30 75 7
30 76 35
30 77 20
30 78 45
30 79 64
30 80 0
31 32 55
31 33 55
31 34 19
31 35 67
31 36 16
31 37 0
31 38 79
31 39 7
31 40 51
31 41 17
31 42 17
31 43 56
31 44 22
31 45 59
31 46 44
31 47 11
31 48 37
31 49 4
31 50 22
31 51 20
31 52 34
31 53 74
31 54 52
31 55 11
31 56 18
31 57 23
31 58 25
31 59 33
31 60 15
31 61 24
31 62 43
31 63 70
31 64 2
31 65 53
31 66 15
31 67 47
31 68 31
31 69 43
31 70 31
31 71 45
31 72 21
31 73 26
31 74 5
31 75 74
31 76 70
31 77 62
31 78 50
31 79 12
31 80 4
32 33 79
32 34 76
32 35 75
32 36 43
32 37 38
32 38 18
32 39 0
32 40 28
32 41 63
32 42 54
32 43 50
32 44 67
32 45 7
32 46 64
32 47 9
32 48 31
32 49 71
32 50 14
32 51 5
32 52 44
32 53 31
32 54 18
32 55 74
32 56 66
32 57 71
32 58 15
32 59 50
32 60 72
32 61 41
32 62 45
32 63 0
32 64 59
32 65 17
32 66 25
32 67 42
32 68 53
32 69 42
32 70 57
32 71 40
32 72 36
32 73 34
32 74 52
32 75 1
32 76 64
32 77 21
32 78 32
32 79 77
32 80 65
33 34 27
33 35 55
33 36 25
33 37 69
33 38 76
33 39 57
33 40 68
33 41 29
33 42 72
33 43 73
33 44 15
33 45 35
33 46 33
33 47 24
33 48 45
33 49 44
33 50 75
33 51 9
33 52 35
33 53 27
33 54 21
33 55 75
33 56 10
33 57 5
33 58 31
33 59 5
33 60 4
33 61 19
33 62 46
33 63 64
33 64 27
33 65 70
33 66 32
33 67 45
33 68 57
33 69 15
33 70 52
33 71 44
33 72 5
33 73 5
33 74 31
33 75 11
33 76 49
33 77 36
33 78 37
33 79 2
33 80 42
34 35 78
34 36 23
34 37 61
34 38 31
34 39 13
34 40 74
34 41 52
34 42 11
34 43 12
34 44 44
34 45 70
34 46 68
34 47 11
34 48 30
34 49 48
34 50 38
34 51 31
34 52 52
34 53 65
34 54 43
34 55 74
34 56 33
34 57 30
34 58 43
34 59 60
34 60 65
34 61 27
34 62 59
34 63 24
34 64 27
34 65 32
34 66 12
34 67 76
34 68 7
34 69 21
34 70 68
34 71 30
34 72 70
34 73 51
34 74 35
34 75 6
34 76 43
34 77 26
34 78 67
34 79 12
34 80 9
35 36 2
35 37 63
35 38 54
35 39 77
35 40 39
35 41 53
35 42 40
35 43 8
35 44 20
35 45 31
35 46 16
35 47 12
35 48 63
35 49 8
35 50 42
35 51 59
35 52 78
35 53 66
35 54 32
35 55 2
35 56 41
35 57 2
35 58 13
35 59 22
35 60 35
35 61 17
35 62 76
35 63 9
35 64 30
35 65 73
35 66 71
35 67 14
35 68 4
35 69 43
35 70 74
35 71 34
35 72 13
35 73 67
35 74 3
35 75 31
35 76 2
35 77 39
35 78 18
35 79 53
35 80 11
36 37 38
36 38 67
36 39 11
36 40 14
36 41 72
36 42 75
36 43 79
36 44 17
36 45 70
36 46 26
36 47 78
36 48 4
36 49 13
36 50 30
36 51 18
36 52 13
36 53 9
36 54 34
36 55 54
36 56 58
36 57 43
36 58 79
36 59 60
36 60 5
36 61 36
36 62 35
36 63 10
36 64 73
36 65 66
36 66 2
36 67 22
36 68 34
36 69 23
36 70 24
36 71 12
36 72 64
36 73 33
36 74 51
36 75 74
36 76 68
36 77 12
36 78 69
36 79 65
36 80 26
37 38 71
37 39 57
37 40 62
37 41 53
37 42 21
37 43 72
37 44 46
37 45 75
37 46 62
37 47 75
37 48 17
37 49 8
37 50 60
37 51 15
37 52 31
37 53 29
37 54 34
37 55 57
37 56 26
37 57 63
37 58 32
37 59 32
37 60 1
37 61 34
37 62 3
37 63 11
37 64 75
37 65 10
37 66 40
37 67 28
37 68 41
37 69 40
37 70 48
37 71 0
37 72 51
37 73 43
37 74 48
37 75 21
37 76 64
37 77 44
37 78 62
37 79 72
37 80 2
38 39 43
38 40 18
38 41 22
38 42 67
38 43 59
38 44 6
38 45 44
38 46 76
38 47 27
38 48 35
38 49 23
38 50 48
38 51 21
38 52 54
38 53 67
38 54 75
38 55 69
38 56 28
38 57 48
38 58 79
38 59 69
38 60 33
38 61 8
38 62 0
38 63 15
38 64 25
38 65 36
38 66 66
38 67 38
38 68 67
38 69 13
38 70 62
38 71 59
38 72 25
38 73 77
38 74 47
38 75 77
38 76 16
38 77 31
38 78 75
38 79 0
38 80 42
39 40 54
39 41 51
39 42 43
39 43 34
39 44 23
39 45 42
39 46 54
39 47 3
39 48 65
39 49 69
39 50 23
39 51 17
39 52 59
39 53 78
39 54 59
39 55 28
39 56 26
39 57 50
39 58 70
39 59 37
39 60 51
39 61 71
39 62 19
39 63 39
39 64 73
39 65 48
39 66 79
39 67 4
39 68 24
39 69 25
39 70 16
39 71 71
39 72 63
39 73 51
39 74 53
39 75 64
39 76 43
39 77 50
39 78 78
39 79 13
39 80 32
40 41 24
40 42 46
40 43 71
40 44 19
40 45 8
40 46 24
40 47 23
40 48 27
40 49 63
40 50 7
40 51 15
40 52 49
40 53 49
40 54 20
40 55 30
40 56 58
40 57 58
40 58 12
40 59 30
40 60 37
40 61 76
40 62 9
40 63 38
40 64 42
40 65 56
40 66 69
40 67 79
40 68 24
40 69 52
40 70 67
40 71 54
40 72 30
40 73 43
40 74 46
40 75 30
40 76 72
40 77 76
40 78 20
40 79 68
40 80 77
41 42 56
41 43 45
41 44 0
41 45 7
41 46 74
41 47 59
41 48 15
41 49 21
41 50 24
41 51 25
41 52 18
41 53 50
41 54 43
41 55 76
41 56 77
41 57 75
41 58 19
41 59 2
41 60 34
41 61 67
41 62 47
41 63 25
41 64 29
41 65 27
41 66 9
41 67 40
41 68 4
41 69 1
41 70 31
41 71 35
41 72 54
41 73 73
41 74 8
41 75 26
41 76 78
41 77 47
41 78 52
41 79 5
41 80 2
42 43 29
42 44 71
42 45 52
42 46 29
42 47 75
42 48 17
42 49 7
42 50 41
42 51 39
42 52 27
42 53 78
42 54 58
42 55 39
42 56 38
42 57 23
42 58 58
42 59 1
42 60 50
42 61 48
42 62 31
42 63 56
42 64 57
42 65 9
42 66 26
42 67 3
42 68 65
42 69 35
42 70 42
42 71 0
42 72 0
42 73 37
42 74 50
42 75 49
42 76 27
42 77 18
42 78 54
42 79 61
42 80 49
43 44 29
43 45 34
43 46 30
43 47 39
43 48 12
43 49 21
43 50 6
43 51 79
43 52 78
43 53 45
43 54 4
43 55 67
43 56 38
43 57 27
43 58 53
43 59 65
43 60 2
43 61 27
43 62 9
43 63 64
43 64 63
43 65 16
43 66 77
43 67 48
43 68 69
43 69 67
43 70 76
43 71 38
43 72 39
43 73 5
43 74 44
43 75 43
43 76 66
43 77 11
43 78 13
43 79 57
43 80 74
44 45 24
44 46 4
44 47 79
44 48 55
44 49 35
44 50 0
44 51 29
44 52 5
44 53 7
44 54 2
44 55 21
44 56 76
44 57 7
44 58 40
44 59 25
44 60 14
44 61 11
44 62 50
44 63 21
44 64 1
44 65 52
44 66 77
44 67 1
44 68 22
44 69 61
44 70 30
44 71 14
44 72 63
44 73 20
44 74 63
44 75 17
44 76 16
44 77 26
44 78 4
44 79 31
44 80 56
45 46 0
45 47 43
45 48 60
45 49 49
45 50 33
45 51 0
45 52 44
45 53 60
45 54 7
45 55 31
45 56 19
45 57 64
45 58 53
45 59 57
45 60 63
45 61 33
45 62 60
45 63 70
45 64 54
45 65 7
45 66 37
45 67 41
45 68 68
45 69 72
45 70 5
45 71 40
45 72 66
45 73 10
45 74 74
45 75 79
45 76 63
45 77 58
45 78 57
45 79 33
45 80 79
46 47 73
46 48 30
46 49 68
46 50 23
46 51 68
46 52 36
46 53 72
46 54 67
46 55 25
46 56 71
46 57 65
46 58 68
46 59 45
46 60 38
46 61 54
46 62 22
46 63 29
46 64 70
46 65 44
46 66 0
46 67 35
46 68 32
46 69 36
46 70 53
46 71 37
46 72 51
46 73 71
46 74 28
46 75 58
46 76 21
46 77 9
46 78 8
46 79 53
46 80 37
47 48 7
47 49 26
47 50 61
47 51 45
47 52 5
47 53 41
47 54 64
47 55 49
47 56 5
47 57 14
47 58 33
47 59 40
47 60 70
47 61 44
47 62 68
47 63 63
47 64 19
47 65 49
47 66 42
47 67 32
47 68 3
47 69 71
47 70 6
47 71 19
47 72 50
47 73 61
47 74 63
47 75 39
47 76 35
47 77 16
47 78 20
47 79 19
47 80 6
48 49 28
48 50 34
48 51 40
48 52 19
48 53 67
48 54 46
48 55 13
48 56 50
48 57 30
48 58 78
48 59 35
48 60 77
48 61 66
48 62 44
48 63 61
48 64 65
48 65 71
48 66 10
48 67 61
48 68 21
48 69 74
48 70 13
48 71 11
48 72 18
48 73 43
48 74 36
48 75 67
48 76 78
48 77 16
48 78 48
48 79 9
48 80 27
49 50 0
49 51 28
49 52 29
49 53 58
49 54 51
49 55 49
49 56 18
49 57 1
49 58 65
49 59 7
49 60 50
49 61 54
49 62 30
49 63 39
49 64 25
49 65 12
49 66 58
49 67 68
49 68 67
49 69 40
49 70 11
49 71 34
49 72 18
49 73 60
49 74 73
49 75 66
49 76 6
49 77 25
49 78 59
49 79 67
49 80 27
50 51 21
50 52 43
50 53 4
50 54 18
50 55 60
50 56 48
50 57 44
50 58 24
50 59 74
50 60 43
50 61 43
50 62 21
50 63 30
50 64 52
50 65 28
50 66 72
50 67 77
50 68 49
50 69 70
50 70 6
50 71 39
50 72 66
50 73 52
50 74 64
50 75 56
50 76 32
50 77 5
50 78 12
50 79 26
50 80 73
51 52 72
51 53 59
51 54 36
51 55 67
51 56 49
51 57 14
51 58 35
51 59 25
51 60 61
51 61 37
51 62 60
51 63 10
51 64 64
51 65 3
51 66 59
51 67 36
51 68 58
51 69 72
51 70 10
51 71 59
51 72 68
51 73 79
51 74 64
51 75 76
51 76 76
51 77 23
51 78 24
51 79 17
51 80 77
52 53 26
52 54 26
52 55 71
52 56 24
52 57 8
52 58 35
52 59 18
52 60 30
52 61 39
52 62 26
52 63 12
52 64 70
52 65 6
52 66 29
52 67 33
52 68 73
52 69 66
52 70 8
52 71 2
52 72 58
52 73 18
52 74 1
52 75 36
52 76 48
52 77 61
52 78 65
52 79 21
52 80 60
53 54 24
53 55 14
53 56 51
53 57 62
53 58 36
53 59 25
53 60 76
53 61 79
53 62 46
53 63 55
53 64 70
53 65 71
53 66 7
53 67 5
53 68 75
53 69 68
53 70 48
53 71 68
53 72 69
53 73 19
53 74 70
53 75 62
53 76 39
53 77 48
53 78 70
53 79 1
53 80 16
54 55 8
54 56 5
54 57 1
54 58 40
54 59 46
54 60 7
54 61 76
54 62 1
54 63 43
54 64 18
54 65 58
54 66 1
54 67 57
54 68 48
54 69 58
54 70 4
54 71 36
54 72 79
54 73 13
54 74 79
54 75 43
54 76 52
54 77 19
54 78 37
54 79 32
54 80 70
55 56 33
55 57 30
55 58 47
55 59 11
55 60 60
55 61 45
55 62 34
55 63 49
55 64 36
55 65 67
55 66 75
55 67 5
55 68 17
55 69 18
55 70 14
55 71 49
55 72 29
55 73 24
55 74 29
55 75 37
55 76 34
55 77 59
55 78 18
55 79 55
55 80 73
56 57 22
56 58 43
56 59 31
56 60 45
56 61 67
56 62 41
56 63 53
56 64 1
56 65 9
56 66 17
56 67 7
56 68 19
56 69 48
56 70 74
56 71 1
56 72 13
56 73 75
56 74 53
56 75 1
56 76 25
56 77 48
56 78 61
56 79 0
56 80 59
57 58 45
57 59 34
57 60 21
57 61 17
57 62 69
57 63 63
57 64 11
57 65 77
57 66 35
57 67 25
57 68 33
57 69 32
57 70 13
57 71 41
57 72 56
57 73 13
57 74 53
57 75 11
57 76 21
57 77 46
57 78 51
57 79 75
57 80 14
58 59 27
58 60 11
58 61 45
58 62 61
58 63 65
58 64 25
58 65 33
58 66 30
58 67 12
58 68 43
58 69 55
58 70 10
58 71 31
58 72 54
58 73 39
58 74 29
58 75 22
58 76 17
58 77 73
58 78 32
58 79 71
58 80 44
59 60 63
59 61 1
59 62 45
59 63 3
59 64 31
59 65 10
59 66 34
59 67 17
59 68 65
59 69 61
59 70 72
59 71 53
59 72 44
59 73 72
59 74 41
59 75 16
59 76 8
59 77 37
59 78 29
59 79 31
59 80 40
60 61 62
60 62 43
60 63 23
60 64 49
60 65 51
60 66 27
60 67 23
60 68 78
60 69 46
60 70 0
60 71 61
60 72 36
60 73 75
60 74 48
60 75 11
60 76 51
60 77 37
60 78 66
60 79 41
60 80 13
61 62 45
61 63 16
61 64 6
61 65 62
61 66 68
61 67 49
61 68 30
61 69 29
61 70 33
61 71 78
61 72 69
61 73 32
61 74 36
61 75 37
61 76 28
61 77 40
61 78 53
61 79 70
61 80 48
62 63 29
62 64 4
62 65 42
62 66 71
62 67 50
62 68 48
62 69 56
62 70 78
62 71 14
62 72 18
62 73 65
62 74 17
62 75 2
62 76 53
62 77 60
62 78 59
62 79 71
62 80 63
63 64 6
63 65 74
63 66 15
63 67 67
63 68 6
63 69 46
63 70 52
63 71 60
63 72 52
63 73 74
63 74 25
63 75 73
63 76 24
63 77 48
63 78 6
63 79 52
63 80 5
64 65 21
64 66 57
64 67 1
64 68 34
64 69 54
64 70 56
64 71 17
64 72 22
64 73 58
64 74 64
64 75 75
64 76 43
64 77 54
64 78 64
64 79 70
64 80 2
65 66 2
65 67 28
65 68 66
65 69 20
65 70 65
65 71 49
65 72 45
65 73 69
65 74 0
65 75 46
65 76 66
65 77 19
65 78 59
65 79 65
65 80 78
66 67 2
66 68 66
66 69 77
66 70 72
66 71 13
66 72 36
66 73 19
66 74 2
66 75 28
66 76 78
66 77 54
66 78 53
66 79 19
66 80 56
67 68 30
67 69 75
67 70 60
67 71 65
67 72 21
67 73 58
67 74 17
67 75 19
67 76 29
67 77 54
67 78 33
67 79 50
67 80 25
68 69 59
68 70 79
68 71 7
68 72 32
68 73 69
68 74 53
68 75 70
68 76 32
68 77 4
68 78 50
68 79 41
68 80 51
69 70 2
69 71 0
69 72 54
69 73 45
69 74 77
69 75 9
69 76 29
69 77 37
69 78 48
69 79 42
69 80 21
70 71 76
70 72 56
70 73 36
70 74 28
70 75 21
70 76 0
70 77 74
70 78 30
70 79 3
70 80 26
71 72 75
71 73 52
71 74 61
71 75 40
71 76 65
71 77 66
71 78 10
71 79 70
71 80 68
72 73 55
72 74 28
72 75 20
72 76 26
72 77 13
72 78 65
72 79 23
72 80 46
73 74 64
73 75 49
73 76 6
73 77 66
73 78 10
73 79 52
73 80 52
74 75 25
74 76 71
74 77 6
74 78 8
74 79 69
74 80 57
75 76 74
75 77 42
75 78 78
75 79 31
75 80 61
76 77 49
76 78 24
76 79 67
76 80 37
77 78 58
77 79 13
77 80 7
78 79 78
78 80 36
79 80 67
