90 4005
1 2 67
1 3 9
1 4 34
1 5 15
1 6 19
1 7 61
1 8 1
1 9 42
1 10 65
1 11 84
1 12 51
1 13 34
1 14 38
1 15 9
1 16 19
1 17 62
1 18 27
1 19 66
1 20 76
1 21 53
1 22 87
1 23 69
1 24 53
1 25 83
1 26 1
1 27 25
1 28 62
1 29 4
1 30 32
1 31 21
1 32 42
1 33 6
1 34 45
1 35 44
1 36 85
1 37 18
1 38 74
1 39 72
1 40 49
1 41 44
1 42 23
1 43 87
1 44 3
1 45 70
1 46 63
1 47 57
1 48 12
1 49 7
1 50 16
1 51 33
1 52 31
1 53 59
1 54 5
1 55 45
1 56 2
1 57 78
1 58 37
1 59 46
1 60 69
1 61 83
1 62 30
1 63 87
1 64 70
1 65 25
1 66 36
1 67 4
1 68 46
1 69 19
1 70 34
1 71 41
1 72 35
1 73 71
1 74 42
1 75 41
1 76 5
1 77 22
1 78 12
1 79 12
1 80 12
1 81 36
1 82 22
1 83 46
1 84 27
1 85 73
1 86 5
1 87 55
1 88 84
1 89 6
1 90 84
2 3 39
2 4 10
2 5 47
2 6 69
2 7 59
2 8 24
2 9 83
2 10 17
2 11 76
2 12 30
2 13 60
2 14 71
2 15 50
2 16 11
2 17 4
2 18 81
2 19 23
2 20 28
2 21 39
2 22 16
2 23 37
2 24 13
2 25 45
2 26 58
2 27 21
2 28 42
2 29 44
2 30 6
2 31 73
2 32 6
2 33 63
2 34 80
2 35 0
2 36 66
2 37 59
2 38 61
2 39 58
2 40 29
2 41 7
2 42 49
2 43 2
2 44 38
2 45 40
2 46 86
2 47 62
2 48 69
2 49 20
2 50 44
2 51 42
2 52 37
2 53 69
2 54 24
2 55 30
2 56 24
2 57 14
2 58 2
2 59 42
2 60 36
2 61 27
2 62 54
2 63 18
2 64 20
2 65 20
2 66 78
2 67 35
2 68 58
2 69 28
2 70 73
2 71 25
2 72 63
2 73 60
2 74 61
2 75 70
2 76 27
2 77 52
2 78 36
2 79 60
2 80 24
2 81 64
2 82 77
2 83 3
2 84 79
2 85 35
2 86 5
2 87 82
2 88 87
2 89 54
2 90 82
3 4 89
3 5 86
3 6 57
3 7 21
3 8 68
3 9 24
3 10 32
3 11 47
3 12 57
3 13 37
3 14 48
3 15 32
3 16 12
3 17 48
3 18 45
3 19 15
3 20 62
3 21 26
3 22 73
3 23 51
3 24 86
3 25 56
3 26 16
3 27 31
3 28 43
3 29 29
3 30 64
3 31 56
3 32 2
3 33 25
3 34 79
3 35 67
3 36 82
3 37 13
3 38 7
3 39 4
3 40 63
3 41 9
3 42 15
3 43 86
3 44 50
3 45 12
3 46 51
3 47 62
3 48 80
3 49 26
3 50 16
3 51 81
3 52 27
3 53 46
3 54 25
3 55 30
3 56 50
3 57 48
3 58 88
3 59 3
3 60 65
3 61 85
3 62 21
3 63 40
3 64 40
3 65 78
3 66 76
3 67 55
3 68 24
3 69 69
3 70 84
3 71 68
3 72 4
3 73 50
3 74 4
3 75 19
3 76 29
3 77 59
3 78 51
3 79 70
3 80 20
3 81 74
3 82 88
3 83 85
3 84 15
3 85 48
3 86 61
3 87 59
3 88 6
3 89 63
3 90 45
4 5 72
4 6 65
4 7 52
4 8 51
4 9 53
4 10 6
4 11 75
4 12 11
4 13 14
4 14 86
4 15 83
4 16 78
4 17 61
4 18 40
4 19 75
4 20 38
4 21 45
4 22 70
4 23 69
4 24 47
4 25 12
4 26 46
4 27 65
4 28 81
4 29 31
4 30 22
4 31 83
4 32 10
4 33 76
4 34 80
4 35 83
4 36 72
4 37 44
4 38 15
4 39 62
4 40 43
4 41 34
4 42 58
4 43 15
4 44 3
4 45 10
4 46 85
4 47 69
4 48 39
4 49 29
4 50 82
4 51 79
4 52 51
4 53 26
4 54 18
4 55 81
4 56 80
4 57 71
4 58 37
4 59 36
4 60 47
4 61 3
4 62 2
4 63 20
4 64 51
4 65 65
4 66 72
4 67 71
4 68 37
4 69 5
4 70 22
4 71 83
4 72 21
4 73 18
4 74 10
4 75 80
4 76 78
4 77 72
4 78 85
4 79 89
4 80 83
4 81 89
4 82 47
4 83 27
4 84 72
4 85 3
4 86 11
4 87 25
4 88 24
4 89 78
4 90 81
5 6 10
5 7 68
5 8 70
5 9 42
5 10 26
5 11 63
5 12 19
5 13 61
5 14 31
5 15 12
5 16 56
5 17 74
5 18 51
5 19 28
5 20 80
5 21 17
5 22 6
5 23 5
5 24 89
5 25 81
5 26 49
5 27 12
5 28 56
5 29 14
5 30 27
5 31 18
5 32 6
5 33 70
5 34 23
5 35 30
5 36 67
5 37 74
5 38 61
5 39 29
5 40 4
5 41 82
5 42 5
5 43 76
5 44 14
5 45 5
5 46 63
5 47 0
5 48 77
5 49 23
5 50 62
5 51 7
5 52 63
5 53 46
5 54 9
5 55 65
5 56 88
5 57 70
5 58 81
5 59 78
5 60 23
5 61 71
5 62 40
5 63 44
5 64 12
5 65 75
5 66 51
5 67 10
5 68 31
5 69 26
5 70 22
5 71 26
5 72 18
5 73 16
5 74 60
5 75 19
5 76 16
5 77 33
5 78 27
5 79 71
5 80 58
5 81 0
5 82 1
5 83 38
5 84 24
5 85 17
5 86 13
5 87 51
5 88 6
5 89 81
5 90 18
6 7 41
6 8 23
6 9 32
6 10 14
6 11 43
6 12 56
6 13 25
6 14 56
6 15 35
6 16 68
6 17 24
6 18 10
6 19 11
6 20 84
6 21 56
6 22 31
6 23 78
6 24 84
6 25 85
6 26 75
6 27 82
6 28 33
6 29 13
6 30 65
6 31 75
6 32 55
6 33 43
6 34 23
6 35 64
6 36 18
6 37 27
6 38 85
6 39 6
6 40 26
6 41 29
6 42 87
6 43 47
6 44 74
6 45 51
6 46 77
6 47 65
6 48 57
6 49 40
6 50 14
6 51 24
6 52 10
6 53 43
6 54 11
6 55 54
6 56 59
6 57 18
6 58 76
6 59 53
6 60 4
6 61 8
6 62 89
6 63 84
6 64 79
6 65 60
6 66 31
6 67 70
6 68 7
6 69 50
6 70 27
6 71 75
6 72 14
6 73 2
6 74 8
6 75 16
6 76 48
6 77 59
6 78 61
6 79 4
6 80 62
6 81 63
6 82 70
6 83 56
6 84 58
6 85 0
6 86 48
6 87 59
6 88 27
6 89 85
6 90 42
7 8 39
7 9 77
7 10 71
7 11 73
7 12 16
7 13 42
7 14 43
7 15 73
7 16 9
7 17 9
7 18 2
7 19 3
7 20 64
7 21 17
7 22 19
7 23 16
7 24 58
7 25 20
7 26 61
7 27 86
7 28 69
7 29 68
7 30 29
7 31 79
7 32 18
7 33 3
7 34 89
7 35 51
7 36 55
7 37 76
7 38 79
7 39 48
7 40 78
7 41 32
7 42 40
7 43 87
7 44 77
7 45 59
7 46 18
7 47 82
7 48 57
7 49 63
7 50 79
7 51 81
7 52 32
7 53 34
7 54 51
7 55 35
7 56 33
7 57 62
7 58 73
7 59 21
7 60 63
7 61 14
7 62 66
7 63 67
7 64 36
7 65 76
7 66 63
7 67 11
7 68 84
7 69 41
7 70 67
7 71 89
7 72 69
7 73 5
7 74 62
7 75 88
7 76 89
7 77 67
7 78 31
7 79 45
7 80 39
7 81 59
7 82 64
7 83 69
7 84 31
7 85 84
7 86 33
7 87 27
7 88 22
7 89 56
7 90 57
8 9 16
8 10 48
8 11 31
8 12 33
8 13 30
8 14 28
8 15 82
8 16 85
8 17 17
8 18 89
8 19 6
8 20 4
8 21 17
8 22 30
8 23 49
8 24 65
8 25 35
8 26 30
8 27 38
8 28 35
8 29 2
8 30 71
8 31 29
8 32 8
8 33 55
8 34 4
8 35 13
8 36 7
8 37 54
8 38 45
8 39 23
8 40 45
8 41 46
8 42 14
8 43 81
8 44 66
8 45 53
8 46 54
8 47 41
8 48 25
8 49 60
8 50 17
8 51 51
8 52 36
8 53 87
8 54 51
8 55 24
8 56 63
8 57 71
8 58 23
8 59 74
8 60 36
8 61 80
8 62 67
8 63 35
8 64 15
8 65 88
8 66 67
8 67 76
8 68 62
8 69 62
8 70 57
8 71 64
8 72 16
8 73 75
8 74 37
8 75 65
8 76 67
8 77 22
8 78 31
8 79 76
8 80 36
8 81 15
8 82 60
8 83 10
8 84 58
8 85 46
8 86 26
8 87 4
8 88 44
8 89 64
8 90 31
9 10 47
9 11 5
9 12 86
9 13 37
9 14 2
9 15 25
9 16 21
9 17 10
9 18 7
9 19 9
9 20 41
9 21 69
9 22 41
9 23 17
9 24 40
9 25 55
9 26 77
9 27 13
9 28 83
9 29 44
9 30 52
9 31 39
9 32 28
9 33 72
9 34 85
9 35 1
9 36 33
9 37 48
9 38 26
9 39 14
9 40 74
9 41 77
9 42 39
9 43 87
9 44 5
9 45 77
9 46 18
9 47 47
9 48 36
9 49 61
9 50 74
9 51 80
9 52 13
9 53 9
9 54 8
9 55 84
9 56 61
9 57 67
9 58 66
9 59 16
9 60 49
9 61 20
9 62 63
9 63 4
9 64 13
9 65 21
9 66 21
9 67 58
9 68 0
9 69 38
9 70 51
9 71 25
9 72 41
9 73 68
9 74 46
9 75 20
9 76 34
9 77 28
9 78 4
9 79 31
9 80 42
9 81 37
9 82 12
9 83 68
9 84 74
9 85 81
9 86 0
9 87 51
9 88 0
9 89 78
9 90 30
10 11 12
10 12 82
10 13 37
10 14 34
10 15 55
10 16 83
10 17 52
10 18 49
10 19 4
10 20 81
10 21 8
10 22 40
10 23 20
10 24 22
10 25 71
10 26 14
10 27 36
10 28 81
10 29 78
10 30 19
10 31 45
10 32 7
10 33 23
10 34 10
10 35 13
10 36 43
10 37 39
10 38 81
10 39 73
10 40 20
10 41 6
10 42 34
10 43 32
10 44 54
10 45 55
10 46 58
10 47 5
10 48 88
10 49 25
10 50 8
10 51 16
10 52 32
10 53 36
10 54 75
10 55 52
10 56 14
10 57 67
10 58 66
10 59 86
10 60 45
10 61 64
10 62 37
10 63 47
10 64 74
10 65 16
10 66 85
10 67 85
10 68 17
10 69 57
10 70 39
10 71 4
10 72 27
10 73 53
10 74 48
10 75 85
10 76 49
10 77 63
10 78 16
10 79 80
10 80 55
10 81 23
10 82 74
10 83 73
10 84 62
10 85 76
10 86 9
10 87 22
10 88 4
10 89 13
10 90 26
11 12 53
11 13 64
11 14 72
11 15 8
11 16 52
11 17 1
11 18 40
11 19 57
11 20 21
11 21 75
11 22 5
11 23 22
11 24 49
11 25 37
11 26 53
11 27 62
11 28 64
11 29 11
11 30 79
11 31 31
11 32 65
11 33 53
11 34 79
11 35 35
11 36 16
11 37 62
11 38 5
11 39 55
11 40 36
11 41 20
11 42 72
11 43 63
11 44 83
11 45 27
11 46 54
11 47 79
11 48 72
11 49 74
11 50 76
11 51 64
11 52 51
11 53 18
11 54 31
11 55 78
11 56 76
11 57 57
11 58 37
11 59 45
11 60 2
11 61 81
11 62 24
11 63 16
11 64 84
11 65 22
11 66 75
11 67 70
11 68 41
11 69 47
11 70 6
11 71 88
11 72 66
11 73 80
11 74 69
11 75 37
11 76 59
11 77 55
11 78 28
11 79 69
11 80 45
11 81 35
11 82 76
11 83 85
11 84 30
11 85 58
11 86 40
11 87 2
11 88 89
11 89 77
11 90 52
12 13 59
12 14 57
12 15 59
12 16 40
12 17 50
12 18 7
12 19 36
12 20 27
12 21 60
12 22 61
12 23 40
12 24 62
12 25 56
12 26 53
12 27 17
12 28 7
12 29 70
12 30 80
12 31 80
12 32 85
12 33 63
12 34 64
12 35 76
12 36 11
12 37 81
12 38 14
12 39 63
12 40 86
12 41 55
12 42 87
12 43 33
12 44 3
12 45 5
12 46 77
12 47 40
12 48 35
12 49 25
12 50 84
12 51 84
12 52 47
12 53 0
12 54 53
12 55 43
12 56 60
12 57 33
12 58 89
12 59 47
12 60 55
12 61 39
12 62 2
12 63 67
12 64 5
12 65 81
12 66 28
12 67 89
12 68 25
12 69 27
12 70 25
12 71 25
12 72 17
12 73 70
12 74 15
12 75 23
12 76 42
12 77 30
12 78 16
12 79 35
12 80 56
12 81 51
12 82 55
12 83 50
12 84 47
12 85 29
12 86 63
12 87 64
12 88 78
12 89 57
12 90 70
13 14 44
13 15 47
13 16 12
13 17 30
13 18 54
13 19 23
13 20 68
13 21 41
13 22 21
13 23 29
13 24 73
13 25 26
13 26 57
13 27 45
13 28 27
13 29 72
13 30 21
13 31 38
13 32 48
13 33 9
13 34 82
13 35 40
13 36 53
13 37 23
13 38 4
13 39 38
13 40 40
13 41 22
13 42 18
13 43 51
13 44 32
13 45 39
13 46 51
13 47 55
13 48 83
13 49 87
13 50 74
13 51 26
13 52 46
13 53 28
13 54 24
13 55 41
13 56 33
13 57 33
13 58 49
13 59 18
13 60 10
13 61 70
13 62 69
13 63 74
13 64 64
13 65 9
13 66 71
13 67 19
13 68 31
13 69 30
13 70 79
13 71 71
13 72 11
13 73 75
13 74 64
13 75 13
13 76 82
13 77 77
13 78 85
13 79 30
13 80 29
13 81 27
13 82 86
13 83 56
13 84 33
13 85 74
13 86 89
13 87 17
13 88 44
13 89 79
13 90 17
14 15 78
14 16 14
14 17 4
14 18 19
14 19 14
14 20 18
14 21 17
14 22 48
14 23 61
14 24 23
14 25 79
14 26 52
14 27 38
14 28 20
14 29 74
14 30 89
14 31 25
14 32 89
14 33 76
14 34 78
14 35 87
14 36 38
14 37 7
14 38 68
14 39 61
14 40 50
14 41 23
14 42 49
14 43 36
14 44 43
14 45 61
14 46 85
14 47 24
14 48 32
14 49 29
14 50 36
14 51 16
14 52 76
14 53 46
14 54 11
14 55 71
14 56 22
14 57 10
14 58 74
14 59 4
14 60 43
14 61 72
14 62 30
14 63 8
14 64 9
14 65 37
14 66 18
14 67 27
14 68 63
14 69 26
14 70 77
14 71 60
14 72 38
14 73 56
14 74 47
14 75 49
14 76 13
14 77 73
14 78 19
14 79 48
14 80 14
14 81 72
14 82 56
14 83 38
14 84 5
14 85 87
14 86 87
14 87 11
14 88 65
14 89 20
14 90 63
15 16 89
15 17 73
15 18 24
15 19 65
15 20 1
15 21 50
15 22 63
15 23 39
15 24 47
15 25 79
15 26 14
15 27 32
15 28 31
15 29 76
15 30 57
15 31 62
15 32 44
15 33 17
15 34 46
15 35 0
15 36 56
15 37 40
15 38 2
15 39 71
15 40 47
15 41 9
15 42 7
15 43 50
15 44 51
15 45 44
15 46 14
15 47 85
15 48 42
15 49 31
15 50 30
15 51 65
15 52 86
15 53 76
15 54 48
15 55 50
15 56 0
15 57 23
15 58 55
15 59 58
15 60 0
15 61 15
15 62 12
15 63 10
15 64 27
15 65 52
15 66 83
15 67 49
15 68 20
15 69 89
15 70 82
15 71 88
15 72 0
15 73 39
15 74 38
15 75 73
15 76 8
15 77 24
15 78 33
15 79 14
15 80 47
15 81 89
15 82 2
15 83 28
15 84 40
15 85 74
15 86 1
15 87 88
15 88 27
15 89 19
15 90 35
16 17 43
16 18 61
16 19 89
16 20 16
16 21 74
16 22 71
16 23 50
16 24 79
16 25 49
16 26 71
16 27 3
16 28 9
16 29 14
16 30 12
16 31 45
16 32 77
16 33 58
16 34 16
16 35 77
16 36 45
16 37 7
16 38 88
16 39 18
16 40 45
16 41 11
16 42 5
16 43 25
16 44 6
16 45 35
16 46 40
16 47 51
16 48 54
16 49 13
16 50 74
16 51 0
16 52 27
16 53 54
16 54 54
16 55 49
16 56 72
16 57 28
16 58 14
16 59 45
16 60 58
16 61 6
16 62 54
16 63 50
16 64 2
16 65 44
16 66 88
16 67 73
16 68 86
16 69 0
16 70 27
16 71 16
16 72 83
16 73 1
16 74 88
16 75 42
16 76 75
16 77 75
16 78 59
16 79 35
16 80 21
16 81 84
16 82 73
16 83 55
16 84 15
16 85 63
16 86 48
16 87 59
16 88 72
16 89 51
16 90 66
17 18 65
17 19 33
17 20 55
17 21 81
17 22 82
17 23 29
17 24 20
17 25 72
17 26 56
17 27 77
17 28 13
17 29 33
17 30 10
17 31 40
17 32 23
17 33 17
17 34 68
17 35 56
17 36 64
17 37 4
17 38 11
17 39 24
17 40 25
17 41 13
17 42 81
17 43 48
17 44 39
17 45 59
17 46 83
17 47 64
17 48 56
17 49 8
17 50 29
17 51 1
17 52 61
17 53 83
17 54 54
17 55 49
17 56 72
17 57 42
17 58 84
17 59 13
17 60 73
17 61 42
17 62 9
17 63 2
17 64 45
17 65 29
17 66 32
17 67 72
17 68 31
17 69 61
17 70 67
17 71 19
17 72 24
17 73 10
17 74 84
17 75 88
17 76 32
17 77 5
17 78 29
17 79 80
17 80 8
17 81 52
17 82 30
17 83 23
17 84 31
17 85 28
17 86 54
17 87 40
17 88 81
17 89 29
17 90 65
18 19 27
18 20 40
18 21 59
18 22 6
18 23 67
18 24 37
18 25 21
18 26 30
18 27 10
18 28 32
18 29 28
18 30 68
18 31 80
18 32 69
18 33 70
18 34 40
18 35 78
18 36 81
18 37 11
18 38 22
18 39 21
18 40 24
18 41 70
18 42 48
18 43 58
18 44 62
18 45 21
18 46 26
18 47 89
18 48 28
18 49 2
18 50 54
18 51 11
18 52 48
18 53 47
18 54 1
18 55 59
18 56 47
18 57 33
18 58 1
18 59 27
18 60 8
18 61 69
18 62 54
18 63 4
18 64 62
18 65 80
18 66 0
18 67 70
18 68 46
18 69 8
18 70 22
18 71 86
18 72 34
18 73 54
18 74 83
18 75 85
18 76 38
18 77 68
18 78 85
18 79 13
18 80 14
18 81 76
18 82 55
18 83 82
18 84 86
18 85 7
18 86 58
18 87 83
18 88 67
18 89 57
18 90 71
19 20 86
19 21 52
19 22 88
19 23 24
19 24 75
19 25 66
19 26 11
19 27 9
19 28 83
19 29 27
19 30 23
19 31 57
19 32 77
19 33 60
19 34 4
19 35 84
19 36 64
19 37 61
19 38 58
19 39 70
19 40 42
19 41 63
19 42 68
19 43 12
19 44 56
19 45 12
19 46 35
19 47 16
19 48 1
19 49 79
19 50 35
19 51 20
19 52 31
19 53 31
19 54 17
19 55 84
19 56 87
19 57 9
19 58 18
19 59 38
19 60 73
19 61 8
19 62 16
19 63 57
19 64 62
19 65 58
19 66 44
19 67 75
19 68 41
19 69 66
19 70 16
19 71 72
19 72 26
19 73 59
19 74 46
19 75 17
19 76 20
19 77 33
19 78 54
19 79 41
19 80 27
19 81 25
19 82 31
19 83 86
19 84 62
19 85 26
19 86 52
19 87 16
19 88 0
19 89 32
19 90 72
20 21 8
20 22 79
20 23 78
20 24 27
20 25 21
20 26 49
20 27 57
20 28 31
20 29 44
20 30 57
20 31 36
20 32 75
20 33 21
20 34 25
20 35 62
20 36 29
20 37 14
20 38 71
20 39 89
20 40 69
20 41 26
20 42 28
20 43 76
20 44 6
20 45 20
20 46 87
20 47 86
20 48 54
20 49 14
20 50 45
20 51 9
20 52 16
20 53 23
20 54 51
20 55 66
20 56 78
20 57 78
20 58 62
20 59 88
20 60 61
20 61 38
20 62 41
20 63 84
20 64 42
20 65 64
20 66 35
20 67 24
20 68 36
20 69 73
20 70 78
20 71 59
20 72 28
20 73 17
20 74 27
20 75 1
20 76 6
20 77 41
20 78 14
20 79 18
20 80 29
20 81 45
20 82 57
20 83 71
20 84 30
20 85 9
20 86 69
20 87 5
20 88 4
20 89 23
20 90 42
21 22 86
21 23 2
21 24 53
21 25 60
21 26 26
21 27 89
21 28 40
21 29 84
21 30 2
21 31 29
21 32 32
21 33 77
21 34 27
21 35 78
21 36 23
21 37 36
21 38 16
21 39 33
21 40 52
21 41 27
21 42 73
21 43 2
21 44 20
21 45 38
21 46 29
21 47 26
21 48 39
21 49 3
21 50 35
21 51 32
21 52 15
21 53 39
21 54 50
21 55 60
21 56 56
21 57 29
21 58 45
21 59 53
21 60 72
21 61 84
21 62 16
21 63 79
21 64 43
21 65 66
21 66 46
21 67 9
21 68 80
21 69 37
21 70 28
21 71 45
21 72 8
21 73 84
21 74 51
21 75 9
21 76 24
21 77 63
21 78 3
21 79 27
21 80 49
21 81 64
21 82 13
21 83 81
21 84 63
21 85 56
21 86 28
21 87 84
21 88 12
21 89 87
21 90 32
22 23 34
22 24 85
22 25 58
22 26 33
22 27 46
22 28 67
22 29 17
22 30 29
22 31 47
22 32 20
22 33 72
22 34 15
22 35 9
22 36 56
22 37 14
22 38 1
22 39 16
22 40 68
22 41 55
22 42 79
22 43 12
22 44 16
22 45 6
22 46 45
22 47 62
22 48 46
22 49 5
22 50 76
22 51 47
22 52 66
22 53 3
22 54 78
22 55 36
22 56 19
22 57 75
22 58 26
22 59 22
22 60 40
22 61 67
22 62 8
22 63 75
22 64 33
22 65 0
22 66 9
22 67 23
22 68 66
22 69 36
22 70 73
22 71 89
22 72 35
22 73 55
22 74 6
22 75 76
22 76 38
22 77 60
22 78 48
22 79 4
22 80 58
22 81 53
22 82 84
22 83 5
22 84 46
22 85 31
22 86 55
22 87 76
22 88 54
22 89 1
22 90 29
23 24 31
23 25 41
23 26 20
23 27 78
23 28 17
23 29 34
23 30 30
23 31 27
23 32 6
23 33 67
23 34 54
23 35 1
23 36 62
23 37 31
23 38 12
23 39 17
23 40 47
23 41 80
23 42 2
23 43 51
23 44 40
23 45 31
23 46 41
23 47 8
23 48 11
23 49 16
23 50 84
23 51 35
23 52 75
23 53 27
23 54 22
23 55 10
23 56 5
23 57 6
23 58 65
23 59 74
23 60 8
23 61 1
23 62 15
23 63 53
23 64 79
23 65 10
23 66 27
23 67 48
23 68 52
23 69 20
23 70 82
23 71 62
23 72 81
23 73 14
23 74 67
23 75 29
23 76 73
23 77 10
23 78 21
23 79 28
23 80 30
23 81 32
23 82 84
23 83 81
23 84 58
23 85 10
23 86 35
23 87 83
23 88 17
23 89 26
23 90 57
24 25 7
24 26 26
24 27 34
24 28 0
24 29 6
24 30 62
24 31 36
24 32 80
24 33 5
24 34 62
24 35 32
24 36 88
24 37 64
24 38 50
24 39 38
24 40 75
24 41 23
24 42 50
24 43 47
24 44 4
24 45 66
24 46 11
24 47 30
24 48 31
24 49 62
24 50 8
24 51 51
24 52 10
24 53 46
24 54 89
24 55 14
24 56 52
24 57 10
24 58 53
24 59 52
24 60 11
24 61 52
24 62 25
24 63 59
24 64 53
24 65 81
24 66 6
24 67 35
24 68 36
24 69 73
24 70 84
24 71 61
24 72 82
24 73 86
24 74 75
24 75 70
24 76 35
24 77 85
24 78 36
24 79 25
24 80 82
24 81 44
24 82 24
24 83 78
24 84 11
24 85 16
24 86 38
24 87 55
24 88 6
24 89 32
24 90 31
25 26 58
25 27 31
25 28 80
25 29 51
25 30 46
25 31 25
25 32 51
25 33 31
25 34 54
25 35 32
25 36 13
25 37 60
25 38 27
25 39 25
25 40 8
25 41 47
25 42 40
25 43 26
25 44 89
25 45 55
25 46 80
25 47 8
25 48 77
25 49 0
25 50 15
25 51 21
25 52 76
25 53 10
25 54 47
25 55 56
25 56 53
25 57 22
25 58 65
25 59 9
25 60 24
25 61 32
25 62 12
25 63 46
25 64 28
25 65 15
25 66 73
25 67 75
25 68 87
25 69 59
25 70 1
25 71 88
25 72 63
25 73 45
25 74 60
25 75 72
25 76 66
25 77 46
25 78 48
25 79 43
25 80 28
25 81 63
25 82 70
25 83 80
25 84 23
25 85 67
25 86 1
25 87 39
25 88 34
25 89 79
25 90 60
26 27 71
26 28 54
26 29 80
26 30 9
26 31 77
26 32 36
26 33 5
26 34 48
26 35 31
26 36 34
26 37 17
26 38 37
26 39 53
26 40 35
26 41 56
26 42 55
26 43 69
26 44 45
26 45 57
26 46 43
26 47 42
26 48 16
26 49 15
26 50 67
26 51 14
26 52 73
26 53 31
26 54 53
26 55 60
26 56 61
26 57 70
26 58 62
26 59 36
26 60 71
26 61 17
26 62 20
26 63 77
26 64 3
26 65 9
26 66 27
26 67 20
26 68 85
26 69 71
26 70 66
26 71 16
26 72 35
26 73 44
26 74 75
26 75 23
26 76 16
26 77 44
26 78 77
26 79 85
26 80 0
26 81 6
26 82 34
26 83 77
26 84 32
26 85 73
26 86 47
26 87 26
26 88 6
26 89 43
26 90 40
27 28 23
27 29 69
27 30 11
27 31 3
27 32 30
27 33 42
27 34 33
27 35 14
27 36 62
27 37 32
27 38 6
27 39 44
27 40 17
27 41 1
27 42 64
27 43 63
27 44 81
27 45 3
27 46 22
27 47 19
27 48 18
27 49 72
27 50 5
27 51 65
27 52 36
27 53 86
27 54 14
27 55 39
27 56 13
27 57 5
27 58 32
27 59 58
27 60 68
27 61 60
27 62 54
27 63 49
27 64 70
27 65 29
27 66 55
27 67 24
27 68 79
27 69 8
27 70 28
27 71 31
27 72 61
27 73 77
27 74 12
27 75 43
27 76 45
27 77 82
27 78 89
27 79 42
27 80 52
27 81 19
27 82 34
27 83 79
27 84 40
27 85 24
27 86 33
27 87 86
27 88 39
27 89 77
27 90 80
28 29 79
28 30 68
28 31 36
28 32 22
28 33 79
28 34 27
28 35 65
28 36 4
28 37 40
28 38 48
28 39 28
28 40 52
28 41 7
28 42 80
28 43 81
28 44 75
28 45 45
28 46 68
28 47 10
28 48 9
28 49 36
28 50 41
28 51 19
28 52 79
28 53 28
28 54 12
28 55 89
28 56 56
28 57 87
28 58 73
28 59 84
28 60 37
28 61 21
28 62 25
28 63 32
28 64 9
28 65 67
28 66 34
28 67 9
28 68 5
28 69 71
28 70 8
28 71 3
28 72 34
28 73 59
28 74 38
28 75 64
28 76 9
28 77 10
28 78 74
28 79 34
28 80 7
28 81 18
28 82 31
28 83 35
28 84 28
28 85 47
28 86 62
28 87 62
28 88 0
28 89 32
28 90 26
29 30 25
29 31 10
29 32 73
29 33 57
29 34 50
29 35 79
29 36 8
29 37 3
29 38 25
29 39 79
29 40 34
29 41 72
29 42 6
29 43 24
29 44 31
29 45 71
29 46 17
29 47 71
29 48 57
29 49 35
29 50 27
29 51 16
29 52 4
29 53 8
29 54 12
29 55 7
29 56 47
29 57 61
29 58 67
29 59 89
29 60 66
29 61 67
29 62 68
29 63 44
29 64 60
29 65 83
29 66 79
29 67 47
29 68 81
29 69 37
29 70 84
29 71 52
29 72 48
29 73 51
29 74 32
29 75 34
29 76 51
29 77 35
29 78 41
29 79 22
29 80 36
29 81 75
29 82 81
29 83 84
29 84 46
29 85 15
29 86 17
29 87 21
29 88 48
29 89 12
29 90 5
30 31 47
30 32 23
30 33 23
30 34 63
30 35 46
30 36 47
30 37 39
30 38 28
30 39 60
30 40 3
30 41 33
30 42 49
30 43 75
30 44 26
30 45 45
30 46 17
30 47 60
30 48 45
30 49 75
30 50 10
30 51 24
30 52 20
30 53 30
30 54 50
30 55 64
30 56 48
30 57 21
30 58 36
30 59 27
30 60 10
30 61 61
30 62 42
30 63 44
30 64 29
30 65 55
30 66 43
30 67 6
30 68 59
30 69 71
30 70 17
30 71 50
30 72 31
30 73 19
30 74 88
30 75 46
30 76 2
30 77 38
30 78 75
30 79 8
30 80 9
30 81 28
30 82 17
30 83 0
30 84 83
30 85 33
30 86 10
30 87 51
30 88 39
30 89 17
30 90 78
31 32 81
31 33 68
31 34 42
31 35 29
31 36 69
31 37 73
31 38 57
31 39 7
31 40 80
31 41 68
31 42 57
31 43 3
31 44 49
31 45 89
31 46 34
31 47 21
31 48 34
31 49 89
31 50 78
31 51 83
31 52 37
31 53 9
31 54 69
31 55 73
31 56 62
31 57 41
31 58 16
31 59 8
31 60 83
31 61 7
31 62 50
31 63 45
31 64 1
31 65 33
31 66 30
31 67 71
31 68 56
31 69 19
31 70 51
31 71 18
31 72 35
31 73 36
31 74 83
31 75 84
31 76 28
31 77 88
31 78 89
31 79 66
31 80 12
31 81 51
31 82 80
31 83 9
31 84 67
31 85 65
31 86 57
31 87 36
31 88 61
31 89 46
31 90 79
32 33 8
32 34 44
32 35 12
32 36 68
32 37 3
32 38 80
32 39 55
32 40 46
32 41 87
32 42 49
32 43 58
32 44 33
32 45 27
32 46 25
32 47 40
32 48 29
32 49 55
32 50 3
32 51 9
32 52 13
32 53 42
32 54 50
32 55 65
32 56 2
32 57 56
32 58 21
32 59 29
32 60 58
32 61 63
32 62 85
32 63 77
32 64 59
32 65 17
32 66 89
32 67 49
32 68 39
32 69 61
32 70 69
32 71 46
32 72 26
32 73 45
32 74 29
32 75 40
32 76 64
32 77 24
32 78 62
32 79 69
32 80 65
32 81 71
32 82 52
32 83 10
32 84 20
32 85 34
32 86 62
32 87 75
32 88 68
32 89 5
32 90 76
33 34 68
33 35 8
33 36 5
33 37 3
33 38 71
33 39 32
33 40 22
33 41 17
33 42 25
33 43 22
33 44 6
33 45 32
33 46 87
33 47 70
33 48 27
33 49 64
33 50 13
33 51 60
33 52 47
33 53 14
33 54 60
33 55 77
33 56 0
33 57 60
33 58 66
33 59 87
33 60 82
33 61 52
33 62 16
33 63 86
33 64 25
33 65 63
33 66 67
33 67 22
33 68 38
33 69 64
33 70 32
33 71 7
33 72 4
33 73 73
33 74 36
33 75 89
33 76 16
33 77 70
33 78 16
33 79 16
33 80 37
33 81 8
33 82 53
33 83 14
33 84 16
33 85 28
33 86 27
33 87 36
33 88 19
33 89 48
33 90 17
34 35 39
34 36 10
34 37 71
34 38 85
34 39 86
34 40 74
34 41 45
34 42 58
34 43 11
34 44 45
34 45 77
34 46 24
34 47 83
34 48 86
34 49 72
34 50 41
34 51 64
34 52 80
34 53 8
34 54 84
34 55 27
34 56 14
34 57 74
34 58 77
34 59 7
34 60 87
34 61 54
34 62 63
34 63 19
34 64 68
34 65 67
34 66 7
34 67 57
34 68 34
34 69 29
34 70 42
34 71 31
34 72 35
34 73 37
34 74 15
34 75 82
34 76 68
34 77 49
34 78 64
34 79 77
34 80 80
34 81 73
34 82 55
34 83 68
34 84 17
34 85 57
34 86 20
34 87 83
34 88 63
34 89 29
34 90 2
35 36 4
35 37 20
35 38 54
35 39 46
35 40 65
35 41 39
35 42 31
35 43 4
35 44 2
35 45 51
35 46 16
35 47 6
35 48 19
35 49 49
35 50 70
35 51 58
35 52 36
35 53 5
35 54 59
35 55 61
35 56 66
35 57 18
35 58 78
35 59 30
35 60 68
35 61 18
35 62 62
35 63 74
35 64 0
35 65 66
35 66 71
35 67 0
35 68 0
35 69 68
35 70 59
35 71 56
35 72 20
35 73 67
35 74 14
35 75 75
35 76 7
35 77 72
35 78 46
35 79 58
35 80 85
35 81 13
35 82 40
35 83 7
35 84 73
35 85 2
35 86 60
35 87 24
35 88 43
35 89 0
35 90 36
36 37 57
36 38 14
36 39 37
36 40 41
36 41 42
36 42 71
36 43 87
36 44 46
36 45 3
36 46 52
36 47 73
36 48 42
36 49 5
36 50 72
36 51 25
36 52 54
36 53 56
36 54 47
36 55 15
36 56 37
36 57 20
36 58 54
36 59 73
36 60 28
36 61 3
36 62 76
36 63 3
36 64 33
36 65 21
36 66 63
36 67 30
36 68 9
36 69 14
36 70 18
36 71 88
36 72 1
36 73 30
36 74 65
36 75 16
36 76 74
36 77 72
36 78 7
36 79 56
36 80 4
36 81 20
36 82 16
36 83 86
36 84 41
36 85 9
36 86 74
36 87 57
36 88 88
36 89 61
36 90 69
37 38 53
37 39 20
37 40 65
37 41 75
37 42 52
37 43 26
37 44 89
37 45 44
37 46 32
37 47 79
37 48 86
37 49 65
37 50 79
37 51 42
37 52 14
37 53 26
37 54 60
37 55 48
37 56 72
37 57 79
37 58 42
37 59 67
37 60 34
37 61 50
37 62 58
37 63 13
37 64 72
37 65 79
37 66 17
37 67 23
37 68 50
37 69 42
37 70 41
37 71 32
37 72 44
37 73 23
37 74 72
37 75 36
37 76 85
37 77 72
37 78 55
37 79 72
37 80 64
37 81 29
37 82 40
37 83 17
37 84 88
37 85 59
37 86 46
37 87 41
37 88 63
37 89 53
37 90 52
38 39 53
38 40 24
38 41 82
38 42 48
38 43 59
38 44 53
38 45 30
38 46 46
38 47 80
38 48 87
38 49 80
38 50 68
38 51 84
38 52 73
38 53 15
38 54 33
38 55 86
38 56 13
38 57 44
38 58 82
38 59 54
38 60 17
38 61 48
38 62 88
38 63 53
38 64 52
38 65 61
38 66 47
38 67 78
38 68 35
38 69 61
38 70 56
38 71 49
38 72 51
38 73 57
38 74 34
38 75 68
38 76 7
38 77 15
38 78 54
38 79 54
38 80 32
38 81 22
38 82 57
38 83 77
38 84 43
38 85 32
38 86 31
38 87 31
38 88 42
38 89 64
38 90 44
39 40 46
39 41 73
39 42 47
39 43 7
39 44 82
39 45 25
39 46 18
39 47 10
39 48 57
39 49 51
39 50 20
39 51 2
39 52 13
39 53 59
39 54 43
39 55 17
39 56 59
39 57 86
39 58 42
39 59 64
39 60 19
39 61 30
39 62 7
39 63 74
39 64 33
39 65 22
39 66 62
39 67 81
39 68 44
39 69 75
39 70 13
39 71 10
39 72 14
39 73 80
39 74 78
39 75 8
39 76 18
39 77 46
39 78 88
39 79 74
39 80 7
39 81 2
39 82 13
39 83 36
39 84 52
39 85 21
39 86 41
39 87 63
39 88 44
39 89 30
39 90 75
40 41 1
40 42 34
40 43 74
40 44 10
40 45 56
40 46 38
40 47 31
40 48 85
40 49 19
40 50 46
40 51 20
40 52 17
40 53 51
40 54 45
40 55 86
40 56 41
40 57 65
40 58 20
40 59 63
40 60 10
40 61 73
40 62 52
40 63 77
40 64 31
40 65 14
40 66 75
40 67 64
40 68 76
40 69 5
40 70 33
40 71 77
40 72 42
40 73 14
40 74 30
40 75 50
40 76 62
40 77 53
40 78 0
40 79 64
40 80 8
40 81 81
40 82 33
40 83 44
40 84 72
40 85 59
40 86 65
40 87 14
40 88 14
40 89 21
40 90 37
41 42 60
41 43 84
41 44 85
41 45 19
41 46 47
41 47 6
41 48 15
41 49 31
41 50 84
41 51 54
41 52 30
41 53 46
41 54 25
41 55 0
41 56 83
41 57 18
41 58 29
41 59 75
41 60 39
41 61 74
41 62 18
41 63 0
41 64 62
41 65 17
41 66 6
41 67 39
41 68 39
41 69 6
41 70 47
41 71 82
41 72 32
41 73 22
41 74 89
41 75 61
41 76 45
41 77 73
41 78 13
41 79 42
41 80 29
41 81 5
41 82 27
41 83 53
41 84 52
41 85 14
41 86 44
41 87 22
41 88 37
41 89 13
41 90 40
42 43 32
42 44 25
42 45 29
42 46 40
42 47 70
42 48 75
42 49 77
42 50 84
42 51 40
42 52 36
42 53 2
42 54 13
42 55 78
42 56 71
42 57 28
42 58 66
42 59 62
42 60 32
42 61 55
42 62 87
42 63 50
42 64 16
42 65 11
42 66 51
42 67 32
42 68 23
42 69 50
42 70 84
42 71 12
42 72 15
42 73 7
42 74 8
42 75 53
42 76 13
42 77 70
42 78 87
42 79 14
42 80 24
42 81 25
42 82 47
42 83 87
42 84 84
42 85 35
42 86 22
42 87 50
42 88 43
42 89 49
42 90 63
43 44 49
43 45 52
43 46 77
43 47 25
43 48 87
43 49 64
43 50 41
43 51 11
43 52 30
43 53 45
43 54 10
43 55 29
43 56 67
43 57 50
43 58 11
43 59 61
43 60 80
43 61 53
43 62 33
43 63 89
43 64 77
43 65 29
43 66 4
43 67 83
43 68 26
43 69 72
43 70 49
43 71 17
43 72 10
43 73 43
43 74 58
43 75 67
43 76 31
43 77 38
43 78 37
43 79 67
43 80 83
43 81 32
43 82 0
43 83 9
43 84 59
43 85 53
43 86 80
43 87 78
43 88 14
43 89 70
43 90 8
44 45 20
44 46 27
44 47 75
44 48 52
44 49 9
44 50 24
44 51 61
44 52 78
44 53 28
44 54 26
44 55 83
44 56 25
44 57 12
44 58 34
44 59 22
44 60 63
44 61 57
44 62 70
44 63 42
44 64 76
44 65 69
44 66 60
44 67 46
44 68 36
44 69 18
44 70 48
44 71 16
44 72 63
44 73 11
44 74 64
44 75 18
44 76 54
44 77 82
44 78 8
44 79 74
44 80 4
44 81 19
44 82 31
44 83 61
44 84 30
44 85 82
44 86 20
44 87 38
44 88 37
44 89 38
44 90 64
45 46 68
45 47 64
45 48 53
45 49 33
45 50 86
45 51 57
45 52 50
45 53 38
45 54 9
45 55 64
45 56 29
45 57 25
45 58 3
45 59 11
45 60 34
45 61 5
45 62 20
45 63 40
45 64 8
45 65 68
45 66 75
45 67 22
45 68 19
45 69 66
45 70 7
45 71 34
45 72 76
45 73 42
45 74 52
45 75 51
45 76 49
45 77 4
45 78 82
45 79 10
45 80 61
45 81 38
45 82 42
45 83 62
45 84 64
45 85 57
45 86 35
45 87 85
45 88 56
45 89 54
45 90 89
46 47 23
46 48 21
46 49 86
46 50 15
46 51 44
46 52 43
46 53 82
46 54 31
46 55 82
46 56 72
46 57 80
46 58 8
46 59 68
46 60 37
46 61 51
46 62 44
46 63 20
46 64 71
46 65 43
46 66 73
46 67 50
46 68 68
46 69 5
46 70 13
46 71 69
46 72 1
46 73 30
46 74 20
46 75 31
46 76 74
46 77 68
46 78 15
46 79 63
46 80 16
46 81 36
46 82 17
46 83 60
46 84 24
46 85 72
46 86 48
46 87 52
46 88 54
46 89 84
46 90 33
47 48 33
47 49 26
47 50 86
47 51 39
47 52 18
47 53 55
47 54 71
47 55 55
47 56 53
47 57 25
47 58 5
47 59 88
47 60 37
47 61 50
47 62 6
47 63 42
47 64 47
47 65 46
47 66 77
47 67 14
47 68 1
47 69 78
47 70 51
47 71 34
47 72 52
47 73 64
47 74 78
47 75 2
47 76 66
47 77 69
47 78 45
47 79 35
47 80 68
47 81 11
47 82 6
47 83 59
47 84 13
47 85 20
47 86 26
47 87 60
47 88 85
47 89 63
47 90 12
48 49 75
48 50 61
48 51 72
48 52 48
48 53 36
48 54 29
48 55 52
48 56 63
48 57 64
48 58 61
48 59 67
48 60 9
48 61 38
48 62 33
48 63 4
48 64 33
48 65 36
48 66 22
48 67 11
48 68 61
48 69 32
48 70 85
48 71 61
48 72 29
48 73 68
48 74 33
48 75 61
48 76 74
48 77 14
48 78 20
48 79 9
48 80 77
48 81 63
48 82 26
48 83 61
48 84 45
48 85 35
48 86 38
48 87 9
48 88 84
48 89 49
48 90 6
49 50 29
49 51 19
49 52 11
49 53 41
49 54 9
49 55 86
49 56 58
49 57 14
49 58 39
49 59 59
49 60 43
49 61 40
49 62 87
49 63 50
49 64 0
49 65 54
49 66 59
49 67 57
49 68 40
49 69 81
49 70 70
49 71 33
49 72 30
49 73 48
49 74 9
49 75 57
49 76 85
49 77 61
49 78 38
49 79 12
49 80 55
49 81 81
49 82 30
49 83 27
49 84 26
49 85 41
49 86 18
49 87 27
49 88 74
49 89 78
49 90 72
50 51 64
50 52 87
50 53 47
50 54 2
50 55 24
50 56 58
50 57 17
50 58 66
50 59 52
50 60 18
50 61 80
50 62 22
50 63 51
50 64 25
50 65 44
50 66 74
50 67 63
50 68 45
50 69 85
50 70 73
50 71 86
50 72 54
50 73 82
50 74 57
50 75 37
50 76 88
50 77 76
50 78 12
50 79 59
50 80 66
50 81 79
50 82 54
50 83 6
50 84 12
50 85 24
50 86 43
50 87 68
50 88 24
50 89 63
50 90 77
51 52 30
51 53 6
51 54 88
51 55 15
51 56 29
51 57 43
51 58 89
51 59 78
51 60 20
51 61 39
51 62 49
51 63 75
51 64 36
51 65 75
51 66 51
51 67 87
51 68 14
51 69 57
51 70 59
51 71 5
51 72 25
51 73 36
51 74 19
51 75 26
51 76 32
51 77 40
51 78 55
51 79 80
51 80 56
51 81 82
51 82 39
51 83 82
51 84 8
51 85 17
51 86 85
51 87 52
51 88 75
51 89 31
51 90 47
52 53 54
52 54 44
52 55 49
52 56 4
52 57 63
52 58 22
52 59 27
52 60 38
52 61 85
52 62 61
52 63 46
52 64 79
52 65 86
52 66 82
52 67 63
52 68 62
52 69 37
52 70 87
52 71 89
52 72 33
52 73 14
52 74 72
52 75 87
52 76 78
52 77 28
52 78 16
52 79 80
52 80 5
52 81 33
52 82 59
52 83 32
52 84 38
52 85 24
52 86 67
52 87 68
52 88 81
52 89 0
52 90 49
53 54 20
53 55 22
53 56 47
53 57 17
53 58 63
53 59 67
53 60 31
53 61 52
53 62 67
53 63 72
53 64 88
53 65 45
53 66 63
53 67 47
53 68 32
53 69 57
53 70 65
53 71 3
53 72 49
53 73 5
53 74 45
53 75 36
53 76 59
53 77 65
53 78 40
53 79 60
53 80 43
53 81 6
53 82 1
53 83 80
53 84 37
53 85 2
53 86 23
53 87 1
53 88 72
53 89 62
53 90 37
54 55 45
54 56 40
54 57 32
54 58 12
54 59 18
54 60 62
54 61 39
54 62 61
54 63 20
54 64 67
54 65 37
54 66 66
54 67 69
54 68 24
54 69 26
54 70 77
54 71 6
54 72 88
54 73 52
54 74 58
54 75 55
54 76 7
54 77 14
54 78 33
54 79 37
54 80 9
54 81 86
54 82 34
54 83 13
54 84 2
54 85 69
54 86 18
54 87 56
54 88 83
54 89 14
54 90 62
55 56 50
55 57 21
55 58 65
55 59 16
55 60 7
55 61 6
55 62 35
55 63 43
55 64 41
55 65 37
55 66 1
55 67 28
55 68 75
55 69 35
55 70 65
55 71 59
55 72 59
55 73 21
55 74 50
55 75 13
55 76 86
55 77 4
55 78 58
55 79 38
55 80 48
55 81 31
55 82 29
55 83 30
55 84 84
55 85 79
55 86 75
55 87 49
55 88 23
55 89 47
55 90 23
56 57 86
56 58 86
56 59 86
56 60 36
56 61 46
56 62 15
56 63 4
56 64 56
56 65 10
56 66 71
56 67 4
56 68 89
56 69 13
56 70 36
56 71 58
56 72 43
56 73 88
56 74 5
56 75 75
56 76 32
56 77 33
56 78 67
56 79 25
56 80 75
56 81 28
56 82 84
56 83 47
56 84 57
56 85 29
56 86 79
56 87 68
56 88 47
56 89 22
56 90 79
57 58 13
57 59 62
57 60 58
57 61 66
57 62 47
57 63 87
57 64 9
57 65 5
57 66 83
57 67 88
57 68 1
57 69 28
57 70 70
57 71 15
57 72 85
57 73 58
57 74 30
57 75 28
57 76 5
57 77 45
57 78 67
57 79 81
57 80 38
57 81 66
57 82 79
57 83 57
57 84 63
57 85 31
57 86 55
57 87 63
57 88 87
57 89 46
57 90 83
58 59 41
58 60 87
58 61 86
58 62 58
58 63 19
58 64 82
58 65 18
58 66 42
58 67 2
58 68 38
58 69 39
58 70 24
58 71 34
58 72 52
58 73 62
58 74 25
58 75 31
58 76 30
58 77 89
58 78 38
58 79 24
58 80 52
58 81 58
58 82 86
58 83 38
58 84 7
58 85 49
58 86 51
58 87 49
58 88 85
58 89 72
58 90 83
59 60 57
59 61 71
59 62 7
59 63 39
59 64 65
59 65 8
59 66 6
59 67 53
59 68 32
59 69 18
59 70 23
59 71 5
59 72 18
59 73 4
59 74 75
59 75 10
59 76 19
59 77 83
59 78 19
59 79 76
59 80 7
59 81 20
59 82 80
59 83 87
59 84 25
59 85 8
59 86 32
59 87 30
59 88 64
59 89 86
59 90 34
60 61 14
60 62 9
60 63 68
60 64 89
60 65 10
60 66 84
60 67 59
60 68 79
60 69 0
60 70 70
60 71 48
60 72 34
60 73 31
60 74 4
60 75 52
60 76 9
60 77 70
60 78 80
60 79 6
60 80 31
60 81 34
60 82 82
60 83 79
60 84 62
60 85 38
60 86 60
60 87 13
60 88 41
60 89 88
60 90 73
61 62 5
61 63 16
61 64 81
61 65 81
61 66 49
61 67 17
61 68 82
61 69 38
61 70 74
61 71 82
61 72 64
61 73 18
61 74 87
61 75 76
61 76 61
61 77 45
61 78 78
61 79 65
61 80 79
61 81 64
61 82 19
61 83 88
61 84 22
61 85 80
61 86 74
61 87 26
61 88 58
61 89 14
61 90 59
62 63 6
62 64 11
62 65 69
62 66 87
62 67 16
62 68 79
62 69 69
62 70 79
62 71 18
62 72 7
62 73 23
62 74 63
62 75 56
62 76 71
62 77 48
62 78 32
62 79 56
62 80 9
62 81 18
62 82 49
62 83 62
62 84 79
62 85 58
62 86 57
62 87 20
62 88 10
62 89 82
62 90 49
63 64 26
63 65 30
63 66 80
63 67 44
63 68 29
63 69 15
63 70 29
63 71 26
63 72 82
63 73 30
63 74 9
63 75 38
63 76 62
63 77 57
63 78 20
63 79 69
63 80 2
63 81 46
63 82 46
63 83 57
63 84 30
63 85 42
63 86 72
63 87 2
63 88 48
63 89 72
63 90 74
64 65 64
64 66 70
64 67 11
64 68 74
64 69 8
64 70 79
64 71 82
64 72 7
64 73 49
64 74 86
64 75 51
64 76 85
64 77 82
64 78 66
64 79 47
64 80 30
64 81 15
64 82 18
64 83 2
64 84 18
64 85 66
64 86 7
64 87 77
64 88 83
64 89 45
64 90 70
65 66 88
65 67 69
65 68 42
65 69 88
65 70 79
65 71 82
65 72 74
65 73 0
65 74 61
65 75 71
65 76 51
65 77 8
65 78 78
65 79 13
65 80 80
65 81 72
65 82 51
65 83 2
65 84 46
65 85 77
65 86 50
65 87 87
65 88 55
65 89 70
65 90 60
66 67 12
66 68 44
66 69 13
66 70 15
66 71 50
66 72 34
66 73 69
66 74 20
66 75 71
66 76 48
66 77 20
66 78 7
66 79 73
66 80 26
66 81 64
66 82 24
66 83 78
66 84 35
66 85 15
66 86 36
66 87 35
66 88 62
66 89 22
66 90 28
67 68 16
67 69 38
67 70 51
67 71 17
67 72 22
67 73 49
67 74 64
67 75 14
67 76 71
67 77 0
67 78 56
67 79 68
67 80 26
67 81 88
67 82 26
67 83 74
67 84 68
67 85 17
67 86 60
67 87 17
67 88 36
67 89 57
67 90 69
68 69 76
68 70 8
68 71 72
68 72 17
68 73 15
68 74 68
68 75 30
68 76 64
68 77 75
68 78 23
68 79 14
68 80 41
68 81 36
68 82 18
68 83 2
68 84 87
68 85 84
68 86 59
68 87 25
68 88 41
68 89 43
68 90 85
69 70 46
69 71 68
69 72 35
69 73 33
69 74 86
69 75 72
69 76 0
69 77 5
69 78 33
69 79 38
69 80 44
69 81 58
69 82 5
69 83 78
69 84 52
69 85 72
69 86 60
69 87 15
69 88 58
69 89 60
69 90 4
70 71 87
70 72 18
70 73 60
70 74 79
70 75 67
70 76 22
70 77 26
70 78 83
70 79 69
70 80 50
70 81 80
70 82 89
70 83 89
70 84 74
70 85 36
70 86 32
70 87 67
70 88 19
70 89 29
70 90 17
71 72 72
71 73 6
71 74 37
71 75 42
71 76 64
71 77 37
71 78 61
71 79 14
71 80 35
71 81 66
71 82 58
71 83 29
71 84 15
71 85 0
71 86 47
71 87 12
71 88 53
71 89 0
71 90 15
72 73 59
72 74 68
72 75 31
72 76 1
72 77 56
72 78 3
72 79 40
72 80 39
72 81 43
72 82 36
72 83 64
72 84 73
72 85 25
72 86 9
72 87 23
72 88 1
72 89 32
72 90 73
73 74 56
73 75 30
73 76 83
73 77 21
73 78 57
73 79 51
73 80 20
73 81 88
73 82 85
73 83 89
73 84 6
73 85 53
73 86 81
73 87 67
73 88 5
73 89 10
73 90 19
74 75 89
74 76 21
74 77 0
74 78 42
74 79 43
74 80 66
74 81 73
74 82 42
74 83 64
74 84 12
74 85 74
74 86 60
74 87 78
74 88 68
74 89 8
74 90 73
75 76 78
75 77 4
75 78 84
75 79 73
75 80 63
75 81 34
75 82 37
75 83 27
75 84 76
75 85 30
75 86 34
75 87 44
75 88 19
75 89 1
75 90 79
76 77 87
76 78 89
76 79 57
76 80 57
76 81 16
76 82 11
76 83 6
76 84 81
76 85 0
76 86 88
76 87 79
76 88 52
76 89 78
76 90 25
77 78 30
77 79 30
77 80 81
77 81 18
77 82 71
77 83 17
77 84 1
77 85 19
77 86 17
77 87 52
77 88 15
77 89 34
77 90 36
78 79 55
78 80 76
78 81 19
78 82 56
78 83 78
78 84 47
78 85 63
78 86 75
78 87 85
78 88 70
78 89 38
78 90 69
79 80 18
79 81 87
79 82 87
79 83 72
79 84 27
79 85 48
79 86 70
79 87 53
79 88 36
79 89 32
79 90 25
80 81 61
80 82 34
80 83 0
80 84 68
80 85 38
80 86 60
80 87 3
80 88 48
80 89 75
80 90 77
81 82 53
81 83 89
81 84 45
81 85 42
81 86 3
81 87 54
81 88 17
81 89 53
81 90 17
82 83 24
82 84 73
82 85 38
82 86 9
82 87 85
82 88 89
82 89 26
82 90 39
83 84 80
83 85 69
83 86 49
83 87 31
83 88 5
83 89 77
83 90 73
84 85 62
84 86 33
84 87 53
84 88 75
84 89 47
84 90 19
85 86 33
85 87 47
85 88 12
85 89 2
85 90 42
86 87 46
86 88 52
86 89 52
86 90 6
87 88 22
87 89 61
87 90 69
88 89 4
88 90 76
89 90 83
